279131465
278969103
278949725
278837898
278690040
277914857
277591154
276813746
275945830
272392514
271317437
271317432
253365659
251930952
250335067
247289995
216090600
203945356
200010691
195954696
195954683
195801317
195541262
167613989
154245459
154245455
154245451
152789562
88000560
72851522
59432595
58067806
49196805
28292286
27973492
5812797
1007137
967518
437390
430853
279217765
279165636
279023733
278714408
278370738
278130729
277562802
277313164
276428706
276375318
274188203
273977140
273623133
273587870
273476013
272844496
271436411
271070921
270445106
257901322
253237308
216987350
214856873
203945340
185654074
185654061
181454076
181224489
159050455
158868244
59262644
50319323
49640363
24594323
22634382
5413743
4790483
3306063
2385283
1408959
279269694
278831811
278519643
278146949
277931505
277555223
276182990
273959746
273949794
273623144
273441520
272185225
271479894
263482032
253365432
252849446
248361344
242504860
206561004
197337592
191630775
188576645
174608331
169379519
165021229
163021164
154157968
151950484
129911450
106700958
103404677
96927693
76737958
75983578
48492401
31993279
23433003
7245851
691542
403739
278713510
278228996
277381285
277313130
276528423
276437078
276428714
276017068
273534907
271409176
270766752
262656596
262055844
252166884
247901010
247564780
220729428
217353267
215040210
214753084
207332206
205573682
205005129
204301977
202797470
198858914
196048639
193925930
192950410
192410791
188299186
175721568
59262648
41540727
25130518
20447461
4718543
568814
563162
452300
278453249
277996907
276744236
276437084
275929676
275506098
275498435
274073545
274057507
273847884
272048109
270786843
270744473
270228691
263697212
262055837
262055831
255306227
214856695
209904889
206205156
204056624
200850857
195186554
185851699
185405692
185405674
177835315
177833753
177830944
177518931
177518690
177495141
177493768
177466600
177325666
159974171
115694638
109166924
51111135
279311678
278713782
276611669
274034125
273958139
272830121
271488708
263104258
263101221
253071171
251999566
249778319
246032576
216354074
204302118
203945352
203945291
194787161
185654057
185654051
184226854
181224600
173423918
173383123
172176207
160691594
160691576
137440323
109957468
106712635
105663913
92010035
76480258
36371236
36368630
26300313
25073118
11510243
2664837
2624291
278993542
278715301
276437082
276103371
276017008
275926927
274033254
273989391
273725450
273678340
273534888
273503574
273502433
273357021
272345597
271529198
271528786
270660298
263697152
262423435
248199269
212324072
210145446
204302122
200851299
193900933
185654066
185405680
177830747
177496050
177495579
177467671
177336996
170490624
111491778
71682161
59556813
32156577
10367908
6925225
279268936
278865952
278617402
278115999
278010946
275106577
275105917
274247824
274033047
273981992
273981958
273819172
273819012
273398977
271999140
270853803
270845335
263206802
262055853
253059474
247933414
246149904
216354077
204642778
204301973
196579557
185851707
185654076
185654068
185405684
181224839
177827638
177351688
158868248
138313949
23405601
23196782
19297943
12284667
396614
279274239
279268717
278148909
276377742
276377681
276063125
275506157
274806018
274655808
273669146
273398978
272497508
272395529
272148674
271336462
270744997
270445110
270300653
270182241
263956971
252279616
247565468
217387172
214515206
207503125
206667808
205697331
177835833
177496144
177492769
177443186
177334565
177332332
177330199
137271290
136483014
115694697
109138701
57040111
23414232
279236130
278993518
278148903
273851981
273690574
273398990
273386454
270711374
270182167
263956560
247892254
247564809
246151760
203945362
200771981
196280105
196219859
190108457
173890855
173890838
173890569
160691564
160691511
105231718
91296005
48980086
25413067
23416705
19638756
19638614
19297941
6925151
2939751
1524349