278241138
278128847
277522350
276951964
276526159
274792660
274397292
271014726
270483781
270483737
244303528
242835268
242086747
225910739
225910737
225910731
216281409
195624189
182983718
176045962
169489772
168293399
165992295
145641462
127564524
120790298
109515310
109515306
109515304
93333163
85029033
79126526
75511014
75510971
50904568
49502469
8142364
3556901
601472
543243
279163648
278853366
278280175
278002824
276693707
276379402
275057833
274849886
274612287
274567411
274547870
257770240
251521225
242835301
242835281
242086761
225910745
213571976
208061132
198568813
193701771
193412950
176251411
176040010
173515466
133939074
120790296
120790286
110850691
90800330
75947338
51903714
19913959
18067877
16422590
15186752
8149234
1534413
570856
545288
279189855
279054452
278882326
278627036
278627030
278138122
278070698
277812173
276796858
276691628
275300041
275020110
274862970
274862960
273574380
262991334
225910734
198577055
198090652
196854321
193433464
193411731
177317189
176943941
174302495
159897097
122901564
113528938
94150025
84651734
71091116
71091114
69613572
43857823
31515831
18544822
18081150
16422520
10705656
829904
279123725
279098725
278969119
278425154
278109091
278101947
276178427
275878740
274792661
272739346
262590129
261946950
261833563
247980625
246851495
213741412
208100036
199104672
198090794
193419124
193411642
184042330
182308559
152348378
133949620
120790290
110850687
105534366
93333165
79126571
47799414
16422576
1585269
829908
760562
543246
525079
521789
431899
431881
279116017
279077270
279077264
278943215
278582685
278089302
276949151
275583072
274862964
274838101
271510601
267179127
253363139
251921168
249576435
225251247
208099706
204815935
203150093
201308076
178226094
143952205
120790288
110850685
84469227
75947312
58695339
20486549
19913963
16422544
16422500
7976704
829906
551081
548974
545279
545165
454907
431816
403807
278969113
278882333
277344195
276348868
276178450
273520281
267179135
263693617
263084625
252069140
242835307
225910733
224921577
201794984
195624229
194088317
182300176
176043499
172915739
120470887
90800323
75947332
75511010
62860048
51540907
29830550
23424621
10705654
8149212
8149208
708528
603919
545242
543285
454883
449573
431976
414149
391061
385366
278306875
276941451
276941416
275069214
275068481
274862936
274397287
274161125
273533181
270663185
270389836
262861727
248920000
248919842
247980686
213936029
201679161
198090840
198090821
196286354
194117138
178941234
178226037
175154830
172073033
166094383
143949022
131246953
127033453
76126072
73323016
49077850
41843988
32076382
4086381
3655911
1055762
551078
455393
426980
279098727
278679007
278674917
278236249
275068385
274419879
272222254
270925392
269894919
267186367
267179153
249347463
229701866
204433342
204208126
203399967
198424578
196157257
196068277
174827249
174827227
174827224
169818422
164465463
160585844
156109182
114945692
111842387
61799220
45902239
37747404
32076380
27828463
27828459
20486300
1585273
631250
576039
454960
426974
279309436
278836198
274792664
272740649
272407713
271510565
271510539
262870391
261946936
261946931
251447958
249940485
242835287
242086773
242086752
195624174
195624169
194087247
182300794
182300718
155286056
113528419
102559023
75947316
75510982
71091121
64660949
58695351
48992900
42843245
31954748
28057003
11502547
11130625
11130617
11130609
11130599
11130597
570846
459532
279309558
279145528
279116019
278882876
278882856
278507899
277989640
277778498
275337461
275067541
273586461
273577955
271510631
271510569
271510517
260967847
253113228
247879453
244303541
242086745
217123664
214730657
204210588
202379529
201829054
196389793
176005800
174248634
169818448
158763262
133939377
62858107
58547349
58493545
32076384
28727437
19913955
1661209
475553
426976
278575614
278507921
278306887
276912445
276912444
276585186
276389355
274527028
273597746
273411238
272557038
270981732
267179159
262646164
262292661
248920615
221225178
196514446
196292032
185854299
179726365
179371950
178777222
176921742
172907630
135754397
115794818
115754233
113338706
93327791
91552305
77220856
64658461
26147170
21508572
11130605
3556907
3556905
564640
402811
278631298
278507887
278306885
278306877
278014926
277745469
271510627
271510529
271510519
253106173
253104729
252585137
208099708
201145807
196292024
194087267
193895841
192950791
164960507
164500489
155995174
155286414
89204259
65095966
64663140
64661929
34922755
28057001
27828469
27828465
27828457
16422498
11130615
11130585
11130575
2664829
1724683
1661211
631340
631325
279145523
279145521
279123719
279123711
278857072
278508007
278241666
278115853
277836331
277780103
274862958
274567509
271510547
271510521
270846206
270659457
255612007
252585229
251395250
251395174
242835303
229715535
203449938
197857738
195881250
195881223
195624239
182300009
169818530
164493152
160585692
155286389
155284703
109661678
77230955
75947320
75510973
28057015
28056983
4317415
279285912
279165085
278868572
278747165
278306883
278306879
278306873
276827317
276392477
274670238
274547799
274142016
267179143
263022264
249601199
248920362
227973186
225907090
201308060
193445832
182708494
177208953
155975101
143952566
127032404
113338198
111440328
108280536
103118404
37745971
24692571
15186754
14513947
12477244
11130613
4086379
3665161
551075
448196
402805
278507903
278507822
278507812
278507808
276949142
272407630
271510651
271510623
271510613
271510573
252949113
242086748
201121541
198569052
198568621
195624202
195624158
169818644
102558855
90800325
77548525
75510981
62702775
59282413
27828476
27828473
27828460
22980656
21508574
17369998
16422574
11259261
11130623
11130611
11130607
11130593
2054051
631278
543286
475982
277884279
274567714
273897413
273787461
273419981
272407735
271959424
271510647
271510619
271510577
271510534
269894915
262915622
262870398
252585181
252585126
249866267
242086770
242086767
198572981
197633814
194087284
194087263
153921863
152347998
120790294
96369744
75947340
58533781
48399095
28057013
28057009
28056999
28056987
28056981
16422456