279296691
279154595
278759962
278759960
278759892
278229701
278229674
276688603
276292287
276156320
275239461
275239433
275239414
275238368
274061135
272318360
271329354
271265072
271146573
270306122
252240934
247450649
213864698
197781642
190156826
189601518
187409255
186826482
175154544
141821396
132096671
108983229
88248974
76120523
75833008
74690327
74687439
72454858
72223641
72026705
279296726
279296699
279296695
279165253
279165247
279165235
279149739
277739161
277738984
276688622
276347129
276153150
275238930
275238737
271269723
270854274
270299273
253058488
197954854
195028701
163132830
145396925
112059660
108989705
108989411
108987312
103774150