279082449
278035268
277400773
277361862
276642618
275909699
275875006
275702538
275212810
274455494
273316208
271218688
271118010
245787181
208198122
205010302
203937562
200851515
195531396
189336449
170708211
153045603
150838230
114451807
78975610
77109209
76013378
53728878
33492447
14684312
14683083
13333355
12138656
10866297
10227722
10192047
9687416
7021477
2542279
1938895
279023211
278961379
278462795
278443307
277526028
276713390
275462417
274807860
274807852
274630374
273569038
272405379
272352419
272349551
271479936
247264724
221229411
217124703
200852589
138226289
104908288
75630591
74173572
67991602
58268249
33596834
32543726
12141298
7958959
4875531
3031993
2796923
2542273
1914679
1750249
1699263
1681473
1525327
1085104
1006197
279213881
278446332
278377286
278247179
278089724
278061940
278035269
277320551
277181328
276840998
275900270
275353882
274836102
274101256
272349549
271731151
271461100
270660559
214160510
201032341
193439376
192909302
181908086
181131214
175845415
164921979
148856051
138504792
95220861
73166878
67991610
58696234
56207379
54928497
52064578
37118918
14453290
3083805
2734407
442032
278896304
278631534
278169526
277342601
276509018
276509008
275900071
274807855
274610068
274132945
273383960
273134920
270660457
212961320
196284170
195801307
178032065
157708643
126676463
106153848
77243052
49204092
48873337
37407347
36727163
34454430
21010332
10397239
8047926
7718735
6512113
2407107
2316649
1590273
1577281
1565661
1053642
1000276
446480
391666
278098972
278014950
276841003
275853520
273273816
273134989
272129446
271381318
248656082
199706231
194104222
191781259
173515430
173135272
168661082
137741276
129381098
113707063
75627527
69219921
67991600
58616753
52788684
48035325
39820452
39521136
34935355
32314553
5808777
5061485
3343903
3102749
2407105
2127711
2120185
1743865
772761
598628
419127
345465
279067201
278169641
278124945
278089725
278035266
277370135
275131782
274733053
272000446
263053851
261969114
248644116
248644102
247878730
241899630
217186745
200852596
180850900
176550197
171549967
170708223
169546331
163661511
85396173
84591604
70650709
66089884
57762732
52807442
49745197
48175675
11227915
7833001
6778697
5503089
1999163
1826115
1732659
1577283
1324477
279082152
278169530
277881565
277005604
275358226
275358132
275337810
275302975
273273784
262082108
243300066
201383195
196283632
195283660
172095010
163661592
160262893
142791750
106186736
68399020
60863030
55199168
42742283
25741601
23018700
14512212
11718100
11227913
10695080
6512117
5503097
5494043
5490667
5061489
3102763
2473637
927191
461661
435628
343014
279106463
278944151
278729989
278014692
276581366
275567562
274917137
274442120
273904847
273896962
273411910
272999616
271986257
271143902
263066347
262346692
245787191
206837193
206204433
202462019
184614865
161890006
100931416
77776681
74415736
57798819
39187134
37134921
34395335
20349466
14053720
13461073
11228280
10752049
5400025
3048153
1577287
859139
453653
335818
278813765
278446370
278293697
278169527
278029327
277702259
277375368
276826730
275337821
275178411
274473527
274455492
273911242
273896690
263975008
263968843
262346392
251577288
251256195
247264755
225907465
195192251
193439378
173347859
74620367
58696238
55636789
32701102
5503093
4216625
3598241
3020373
2776927
2299087
2290081
1704327
1352353
1019478
441272
438031
279150091
278870984
277005554
276642077
275794325
274865682
273624527
273394784
272497484
271726866
271337051
249828317
249824395
249594031
247406287
242663446
242424689
241899618
226463965
212977637
212213127
203433791
182756917
160371987
112549236
53240957
49459965
31207368
29810874
28475390
11222058
10669290
5103397
2917519
1354113
1352349
992007
602458
558066
474796
278837915
278489158
278357224
278147610
276833320
275196434
275005617
274892755
274132937
273852749
273452427
273447219
273409092
272000442
263023509
253304132
247686079
241758784
206334887
200851521
192950871
190467246
178500859
143200373
137592508
127215948
110670727
109776146
52399985
38057417
36701456
33596830
12288804
5061505
4393167
3859117
3284717
1831617
1565657
433545
279122787
278894454
278838021
278719427
278603019
278274616
277922533
277416552
277313227
276375233
276150991
276048853
275952072
274949989
273823829
273635488
263066292
261943014
253229867
250264392
247322750
195801642
179563236
154441700
142791765
115978013
109776163
71078800
54927356
37134846
34452531
31207517
4319337
3483093
2917513
2407115
578817
433549
411890
409928
279039437
278856463
278837072
278119418
277837463
277482440
274996954
274061123
273891713
273634044
262830238
198414177
194186820
190755678
147974832
141757461
107350113
76657372
57771332
54927333
50703974
47273271
41131983
37216847
36702115
22168242
21927039
6543923
6512125
5400039
3859127
3343901
2064065
1656013
951563
826459
687551
515857
394000
345391
279203523
278681978
278489415
278327688
277018119
276963889
276833384
276112007
275068757
274966435
274403426
273844586
273645661
272438351
263978030
263040761
261959431
253303579
230157901
205809601
202028583
183679553
181236942
174606489
174291370
158248608
118582458
118419924
73553827
63448617
61254941
58363736
41093465
21572793
7949265
3284727
2868053
951559
682015
548906
279164457
278826847
278814722
278807588
278737256
278240432
277539439
277534647
277522348
274746814
273911638
273719500
273465924
272999620
272431259
270748278
270256872
239521737
221230186
204009105
199532600
174586732
105793951
93734068
68823444
60206687
38419971
37699900
36705096
32314557
24155178
11954686
11307126
4795171
3598231
3284729
1747359
1699269
1410655
433515
279273261
277811876
277005600
276840136
276833195
276651719
275152249
275068865
274132942
273899559
273638430
273480694
273314937
272645622
272057067
271660051
270820820
270725800
261798871
242394576
241656650
230252739
222607393
221229396
204364630
204204913
190087771
183481788
181752774
179122952
178786653
160788358
150342866
69554376
63448530
32412851
20134731
6543931
578827
337587
279269832
279261815
278730514
277911790
277436505
277005552
275227327
273609633
273457096
273311106
272361102
262066716
249286041
248764598
247346474
242224319
230252617
212562937
203841830
202475478
197655112
194182772
194104215
174312442
171095907
157711330
154294685
143858323
143277064
120183775
33492456
32404650
25037586
10168109
7440087
5065755
4995805
1339061
572054
335936
278631609
277585996
277347624
276841001
274892665
274449144
273622975
273114486
271732900
252064013
249609284
248947428
242718973
221229400
213676894
210881460
205273522
200036298
198733996
193439374
188211569
184045662
177950828
171549938
129138042
56267572
55783512
53990814
22172595
19787231
17336260
12622537
7832995
7832993
6512133
5797121
3517773
2111643
1660831
465978
278466391
278431829
278430750
278410047
278293617
277839401
276846955
275803730
274807858
274191120
274075033
273645718
273623136
272420246
262030544
221229416
212560351
200739101
199539739
198414194
189885679
187642221
180104006
161710840
76176363
68205003
45321594
39156614
37413315
37128560
36385748
32352541
32314551
32075778
20906285
15248193
8155358
4540797
3284737
2782635
278837053
278755752
278679839
278023547
277003371
276506941
276182100
275405716
275168154
273656379
273472279
272321214
271959495
263968835
253235576
230260059
216472666
201792243
197719874
197655117
179694423
176132382
84882777
73923118
54734221
48992021
41093158
37468782
19415217
11221400
10075759
6214235
5494041
2494743
1665307
1577291
886154
541214
452629
447670
278787511
278692701
278430756
278309820
278076732
277923270
277018118
277012751
277005549
276969796
276491486
275320426
274358095
273718785
273708843
272189048
271592430
251869240
248613653
248461836
221229390
217496936
215206785
146085239
135344532
113398558
90146904
76601014
71981417
68267303
48635406
40849005
31207336
19787385
12221362
8840449
1747349
1732661
742137
442504
278370553
278249455
277585975
277520293
277304965
277005650
277005590
277005568
275569822
274146594
274040857
273929037
273896675
273725264
271782735
262936774
262034961
257831430
253235032
251790374
251281645
222537531
214822899
212323937
195801313
192322044
189558331
189494344
188903593
181927336
174308428
157708630
137968282
127032599
114944610
84875735
53693493
44225214
9773571
407499
278938891
278718519
278242677
275275507
275084579
274354852
273963436
273393839
273218423
273101608
271966500
271400740
249824397
247264740
242663528
229982604
225250835
214822414
199991097
191801177
178779797
174604722
142003333
138158730
114945629
73346752
58272316
41092401
39135119
34863334
32037711
14712416
5103395
1577289
1511495
601605
555265
446207
433513
362333
278578123
278223445
273716293
273714137
273509720
273296389
263066213
262758473
261839128
259568565
259564154
253227091
248613739
212474254
208907115
205279736
193439380
177975633
152920362
149974912
86532025
79555994
68129995
54048657
42843257
42681205
38292197
38292135
31207450
24366476
22172609
10693891
5797113
5494047
3311723
3159409
1826443
1085098
596264
558408
279048328
278903784
278497669
276799214
276569481
275603970
275005715
274472846
273676107
273669170
273645728
272845306
270502022
263097021
262464161
252857458
249384647
235886570
229766123
214908398
201015719
152785720
147058061
77111818
72680632
68130578
58209232
38436478
31207466
14334575
8011017
5061497
1747357
1660829
1016172
580549
570522
539754
396978
336021
278037546
277463300
277005648
277005646
277005640
277005556
275890756
275196752
273880619
273697255
273690604
273378044
272966764
272155462
270990685
270716159
261834637
253264533
253263632
252460356
215745984
215739426
214498226
206206017
204057118
199519377
191769390
181990463
177280211
177164310
157708635
114944783
113706786
91121910
50326069
28445236
574849
433524
342437
278944154
278642831
275259634
274781997
274117940
273899814
272048153
272048043
270850449
270128755
265546785
263072172
259568574
259567812
221229397
213969414
202425483
201794648
198779850
178032063
165245336
77111618
76217401
59521890
57767474
56750842
48587150
48557470
37118922
20319231
14462527
10372928
4561921
1625603
1577279
719135
433536
357210
335935
335501
278430794
278274635
277018116
275794481
274314732
273904619
273399312
262808756
221230170
215383345
212476347
194033659
183721036
131583182
99076561
75630595
68267305
62256383
56949991
36650031
34230855
30886073
23835593
23404359
20134733
20073202
19774808
7491561
5061499
2027775
1933181
1660837
1085102
1016402
952146
927193
773389
683224
475304
436924
274970366
274183515
273718982
273511988
273382338
273296387
273220227
273219388
272567041
272198255
271330682
262781806
259568567
254021858
250509346
213675094
202879374
202425645
191063878
92653355
90937020
73165396
53495949
38292938
37468698
37216381
36700799
32975798
29907146
24956870
4549511
2254435
2128471
1985735
973542
951569
773442
515855
410963
391464
278944156
278896938
278840110
278838087
278813698
278740279
277911793
277521053
277399969
276547668
275360865
275342171
275271042
273929004
273716221
273443154
271954179
270842960
253304922
249883301
248978922
248684611
246162034
230348544
230252439
229766056
214856656
212993196
208121938
207296748
197218774
195714468
191260984
154312531
135349167
114945750
84875585
69543210
41883305
26076336
278964879
276620535
276563000
274389418
273467790
270714743
262793351
262664328
254021864
252387163
247750861
216462016
216231980
203862701
200617421
197634201
191371089
173550219
163149655
159242348
157703815
112505826
110097580
101488032
88911742
32352076
10694714
10604365
5440953
1746351
1036474
986274
656883
578839
573793
497027
475795
420020
403564
339431
278790518
278446118
274989158
274970375
273911667
273246215
273101439
262758475
261813301
261800090
261113260
260107931
259513054
245770275
212992266
212476319
184415399
129381084
127031761
117315755
90147562
77197613
75639710
56909319
56796545
55207616
44911503
41092629
36702091
36700850
31207378
29810907
11626065
7491461
5869379
4366987
1738453
1205109
1085106
574926
277870024
277521144
276840120
276685451
276607961
276066995
275972779
275504122
275406028
275406022
274960926
273162566
272438306
263804249
262758471
254083139
253264771
206672808
205954424
188211599
185206107
157711376
153539123
124170815
73433842
72668430
53974228
41294593
38445708
32352113
32351770
32075770
25189709
12666288
11221398
453349
437402
433334
406565
384801
277005627
277005626
277005624
277005614
277005596
277005576
277005566
275492284
275354412
274143470
273550491
272732799
272028263
262791897
262522954
261823263
252869739
249683184
248191568
248110988
248081388
247867708
230346691
230346635
215737247
215389497
214822895
211958511
210428965
207024036
205015780
204421305
204288458
183682217
178708236
119309082
92551357
46449909
18030270
10591627
278458734
277005586
277005574
277005560
275209114
274806326
274805974
274508555
273667422
271888300
271343835
262785346
253247698
253148104
249883318
244299263
215745991
215745892
215745890
215580073
215561865
207752349
197417287
189462551
189064635
188784843
181924718
179141941
171451347
164077712
153978068
139970184
88911773
88875352
87910889
67199806
41887218
41886653
37169826
18013090
279257949
279218593
278639726
278639391
278631597
278458772
277987923
277736323
277561609
276928260
276797016
276736373
276306367
276224167
275838954
275573276
274178436
273647922
273466975
273442497
273441366
270907995
263956451
263060099
253269139
249007388
248460917
248460028
246164155
244332428
214091707
212939341
209399527
201363417
190708147
174830035
171091396
150873280
150872897
69611570
278938174
275588985
274543732
273712929
273549605
273381180
272431221
272209567
271312086
253300486
253300483
253284347
253264206
253263807
253235367
248708605
215748760
215748727
215738440
215738318
215738226
215548520
215379278
207641902
203844145
203764276
201145643
201003643
199532602
192275849
179534943
179159214
172163221
157711336
137442554
119102613
118526682
38139084
34445751
17049674
279149853
278730204
278043081
276651733
276075014
275115371
274445145
273709779
273676873
273505889
270153337
258509475
253303563
253258213
253255804
253252727
252649311
252402452
252302305
225215571
217382593
215738444
215556643
214822693
210943157
207983689
207336621
203986041
202723037
195623762
190467805
171905388
167615220
157708655
137971591
113527565
97857741
20349534
7051473
931101
278589432
275377610
275351550
275331695
275296090
274892743
274713831
274455447
273666773
273482580
273461866
273441356
272276117
263337952
263088263
262636271
262042922
255176091
252182637
249824393
248082667
246853539
229809638
229809634
215382269
214822435
214822420
214821669
201120305
194835821
194582995
191058610
189203540
188374513
188322065
180956501
178572266
174782113
174292751
135785688
275349819
275275288
273680278
273641958
263752876
263486500
263097933
263088261
262817117
262782805
262464463
252798904
249693206
249024635
249019837
248329303
247906125
247264587
242718969
242511967
242511818
230348555
230252288
230203344
230203316
229765090
229764928
215748756
204771674
203200992
200521250
198957982
195542641
189468546
188585349
180591823
178535736
164077720
137564229
114944318
278597424
273787060
273667134
273568765
273359033
262782825
262042908
260819472
255176085
253237841
252798782
252563652
249019723
248329308
247269935
247060862
247017444
247017437
246145008
243091077
230256864
230127643
230054608
229984857
229982808
228597195
228591896
215639700
215639696
199870057
165256047
164077710
153957292
149799347
129937262
120183174
115129055
112502961
96352925
51118232
278639531
277926748
275306783
274875001
273457259
273443668
270504365
270130059
270113314
263040794
257835471
253229872
253229863
250078226
248502055
247401735
242628145
217386067
214856861
213705839
212053639
200982792
200982685
191513126
170924396
167422794
163476345
80091984
74645445
73209721
72917792
69545326
67240829
55200923
52589874
43834355
36702413
19583164
16987809
6999479
279260309
278837796
278631542
278528144
278237894
277911784
276525456
275971955
275342147
275342104
275084852
275084712
275036202
274998527
274274756
274088666
273356734
272845218
272497613
270139838
270133142
263097361
257772681
243204017
230257176
215116781
211280393
208223988
200982693
181770296
180584813
112529973
85923325
82523902
56269220
46466360
39114565
34563529
23544613
22056560
277921250
277407184
277388087
276833238
276822751
275863857
274929974
274680853
274571652
274497028
274033157
273897568
273353120
270716251
270235374
262688312
249007488
247264763
213468143
207565823
200646207
198380596
173885331
77037587
73192781
68586413
36941042
36650029
28714988
22755679
20620120
14660323
10335905
7082563
2494801
2386569
2063221
1746353
373890
352637
279133644
277554260
277496957
276644172
276391232
274686229
274598261
274370483
274363789
274145492
273467271
273296461
272244056
272242857
272183051
270975634
270223287
265537031
262745344
241759617
215423688
213864653
200005454
177860506
176777538
162133040
160394517
133226839
75628253
74038547
44893659
20275422
11227911
2494813
2386709
2386571
1673525
1028025
369215
343554
275479981
275323891
274875194
274558921
273456940
273422800
273381987
263968956
261943938
261028481
260941408
259567816
255175266
252138307
230309425
221229393
213968871
213490196
206241738
199532583
160684953
151950439
118796498
98381064
97858185
73633330
58810064
57766321
57018397
54052189
53991190
53902573
48362459
35855829
31170200
30886366
4538057
1746347
1656017
991941
278929446
275327991
275272921
262936157
261993416
261993414
261024462
260819793
253462144
249605076
248495458
212992171
196853840
183233661
143144369
55831824
37131641
36368539
36205678
32613953
32352535
31207506
31207330
31207319
31206248
31091796
29810066
29676738
23291586
23024358
22482249
21927037
21709408
20134725
16966101
10175115
3311719
3048151
2120375
892675
279296280
278430788
278164827
277585973
277018138
277018134
275315063
274588325
274025064
273746352
273657950
262055027
261944293
261815784
261799944
230312347
213680506
206784518
205813488
203927527
197906965
184410230
147884859
133618985
116073868
53903591
49058089
39854986
39079109
37497821
37468750
37134983
36835569
36700829
32002188
21922436
20134737
20132860
3311725
1738467
278629821
278462844
278443286
278292148
277447058
275323866
275068679
274588344
273719356
273718975
273498247
262061393
261024585
260941410
259513058
213598891
200630872
195311878
173807750
137941518
58232528
54866787
38057677
36788307
36702027
36701155
36701065
36434479
34555992
32352117
32352068
32075166
31207464
31207249
30886476
28932169
20132848
19390976
2917511
433772
278190571
276079785
274970018
274970012
274919766
274892673
273911711
273910322
273498517
270625506
247896850
247324362
221229410
213598636
209900340
188048907
184475374
164931526
137825850
58134522
57771362
43105892
42843043
42598802
41931955
37134987
36702121
36700934
35129711
33741735
33343266
31122061
22482285
22482261
22367405
14134321
5502737
1527515
576654
467815