2921297
276645920
272392495
275863875
201106832
276645906
276645911
417393
276645914
279186446
188665517
275091930
272227443
248363351
107539397
192453310
137486331
94713143
276453966
278625964
74178205
278078266
277463313
274890405
111197275
155880546
273285091
279082347
273039875
276666422
21240313
276553918
276482884
128341897
270743888
107707554
274890426
271997510
275902805
274357098
77718470
276482867
34956346
128782389
252857450
165703633
136753150
72301892
270545866
21238295
2920065
249488225
276482873
276643762
216867001
276188331
252580153
21240323
69660314
149970539
276348837
276136469
278607586
439673
21240845
275263095
525161
274948121
274191468
77753673
225386594
1496067
270883882
242325812
277727215
159863478
243244930
252581734
276492312
276950391
278805578
186608948
276508792
395103
21956759
276492082
139040933
274150640
277505267
181567305
166156790
21240329
1496069
178952526
263401223
21239126
278957927
275092083
276178595
181568322
271075618
1598313
278378477
270302296
253152738
251454585
253152716
192452439
225206347
276136565
278580375
241253936
22132171
278465688
273201050
271966712
272497631
859276
278378505
205506569
248619245
21956774
275126639
273481314
271070726
275091965
111367348
250097983
273387100
192452455
185855394
21956757
275121144
165700208
275125969
275121138
278749225
253097507
272032821
270747998
279082704
205807367
271378823
221516854
165679156
188285272
21240337
274937319
214150614
274315747
277933964
275091952
23520217
272247114
273176382
257313452
270481841
274029480
273658282
214192555
109776171
202664369
250060680
181929653
272433453
270711438
271314633
212993206
214611380
252578371
212927956
252585740
181379141
21958582
21240321
205807371
198448918
277574281
153915599
274937305
188281615
253552828
270959232
181568377
274948131
275045583
275121214
275128619
275110908
275121115
276492086
279145248
270988539
198027333
263034067
254139266
252578283
270546254
275128826
217868546
105376030
212993208
276645926
146274577
276482874
276482879
21956789
165701157
99972472
276482872
243246054
165700081
212927954
278672913
165769137
181929655
263107011
274970175
275111085
276611221
276656442
253160418
249693642
255410126
272806723
250006652
170312082
275822452
182980958
277934126
277933958
279266959
276482870
273516592
189558270
275892651
253314242
253409853
272111697
253134455
277463315
109322391
261985947
270546127
249575649
271497897
277463321
104558883
190167183
22052742
82517454
48309946
279266952
247921302
165703620
252585608
21956728
252585914