279155469
279155443
279042135
279040910
279033936
279031495
279030243
279026836
279026382
278788956
278154013
278153883
278153781
278058750
276827022
275619782
275618614
274676295
274674056
274419134
274144009
274144007
273324331
273308062
271441782
263202736
262871808
262706976
262651497
209388013
208778590
195994083
195994070
190705743
184476554
118522613
115754298
25201800
531757
424917
279155439
279155433
279143564
279042061
279042039
279041621
279038472
279038404
279035029
279032183
279031445
279027879
279027471
279026626
278864216
278719503
278714777
278609838
278153923
278153859
275961217
275619661
274957699
274364854
274144017
274034163
263099026
262706926
251983727
250340605
213788643
213788298
184240879
116567146
102758355
48755285
41876169
32222097
25205331
25205118
279041026
279032948
279032695
279031375
279026228
279025713
278830992
278810827
278792819
278705907
277499650
277404062
277370474
276797153
276797084
275626184
275619411
274420396
273308598
272226131
272225963
271542211
271477088
271288815
270052828
267258546
263395040
263085371
250076589
248703408
215540788
198495159
198285257
197652327
194086878
193878314
191780028
117375094
55422974
36316060
279155455
279045812
279042677
279042021
279040225
279039295
279037476
279034738
279033784
279033310
279031589
279031407
279027859
279026800
279026097
278153777
278098347
277540384
274677309
274677288
274674127
273324623
273324599
263243576
261157172
253182229
214760242
213789653
213788653
213788562
213788277
197652452
197388053
193605214
191779660
190791272
190708061
184488418
116567367
102758439
279155441
279071340
279041356
279040832
279040575
279040477
279035131
279034710
279033250
279031722
279031579
279027962
279027948
279027005
279026603
279026547
279026129
279025936
279025699
278815493
278609759
278609743
278098390
277836938
275702297
275619989
274957783
274676764
274390318
271441866
271315011
263489699
250078840
190755804
181567272
181267985
58710536
55285588
45461997
25203782
279046200
279045746
279044950
279042812
279040029
279038971
279037970
279037818
279035890
279035780
279035760
279035628
279035191
279035081
279035051
279035043
279034919
279034750
279034722
279034697
279033778
279033295
279032317
279031896
279031489
279031399
279030934
279029210
279029118
279027992
279027273
279027009
279026894
279026633
279026426
279026071
278967900
263103233
191779105
88809716
279270260
279270050
279043437
279043156
279043142
279042221
279041617
279041597
279040709
279039723
279039705
279039469
279037994
279037984
279037678
279028815
279027881
279027873
279027561
279026856
279026440
279026017
278154017
278153975
278153791
278153779
275961300
263104427
263085317
262707100
215599523
202961904
198583726
192951472
192173989
192173844
184798622
118522813
117984404
117375033
279041402
279040369
279030233
279027988
279027545
279026858
279026362
279026270
278153899
278153803
276963402
276609035
274971646
274677805
274677571
274677569
274675987
274675448
274675436
274674973
274674808
274673597
274354308
263104836
253350325
213789548
213788743
213788704
213788338
213788303
209379628
209379594
198285573
198285440
198285434
195994077
195505610
191778965
190707712
15621012
279046312
279042427
279041797
279040405
279034740
279032946
279032109
279030834
279030714
279026669
279025922
279017486
278885225
278815683
278740205
278727539
278715241
277370482
274676401
274675894
274675696
274674810
271441800
271441780
203422639
198495157
198495141
197652426
197652321
191040135
181567303
181268233
181268195
181268191
181268000
122522002
25203200
4430993
3280057
455978
279046154
279046030
279045940
279043074
279039768
279038376
279035880
279035157
279035111
279034889
279034874
279034797
279034789
279033962
279033732
279033224
279032273
279030622
279028018
279027827
279027761
279027515
279026906
279026768
279026752
279026659
279026643
279026599
279026595
279026577
279026448
278788932
278740031
275619345
274423131
274120255
270073081
44605350
35539578
25205820
279044296
279040247
279033980
279032968
279032727
279032449
279032349
279030281
279030237
279029636
279029163
279029106
279028827
279027849
279027823
279027723
279027203
279026818
279026330
278154069
278098307
276963254
274677756
263239762
263105078
263098529
263098508
262797104
217130893
213793483
213789310
213788632
213788495
198996286
190882677
74035904
55288313
29356791
3215949
2462759
279044378
279043998
279042145
279041717
279041559
279041070
279041068
279041028
279040735
279040425
279040413
279040279
279027928
279027101
279026689
279026003
278967952
278967896
278967894
278967876
278967860
278147823
278147819
277540407
274677750
274673767
270053242
263114128
263114057
263106871
262730514
198584044
193101992
191780815
181268210
118522615
117984678
116567116
102758522
25203891
279270088
279269962
279155459
279155427
279124565
279046530
279043441
279042936
279042185
279041462
279040451
279039713
279033898
279031898
279031710
279031607
279031457
279030702
279030247
278811884
278811713
278810863
278719076
278719064
274675247
274673454
274168505
263450762
263104781
209379604
205254815
198285505
198285255
197897293
197620665
196579657
195697046
190792329
190748015
462969
279270128
279200912
279124569
279046170
279042215
279041855
279038072
279032671
279031816
279030720
279030686
279028026
278885223
278812445
278810833
278810572
278775523
278724437
278717632
276797392
276797388
275587382
274957758
274675071
274142513
274141907
273324669
273324663
273324616
273324402
273321828
272558527
271301307
263450800
263450631
198495137
198495119
197530430
197530379
48754944
279046388
279044344
279027077
279026920
278864248
278153933
278153839
278153771
277540159
276827083
274677409
274675573
274674910
274674780
274674619
274674374
272619731
271379480
263241983
263099044
263098444
263056061
262706818
250078940
250076673
248703453
209379576
206715271
206715243
206248716
193109296
193101545
191779475
190755369
181268088
181268005
122521995
117375124
89481155
88043550
279046486
279044542
279043270
279040003
279039463
279039383
279039021
279038607
279037948
279037510
279035738
279035071
279034975
279034901
279034807
279034760
279034730
279034720
279033022
279030239
279030235
279030231
279029646
279029172
279029087
279027401
279027011
279026298
274673621
263179626
263179612
263179574
213789793
213789144
213788676
213788534
213788318
55288367
48755565
25203468
279042079
279042027
279038268
279038114
279038102
279038048
279037860
279037542
279036705
279036699
279034004
279033986
279033346
279033276
279032906
279032890
279032854
279032383
279032217
279031443
279031343
279031303
279031074
279031004
279030922
279029630
279028915
279027998
279027649
279027157
279026731
279026625
279026579
279026553
279026527
279026085
69323362
58710510
54513398
44605273
279270160
279270122
279270080
279269968
279166555
279155435
279045720
279045716
279045072
279041803
279041360
279040455
279027903
279027307
279026529
279026466
279025959
278719128
278719122
278719100
278719096
278719066
278044618
278041095
274676697
274676049
274675672
274675539
274674942
274673765
274354320
270053260
270053206
262706877
262469219
250059219
197652384
197530396
195697037
140629663
279155479
279155437
279043140
279041322
279038641
279038460
279037872
279037578
279037540
279035792
279034671
279034054
279032808
279030978
279027990
279027950
279026727
278586060
278153961
263055800
197620621
195994042
195696907
103475191