278637425
276231114
194861167
80927136
272880228
278637952
278769828
102757848
197951923
278788258
4759043
56538278
143787016
278691448
270109048
403195
91835951
278692599
532348
278292988
278749684
270442148
243808411
278275523
261380340
197966900
270847837
276802456
274659940
275056310
274587388
270470188
181782951
402909
279012833
1197799
278691504
274085572
271216800
262692284
277777319
402670
278323341
253236053
274852511
270803438
275694230
277870417
277777312
532945
274565194
274933060
177774725
402770
402135
279010631
402678
270435209
210125264
80940141
270768661
243783862
278489130
177732639
273027479
261801972
275287534
270469826
402872
274777840
273341056
194160740
209400770
273136011
531022
72082605
277031133
278323396
275290592
403209
205506555
194947002
279010629
403011
402509
278275519
253272134
403236
243804444
533049
247843143
262692306
259482807
402091
271590839
270075240
193395618
85400267
219156902
402866
190455210
402955
518769
402868
402048
271103388
201439481
402037
277540806
274170851
270249534
274113457
254139138
278956221
209399038
209645379
403203
533012
270881075
271220559
269952861
273241867
210154708
203065232
252528997
252004482
402055
270115685
277777317
532341
275384814
275290779
261802679
275452455
270846455
177713176
274584438
276091343
202529659
274869891
279174139
277810538
188998063
178575620
270438157
49180946
178579398
277376029
278956232
275315075
274868018
217528994
209864234
263266385
124638251
222723449
200920801
276104188
275771278
178569746
272482166
271979321
271321368
277585867
278692603
195469968
275232014
274455777
270296320
194865902
78905981
277717006
195998956
201550433
274587920
275478947
248209285
684749
243804466
276484626
252160587
195787199
252246709
277031129
273022111
194149883