277175489
275469576
275063854
275019537
274891644
274891572
274185009
274096641
273790891
273636030
273578881
273473495
273291232
272453316
272184998
271712503
271378696
270874823
270830528
270252943
270055525
263113024
262850964
262089537
254188719
253290966
252565032
252171298
248786608
247797008
247796667
230054385
216461668
216001202
216001008
215445566
215125379
212482189
191779966
111712149
273915933
272998555
270487265
263964351
263483269
262656501
258897423
253160374
249285146
225183057
220661093