278961349
278749510
277269556
277213494
276854164
275623471
274853706
274175495
274165378
273375302
271806589
263764772
263323950
203864188
196851824
172751363
157244522
157054862
138504579
123915920
111582638
111582631
106919173
94347312
94173458
91120169
90866363
90866359
89402953
87993358
87391039
86270920
86267532
79555637
77105703
76013370
75813211
72225420
63448513
59362973
278631731
278631389
277992333
277923250
277531916
277212386
276843757
276678928
276509017
275623475
274959497
274247955
274076993
272226742
270774922
248745953
243056941
219453554
197655116
195954735
184414729
181926860
181699622
176115848
143144364
129381396
125924590
110447686
107707568
106149746
102775969
91027908
89000434
86270918
77917978
76601022
73518666
59478514
745299
349669
279187809
279097466
278996275
278949731
278125120
277563577
277468943
277214771
277212574
275827420
275008120
274970367
274278168
274089143
273871383
273623146
273493703
273456956
272301569
253307175
253297724
249844452
247683529
243245769
222412832
217696339
215913930
207755514
192377680
174308372
145494355
145092605
140635209
132837689
125000577
118582574
92488048
86267527
82482207
76117864
279260421
279112683
278570092
277838087
277397124
277357566
277327560
277275377
277214797
276860366
276843726
276843724
276345434
275960154
275571588
275550642
274862980
274680265
274477325
273941465
273773757
271780969
270298916
270133123
263325678
263118733
254027270
210531011
197172195
189255052
176240930
163028231
152743074
126743462
99681443
98823252
73531896
72744612
1456395
392078
279219183
278569925
278428884
278220324
278124630
278059183
277214034
276617174
276601682
276509024
276390121
276089019
275972049
275622642
275451563
274978453
274956415
272446714
272424845
270684186
270446908
270441508
270102435
248745936
248554382
217696343
203864200
199009885
197655113
195961274
195184167
181449444
148549852
138269671
113842324
96649478
92007493
81419770
69219931
508372
278814780
278721975
278631529
278469622
278125090
277522316
277388741
277214555
277212556
277212324
277212230
277212097
276847836
276555541
275903445
275198353
272493122
270486709
263391241
255593467
253366168
252858876
207345031
199706081
199706080
199147749
196832013
181990931
176681348
176151057
175445588
160048227
155701335
141298492
132366455
98733389
79555643
79555639
74174188
13394068
279165267
278677098
278628061
278615383
278358962
278124979
277438480
276483689
275985149
275882484
275340814
275274542
275236196
274727082
274247639
271326039
270898333
270845217
270717619
263807422
263325710
253380962
249771962
248745938
248160192
205218038
199706094
199027428
195954721
193771281
181449442
177988352
160307023
92551955
91985770
87931051
77717874
76106036
72935828
4594441
278325575
278190289
277481542
277213766
277212349
277211987
277211961
276836879
276836801
276586610
276103806
275865230
275174788
275125865
274892661
274480524
274458332
273785812
273725325
272477652
272284710
270161238
253307657
252190062
250485005
217696327
195969373
191952518
178527607
178310877
162865522
143226166
136540008
125497112
101862489
100298991
89000812
53301004
50488976
476140
279159290
278487919
278220312
278220303
278125113
277730166
277213804
276949192
275853610
275341659
275049121
274684794
274481467
274481440
273941478
273719524
272425547
272370274
271143517
270442214
263505511
261028192
253336034
248766052
243032966
217327340
215254552
201307595
200620415
198518836
195184158
179206398
141665848
140423327
138269663
99681445
92010756
89602074
71090529
67623470
279181470
279071563
278526318
278197615
277973739
277968158
277718358
277531914
277214901
277214322
277214310
277212758
277212410
277212334
277212318
277211997
276166853
275033231
274978992
274964465
274956402
274881931
274493302
273932741
271589694
263807418
253273171
252727400
248688057
199119314
196059880
190855991
190167526
180602510
171814103
163544406
162774363
57350384
571308
391900
279187808
278111032
278017377
277465735
277459797
277214779
276525742
276438582
275985215
275344249
274873104
274604390
274168449
274029560
272360453
271265270
270486978
263515112
253671407
253563115
253307655
253307595
252990863
252683245
250489594
208678828
200651826
187600750
137941491
113526025
87245803
79126528
79126521
77917976
74811443
745288
349668
343591
343544
342822
279105546
278870880
278229686
278220343
278119422
278039152
277607623
277499416
276836829
276586904
276586875
276259135
275623472
275084763
274964411
274819066
274793086
274647632
274393644
274393131
273746612
273725031
273649950
273061944
263807430
253281148
252858872
250027651
249471504
215733791
214117433
214011000
208917272
203277133
198915745
189644628
182551008
160094829
127032950
93296956
278053767
278053765
277465739
277418414
277214326
277211967
277211951
277211938
276843722
276531073
275622684
275295984
274855053
274493607
273666434
273581444
273420708
273386937
273325183
272243798
271433662
270684626
270447022
255630295
249470903
249181546
242432511
222436734
203864190
198698468
195329989
192650449
181379293
127033285
116961299
24984579
7565605
555346
459113
342817
279063698
279017914
278125092
278111030
278078319
278015807
277987927
277923254
277214913
277214104
277212688
277211959
276586587
276514979
275605874
274999219
274984088
274496266
273942945
273170386
272787114
272279192
272167467
271382021
271314985
252636653
249940788
247940706
219188604
203276069
192862935
182111035
174878646
161253541
140640985
136227602
118419923
114124020
79117379
76105916
278721977
277933712
277418412
277418394
277418390
276841238
276836896
276836867
276836854
276836852
276836849
276836811
276678199
276473770
276473458
276154042
274981807
274981517
274979411
274977629
274976961
274975412
274964353
274963897
274541341
274478036
273885315
272242276
272144372
271326000
260940709
249178726
217340408
215129217
189413589
182483725
177999047
159958238
127031754
76048928
277214773
277214747
277214226
277214098
277214066
277212962
277212654
277212618
277212616
277212612
277212609
277212602
277212590
277212562
277212552
277212524
277212520
277212504
277212502
277212470
277212426
277212408
277212380
277212378
277212292
277212290
277212248
277212238
277212089
277212087
277212085
277212027
277212019
277211947
277211945
276836823
276836805
276836800
274976599
274963791
277214911
277214187
277214173
277214170
277214136
277212532
277212522
277212418
277212382
277212374
277212363
277212358
277212306
277212299
277212278
277212262
277212250
276836909
276836907
276836897
276836894
276836869
276836866
276836848
276836843
276836833
276158510
275576970
275551177
275550873
274984504
274983870
274979715
274979274
274976663
274964425
274964293
274175711
222678938
182149601
278993253
277718359
277615007
277613000
277568572
277456875
277212754
277212744
277212728
277212714
277212690
277212664
275603322
275018183
274984336
274983720
274982206
274979310
274977281
274976905
274498222
274472776
273928302
272069865
270141730
263978177
263973417
263325620
263324000
253410313
252387505
251942850
249150906
242696651
242101791
201850615
189462982
181673978
177273190
170806982
278220284
278111038
278095695
278015302
278014605
277615001
277568575
277531909
277472156
277346764
277212369
277212240
276350448
274454220
273933599
273643970
273373670
273282061
273220213
273219191
270472073
270469027
270131190
270122967
270122943
263393991
262936743
261986162
260795478
260795231
253298947
252855067
251575948
207733152
207729569
201796327
175955637
152549657
107707584
276586925
276121827
275182078
275172549
274494615
274493822
274493744
274491094
274488964
274485558
274484518
274482244
274480966
274480656
274479795
274479538
274479336
274479054
274478728
274477664
274476270
274475258
273987441
272284932
270912013
270480179
270480177
270480143
270479015
270472773
270471989
270436298
270122988
270122981
269992929
263494236
255349546
96026966
77231127
73107752
276586900
276586853
276586570
276166897
276038442
275741941
275085002
275026139
275026085
274998672
274998491
274919191
274919129
274746077
274723317
274584314
274490388
274489238
274486585
274484166
274477270
274473055
274036097
274036095
273885277
273708539
273581492
272241030
272238150
272144382
271981804
271520490
271326462
271101737
271076517
270674524
263693031
249882046
120161815
98603995
277497022
277366313
275229651
275058491
274957616
274798907
274705531
273932567
273714490
273713777
273675330
273547635
273542235
273425089
272588797
272177962
271983689
271088824
270811019
270480133
270469109
270302989
260819834
260798114
253307649
253281014
251942824
250489590
250485003
250484999
248590193
241482427
222678953
222678922
198511488
192113642
181156824
77231342
77230984
32635491
278840322
278602978
278469592
278445470
278111025
278111010
278111006
278098726
277923252
277881380
274931499
274881801
274773942
274682358
274289597
274050714
273967408
273595305
271975776
271401614
270701940
270447112
270306413
262730801
262068221
253689562
253307601
253307599
253307597
253268283
247944781
217500725
202256080
189337158
140579062
113672416
96308841
96308828
76279855
50247721
278579437
277366315
277213492
276652106
276043100
275322216
274856447
274747191
274584312
274491594
274108799
273825930
273682253
273476485
273475558
273445970
272911201
272883980
272392863
272389897
272243709
272242798
272241455
272241404
271327244
261986204
261986174
252636131
235031519
210418481
209906005
208739077
202604386
169830006
128711609
124892965
120183878
98733522
79126517
79126515
278757777
276663708
276504822
276394751
276258962
276074052
275985185
275985126
275613538
275182506
275061798
274984182
274458402
274458373
274458337
274247785
274036091
273886188
272881553
272554578
272241317
272241218
271975787
271381881
270634541
263487595
253563140
251925223
251923163
250181958
250128580
248687931
248413682
248372070
149570762
141205098
109877505
79117389
72688722
71353279
279181474
278053761
277465748
277465732
276472572
275263440
274875252
274781252
273933506
273442954
272310295
270707902
263325653
261028216
261028188
261026039
252582972
252060929
247679182
242278404
213925698
209906007
209349670
201846111
201569468
193715728
178555040
174240094
107618996
107102428
102513234
91984612
59362963
279242777
278600080
277874233
277522320
277338616
276586863
275013024
274797044
274108801
274108793
274055681
273787427
273785854
273725001
273713784
273547677
273443405
272891377
271316007
270472828
270469076
270467644
270145320
270129282
257759587
253281117
249938399
222716029
222678942
222678934
222678925
222677559
205744367
187778495
179056841
177999546
90301212
77222466
73259067
72690062
279154323
279154308
278958145
278870786
277588618
276744230
276586561
275836515
275626003
275588745
275248837
275227457
275161683
275026116
275026111
274964687
274919237
274919145
274876047
274875860
274317498
274172900
274058472
273713776
273311489
272628839
272449816
272167662
271455724
271452587
271128104
271119414
271076481
269953909
263456862
253094695
252584013
252387323
247891900
247797083
278839784
278731995
278591430
278574477
278526332
278249470
278014920
277881376
277214054
277214044
277214029
277212578
277212546
277212540
277212538
277212514
277212508
277212478
275486125
275284536
274864488
274502446
274088713
273977796
273387351
270790493
259535771
253268298
248294080
230331467
230331400
222678951
217317808
199965103
180015753
176732392
173003436
170294795
165604348
164283573
277214759
277214657
277214224
277214222
277214196
277214194
277214186
277214182
277214180
277214150
277214148
277214144
277214138
277214096
277214086
277214076
277214074
277214062
277212447
277212420
277212412
277212406
277212362
277212302
277212296
277212252
277212236
277212129
277212111
277212057
277212053
277211990
277211989
277211969
276836840
276836835
276836814
276836806
270509050
198824759
277418336
277214909
277214905
277214891
277214042
277212613
277212594
277212563
277212560
277212554
275587987
275363391
275273387
274983936
274983210
274981399
274980643
274980575
274979862
274979156
274978781
274977895
274977863
274977499
274976310
274976146
274975708
274975542
274964137
274964099
274963799
274963753
274963656
271959652
252563681
201308485
198123703
194101718
182305866
134621430
279181472
279075822
278220320
278220288
278220280
278220276
278190638
278152626
278111036
278111015
278014646
277718362
277615006
277615004
277615000
277568571
277499420
277418410
277418398
277418386
276836889
276836881
276836877
276836872
276836861
274977269
274964363
274964151
274930145
274495701
274473428
270123271
251929487
242424190
215745962
215388929
207563066
201308307
140627636
96812034
278644033
278525060
278190640
277468922
277212682
277212670
277212660
277212652
277211933
276836884
276836882
276836874
276836859
276836851
276836847
276836845
275823787
275323235
274982501
274978520
274977805
274977489
274665938
273898846
273102730
263493846
263443816
251255366
212580601
207726121
203925925
188428597
176168535
176024919
176024795
172936200
125181184
103509218
72813408
13777218
277472154
277214146
277214070
277212756
277212735
277212698
277212678
277212676
277212674
277212662
277212650
275620674
275482597
274402387
273456617
273456615
273456613
273440794
273385349
273373594
271418873
270838556
270480192
270478374
270472063
270471938
270171361
270141761
270116201
263956811
260811722
255612000
252855053
250062645
230055204
203841042
203200977
198454982
197417968
77231367
276264386
274494265
274492603
274492211
274491954
274490098
274486682
274485884
274484574
274484209
274484045
274483844
274483794
274483520
274482815
274482175
274482154
274481513
274481455
274480908
274480350
274480192
274479936
274478760
274478394
274477816
274477602
274476102
274475763
274473437
274473013
270480062
270478858
270478834
259512739
253690797
252855069
252855041
222677548
168303314
279308094
279289605
278226360
276836799
276505264
276504922
276292409
275258258
275164513
274917178
274866940
274496065
274495330
274494584
274493949
274493873
274493595
274491980
274489451
274485577
274476604
274371765
274063222
273649952
273168525
271402587
271136289
270962650
270790468
270479005
263807424
251911494
197653563
169490155
138269683
79126519
79126513
76105914
72749866
72225430
279259280
279074160
278737969
278709370
278130620
278111034
277568277
277506048
277211957
276652111
276601659
276586856
276586658
274856339
274808489
274746870
274584304
274544677
272244105
272243113
272242863
272241143
272241072
271106676
271101335
270512746
263410560
261986151
251921234
251466435
249471398
247659617
196096515
195861770
188554190
181990453
161650216
136235027
123897325
115096595
279279719
278729540
277465731
276652107
276493455
276272300
275616328
275340649
275325048
275322472
275296000
274884806
273933508
273407084
272353336
271381596
270850736
263584199
263443880
261986186
260820442
253456770
252118631
251510018
250198492
248760025
248739465
248688224
222405304
208907172
202529137
199706085
199706084
194967535
178559058
144610165
144607376
127032541
107110762
63587072
278069212
277874192
277531912
276586621
276559163
275567546
275171243
275090585
274798905
274507673
273885279
273885274
273885273
273730636
273724991
273682244
273285463
272238136
271578843
271477786
271366153
270688422
270129835
263807432
263807428
261986179
253456608
246073652
245770482
229732027
220661879
209430410
198272249
193513081
178572701
127033540
120183572
120183331
106541483
76601020
276820975
276166861
275731493
275026090
275025990
275014231
275014089
274964690
274952340
274949088
274919209
274919090
274918966
274586895
274237033
274108803
274108795
273657836
272625019
272493500
272468560
272462766
272450310
272299092
272299001
272284706
272241247
271326527
271076458
271076430
270992608
270467608
269984025
262042715
253666001
253281155
250485059
190469380
99056508
95501756
279266986
278809086
278740138
278220281
278111005
277361699
276959093
276836901
276836900
276836899
276836892
276836891
276836886
276836836
275347226
275143477
274454230
273786860
273535268
271920448
271128066
270991887
257759586
257759584
253307653
249679581
242503013
192396190
182482293
179206470
178604686
178554398
165959693
164745162
109888859
109690787
109340912
92010854
77231195
72025788
278978777
277214833
277214765
277214743
277214306
277214228
277214216
277214212
277214200
277214178
277214131
277214108
277214060
277214040
277212634
277212588
277212576
277212544
277212534
277212530
277212528
277212526
277212515
277212496
277212482
277212474
277212472
277212456
277212436
277212293
277212284
277212045
277212037
277212007
277211964
274980286
274978159
253684329
229699859
203286209
278220322
278220277
278111028
277214831
277214799
277212244
277212234
277212232
277212083
277212047
277212024
277212015
277211994
277211993
276836825
276836821
276836817
276836813
276836809
274985792
274984388
274984342
274983504
274982768
274981191
274980673
274980348
274977861
274977713
274964378
274963895
274963889
274680939
253686597
253059478
252078819
180902184
101506171
100299113
11168325
279204721
277214899
277214328
277214302
277214210
277214124
277214090
277214071
277214045
277212748
277212739
277212734
277212704
277212672
277212666
277212592
277212103
277211973
277211902
276836838
276836831
276836826
276836819
276836797
274984260
274981598
274964223
274638489
274461798
273987439
271959558
270308024
263988028
263986844
263319943
243058311
206205114
177315407
171811414
109861896
278922312
278830184
278672547
278249468
278152624
277816057
277613006
277613004
277499418
277214859
277008968
276456168
275865881
275570571
275520447
275487186
275096581
274985546
274976957
274975841
274975642
274963958
274178769
274169812
274073360
273407129
270453167
263957007
262656209
253317219
253268289
253268285
249083850
230331371
230331341
205788095
195184144
188665623
187567488
165286222
277911800
277911780
277214130
277214120
277214118
277212390
277212368
277212348
277212304
277212288
277212272
277212270
277212268
277212254
277212242
276957636
276634991
275014091
274978599
274977141
274976999
273456632
273385114
270472077
270470973
270467620
270467618
270138544
270129168
270123016
270118519
270116269
255612011
255368798
252855047
245767493
230331509
198293147
191493462
143146012
279280890
277468968
277212726
277212067
276586634
275803472
274185872
273456626
273411195
273246341
271487564
270478330
270478201
270472711
270472707
270472501
270469103
270467726
270467628
270302952
270161278
270138548
263598815
261986194
255371190
252855037
248688196
213691856
203845644
201308323
196388314
195702448
178537745
176168484
125519572
118582478
108411035
77231457
77222028
77221963
277212600
274873686
274495864
274495751
274495640
274493798
274493537
274493473
274493346
274492011
274490046
274490009
274487487
274485038
274483758
274482992
274482854
274480662
274480636
274480324
274479528
274479130
274478680
274478348
274477758
274477736
274477190
274476885
274475371
274458248
273522611
270905007
270844862
270472709
270467647
263564954
242080454
195443800
77221703
72900230
277613002
277607629
277213483
277213459
277212752
276843753
276836864
276628034
276594848
276393042
275093294
274906361
274551338
274468131
273657837
273044284
272999436
272834793
272462814
272241261
271981806
270688420
268492189
261986170
252633102
252560767
252456355
251468440
235353260
212951920
142115969
130996088
127692139
96833306
79126523
69660317
58272318
22649478
1661641
572906
278089659
277545076
277545074
276734147
276630006
276400237
276076772
274987600
274802321
274394732
273725428
273713490
273401007
273265330
271381765
270180302
263584322
261986200
261026034
261026032
253563117
253275031
253273838
252639626
249696088
248757888
215124788
205218053
196148655
194588019
187765007
162327526
138938164
132182826
117315704
91027916
81419767
79618037
74811573
74810841