279213208
277270058
187600387
57595572
278003906
279212047
272731607
279237290
279209802
278698586
278969066
277742021
278525269
277742025
276841378
43665704
51845988
67662530
278029123
73601034
187600381
198342226
278969632
253047521
164823057
74416878
277348521
276450766
165989508
278714674
275173615
277526020
270500659
195623895
144037159
208285255
275609908
278761619
68350213
278007499
74416883
278898957
276159462
277574332
272149699
275137740
274626080
222657896
277353110
249568626
61397939
279133004
58930419
277348512
278092657
276933739
279160510
595647
271434263
277139294
279160411
9956800
277977736
249773019
274147311
273128752
274884187
76177422
278115739
277354461
277459980
273258979
277397104
200780730
278003981
278906790
278747117
279209798
272352163
274933758
263107229
278969083
277916756
200780733
278074778
278000752
272193506
277008640
276525118
271485912
253318977
278114794
278967095
175147117
1574827
278819449
145371282
278969091
272908830
74426139
165989510
279131107
145371284
276135925
278567907
277596824
277740978
278878098
113353487
279185114
249392711
275213459
94887223
969144
195660970
58983144
279160082
277729858
59047909
276135908
192453301
74285814
2077363
277395085
139728525
252939358
72744618
186191957
276042924
70052399
275215898
275065865
8387063
216724580
181454005
275540535
278617234
248759923
275942352
278721920
277353558
275611953
271182469
278092601
279106112
277976288
278588179
278850676
272449411
275271632
274652326
273624863
275285162
278508323
277355806
214753041
279132044
278969608
276450767
275582952
249937681
277351466
277761363
178219710
689328
275210013
279112540
168962627
272918125
270989187
272558176
51990537
249034958
277354251
276247747
275582856
263278659
277966943
278508325
272731603
278092985
91906733
273059012
278054867
195623873
277761261
276585197
277771552
197854331
123897326
249773419
275943436
275822288
276605716
216334619
277619180
274614360
276061103
252035424
249873289
275894494
278054845
277354650
272375438
277938260
271322960
198301214
222657904
68454448
275169902
275663495
275676355
273594736
273949672
274654995
277346673
119989515
206145307
274086559
214584863
278446122
198562054
198285130
275337182
278856838
254138721
274323689
277987842
270217636
275109803
253689758
277358427
198271045
193632049
568648
191683474
247955805
74416876
34744584
215560714
278009399
271265661
252856769
252819236
277353608
272466055
178219381
277457564
197724419
277354617
276567593
277098163
193450818
57911753
275466230
249784675
637576
204880993
273270875
568655
277006411
276590848
274568300
278931787
278530393
248759887
545285
276462110
68793065
279148611
275630451
160691042
59077209
278538179
273181767
572247
277596780
277809022
275330610
270442374
278000781
278968746
216113776
270887616
277184445
276464956
279112516
249392699
272466430
19718924
276178499
275190201
186369496
185005765
191683454
278967223
271326421
276373108
139728540
139728529
278760878
252062269
275106172
274037157
83540121
276273478
181224402
278616354
279259321
278446991
277348527
155593572
279210183
145309949
278898996
277837866
279160512
276346273
249938141
249938013
278036635
278967207
171056524
249034860
274934962
192924231
278966632
186080615
278029053
276273559
274718947
278490853
260110167
278795035
137181578
274362490
271400505
277359650
249568587
276103366
568646
73856387
279297002
279242667
152705182
277270056
139728552
276450764
276043633
274860411
276264111
270753327
277916768
275429499
273564461
14767075
277922815
278113067
278370729
273353843
278803500
195623952
160691041
277938133
214836175
276948023
8164686
270070988
276796955
270671750
165224770
273820899
276031483
276916409
274598196
270004702
164769460
657428
262078227
202417373
279023052
262877431
273683922
277353302
189369349
278969694
249938106
275190509
278850833
278961910
276295458
277353111
278884496
572240
206145452
160691037
270547287
250060156
278693003
270107846
249937805
277610626
278837583
278628112
278703533
276066189
278108658
277344375
162008201
276422319
277184251
139728577
275866124
83579899
143018820
277459964
252928858
278018076
275268390
249663013
249937756
278617392
249778311
273356231
275950658
68454446
250741678
273356230
273461340
278723567
271888022
248779390
277369679
249938128
251394796
271981610
252672179
275746724
277403388
165688037
198698481
271311503
263287802
253104797
494309
199269806
249937883
249662967
277318857
214841267
273636453
115091698
277615837
272299290
279155794
273612577
277382868
276613303
277354043
275401492
185006265
272383097
271428974
270963955
225958925
94887296
708079
276309452
262055441
249664049
252632246
195993361
216090622
171584581
273308842
275678755
279160514
3317709
205113416
276159721
277510380
794012
278616382
185653985
4077705
278029067
278733077
275906172
278399068
275429550
278969107
278894567
119537530
271487460
278399094
277963792
279073745
216967835
277397094
279124253
277837931
276916416
248654505
252768685
277988300
279148620
277353303
275056158
273347077
26411663
278327208
278775571
278103429
146272233
274544893
278106596
275494472
278722012
277425115
273016971
275869368
249385167
195623939
83568905
274667541
249713999
215560746
76061752
249487230
278007311
189035824
196174838
277353663
568627
275466122
277353895
276487226
278103497
270183363
100105928
263693096
278894259
273894312
270662769
277167500
249668598
276360683
262656064
278770532
277602848
278530270
277775000
277968936
274917243
276043056
275900833
275174447
276594842
271887333
275892653
274836905
275477045
277353612
278971572
197419553
190826621
277180230
273900354
196205921
199078064
276271519
185006505
274893376
193116455
139728534
277165278
276499290
279268663
278714376
106348627
6189333
278540162
277353993
78988974
277996591
275622582
273134148
273850749
5056027
279160080
278879698
278037794
275354801
100105926
272293520
152705180
277163858
134336007
276058393
277771405
278021053
253099757
278443513
276501384
272167170
278025122
276478927
277931549
2285533
90850315
260406459
275542039
271537756
271238377
277354012
270059793
193568215
262346865
276619141
249568522
139728557
278733099
115011510
270205374
277457388
272028989
275710344
193045221
260853939
139728549
190792444
275577219
523702
273670968
263088599
278616404
275327658
278215039
277375993
208285251
279112232
277964280
193976889
279286947
205001887
278036732
214841260
274423356
278093025
145093417
272830151
250060102
278076062
278115152
275131712
275301613
250060058
250060028
277982872
14450211
277353314
277353354
277353751
274147315
262824025
278325424
273466293
253447653
275601505
139728547
262691645
275406678
273637318
198869064
186369552
20036689
277977870
275802349
262451722
161979766
275922929
278089343
275327656
275327662
845900
139730451
276295435
197652247
197544427
274372085
199038432
275507460
276796874
95070401
271343121
191684830
276410247
277612106
103400637
2648013
61384902
278154982
275691178
275986793
276319484
252711676
272252323
51100903
278541585
277933506
253104872
276295211
277510376
279160420
198725046
278114941
276327994
278025234
271981030
249938021
278108115
275271001
275174491
275710860
164940977
272234533
277566700
272419594
277354537
279076462
276118308
139728543
276473184
140627606
276551598
275327720
222723683
278728869
276663532
278005657
102875283
274843605
277612180
274686028
278450635
277487932
275486481
276705093
278310704
10804881
278733469
494284
276861709
279160923
278307343
278443504
278036742
278969079
275937130
275748900
274273219
272225170
186710832
278720993
272040036
270500562
215560748
19392048
278969073
277598215
262078229
276254237
160691038
276047952
273202179
263107225
279258231
275777802
249569588
275586223
278794853
277761257
278723853
278313121
276257539
249697542
252854685
274987284
276581716
270989255
249937838
272166552
272185453
262691740
262733146
277163989
277167481
278075799
278072902
249288992
278154129
276308152
276242696
250060234
249697035
248247698
277447185
263776902
277774745
274895760
273269951
273934484
55240814
252854769
278731316
263704880
275189003
199747103
186256487
250060063
248759890
271887959
275678764
272045350
197897414
124509811
277344389
272452216
273949713
278808933
6158919
276005117
272885242
277341630
193714884
263040932
276168282
276061393
274871726
270925337
277353837
277353514
277379522
277353861
277353326
198591210
275136669
277382877
275542021
272435607
252941265
277353063
249114672
263392252
274990765
275710914
277353953
277354023
215560740
193716775
271042245
262057353
198824982
181461669
276102349
278861378
139728597
273825325
107777061
273935469
68349795
139728578
139728561
275618118
189370152
278295002
272562258
253211272
270207060
578480
269985908
276616760
178226103
274558110
276246377
276550767
164813796
252079170
277496509
195623857
277096708
110987221
275111330
279133146
276223755
57868654
10142123
279004445
570586
279167917
185006471
196579363
56048869
112531250
277354028
133250984
82843430
277353370
559196
555480
90757645
276334719
262757999
277353755
277353767
5056035
277976536
923615
278761617
278760918
249851934
271970650
275190558
277553368
276160984
205707545
249570032
75390970
278092965
249664134
278307346
1742137
249663139
252250341
260933185
279247447
275137880
274587256
32218887
249783528
274553821
276558673
200976647
276848971
205001890
68350215
130756237
51618001
274909630
275000960
273129260
216334618
278370734
2933455
252760972
276860550
276314629
278314276
249784579
278837784
278171037
273825354
250060224
273354486
274355898
274355927
271641801
275190133
276043367
262385737
249937843
277382715
278482093
275127923
277607687
277607316
277769599
251262876
275341595
249568365
250060262
274846729
274872979
277745301
277730889
278524783
277931347
275190522
252768808
278107897
252811820
278106086
277448905
249713774
278862361
278883394
249668430
276619162
272056534
278566685
278516426
278108667
277996594
277598262
277459953
277393654
277392803
277327366
276711510
276153065
275710894
275678738
275406671
275115465
275104719
273820895
273311786
263790864
262454354
253357026
253125805
208285253
191893673
190608318
176522811
127457688
78553553
278967089
278215071
277472262
277358397
277354802
277353711
277353643
277353368
277353328
276843012
276522469
276349891
276305323
276106981
276076661
276076629
275646738
275542066
275429581
275268987
275181876
275084908
273982884
273768163
272305785
271819999
270397676
262708442
248179294
198823059
198021080
195782513
139728562
107896479
106680468
68349633
20363320
7626286
4098547
494300
279269352
278228796
277977924
277977838
277353649
277234903
276976191
276632106
276367633
276273545
276238764
276118619
275747053
275216110
274781840
273670856
273026700
271146711
270820658
262567658
252784745
196683837
195623901
191683355
186080619
178226105
139728531
114796138
83580042
78905961
58076536
29284660
10401998
10142137
10142129
9689047
4098543
1891963
1032538
654942
279203958
279160230
279160216
279132052
279097444
278761357
278714187
278631545
278616440
278092737
278054836
278012581
278003905
277978016
277774985
277607679
276900613
276558669
275540832
274423360
273509172
272857005
271199588
262749147
252770325
252760974
249858381
249784189
249778310
249679375
249392719
247448775
222627357
210413507
197652241
193450824
192949982
177860532
175968944
107409613
278951326
278722002
278720021
278447952
278443445
278191495
278115751
278059440
277857254
277837870
277775115
277769353
277761277
277369706
276539199
276256462
276043524
274681431
274635591
274635543
274560343
271999696
271318102
271115761
270108048
269979156
264018738
263492414
263112970
253100204
252874840
252823326
252768726
249938395
249938357
249937813
249874652
249570397
248759892
248728025
278774312
278756272
278249721
278246075
277354795
277354540
277354063
277354021
277354008
277353799
277353588
277353542
277353532
277346695
277327362
276315987
275710861
275701863
274362254
273825540
273308705
273016611
272435659
272389996
271972376
271318173
271167620
270552287
269984651
262386093
257759617
253308702
253107337
250060098
211280432
198280687
196305562
186369490
115092210
24782629
278819960
278803489
278481901
278125807
277726323
277472268
277376021
277373223
277373222
277350077
276566539
276478802
275794711
274556665
274036187
273786022
273598661
273220531
273216869
273018419
272647209
272246663
270955946
270068195
267630832
263625816
263589532
249682771
201628233
198458722
193533158
190542637
139728571
58257866
57761624
48749297
22643550
20702592
1032464
494290
279166672
279112274
279112240
278966569
278871353
278803655
278761242
278756275
278750484
278525171
278313056
277976170
277520653
277354630
276801479
276120677
275954213
275513804
275093328
274607983
273094900
272475640
272298758
272269774
271141494
270541684
263677377
263333443
257780610
253318983
252783654
195686833
194954043
146272056
96301305
57790049
55799127
51990250
20318581
570585
278399084
278399078
278399030
278239490
278213753
278012571
277977206
277555389
277555354
277438382
277425119
277355588
277345853
277181142
277043505
276841071
276705008
276642741
276605717
276273505
275007910
273017190
271782805
270625926
252884450
252877153
252357117
222627350
216724578
214908842
198342220
197652243
193555762
193536843
193397049
180399987
68456842
68454450
4077707
278936226
278899857
278803669
278756271
278728932
278399104
278045147
278045145
277996571
277988928
277972696
277511550
277496503
277438505
277436715
277376009
276487081
276447529
275613492
270840828
264002390
263795507
263790843
263699678
262675708
203506135
198227209
197676814
197170001
195783198
195782170
192698493
190808443
186559264
185646752
185379566
182739416
182729645
178940449
163726663
278871371
278485303
278399055
278114397
277996586
277565323
277526984
277474351
277459954
277438477
277436713
277345832
277219228
277009074
276630864
276625113
276452592
276349063
276080600
276066768
276039825
275851307
275734049
275659724
275630431
275396204
275235508
274904864
274879957
274776929
273183337
272999172
271441472
270738690
270510580
252722701
252631739
252630158
198278047
189255094
277565324
277425112
277376011
277366519
277353843
277353453
277353413
277345851
276368606
276350514
276344453
276254253
276247025
276242404
275710867
275613514
275287223
275026137
274588399
274507530
273676969
273588090
273466688
273314903
273017122
273016471
272965236
272529196
270956371
269892284
263790846
263511126
263511063
263194790
263174373
263090422
263090420
263086065
262808212
262346909
277354768
277354748
277354660
277354471
277353839
277353713
277353683
277353673
277353671
277353669
277353667
277353665
277353661
277353651
277353526
277353499
277353489
277353485
277353422
277353410
277353408
277353406
277353386
277353380
277353372
277353358
277353356
277353350
277353321
277353318
277353308
275630277
275542015
275479416
275479412
275329747
275286417
275086197
274892331
273042785
277354779
277354765
277354753
277354644
277354632
277354606
277354602
277354596
277354593
277354545
277354543
277354505
277354477
277353835
277353821
277353813
277353807
277353801
277353795
277353791
277353760
277353653
277353610
277353604
277353600
277353594
277353592
277353578
277353536
277353520
277353501
277353491
277353434
275889917
272163184
271486887
271340427
263790854
263640934
199581984
277353922
277353893
276187982
275720684
275693954
275688896
275609971
275542098
275542088
275428230
275376891
275295051
275286502
275111373
275082790
274892014
274884530
274562852
274505682
273291130
273016726
273016198
273016196
273015757
272383031
271427933
271412494
271412253
270953584
270840472
269893811
269843717
263986805
263763932
263763796
185080131
174406932
165098805
115092584
75485153
277354447
277354071
277354051
277354049
277354045
277354039
277354035
277354019
277354011
277353979
277353951
277353946
277353941
277353921
277353865
276497438
275660396
275405406
275327385
275002381
273897415
273636451
272165572
272163288
272034668
252632255
217286468
197165574
195850809
195849580
194478028
194020212
192946061
192704847
191076885
186559034
182736955
182462909
163724678
24969948
279243100
278883577
278877620
278836785
278630483
278598435
278220432
278215053
278108625
277545103
277373233
277353927
277353907
276229501
276178597
276120600
275892614
275582019
275234635
274678134
273949822
273949747
273128627
272666399
272368989
271416611
271126173
270989435
270893353
270891304
270500613
185172055
184326817
184245853
167581684
167530457
164848173
145297102
139234574
137748503
278855915
278808954
278566687
278508258
277563231
277344441
277344439
276562426
276562416
276462613
276462605
276462602
276371064
275609995
275609986
275609975
275609963
275542064
275542025
275542022
275542007
273949820
273949755
273949753
273949751
273949749
273949717
273949709
273949700
273949680
273099934
273099736
272451957
271126201
271126013
271070549
270273815
262023291
185006345
123489064
279289181
278760846
278716242
277553429
276271543
276254249
276254245
276254239
276153094
276153073
276061929
276027641
276026220
275850496
275610066
275609979
275609968
275609956
275609876
274735117
274514150
273768245
273621938
272167252
270832807
270442433
270300171
270113882
263589409
253706445
242430453
208632463
198825154
198296904
195848430
194440179
183570230
182729483
174933048
58447675
279280536
278014080
277410694
276681136
276548562
276500409
276381499
276107121
276075827
276073885
274880882
273786229
273018374
271313115
270955923
270955882
270955802
262793651
257846537
257437544
255175451
255175306
253720770
253447689
252940851
252832347
198413719
197018971
196332522
194428708
194147682
193536712
193447898
193446714
193446479
189201663
172919718
48980965
38536372
24489966
276501032
276234858
276116638
276042832
275720656
275699102
275697380
275688208
275191356
275190390
273716246
273016963
272892945
271247306
270972325
270846687
269843521
263511137
262383592
262363226
257846934
249875960
201632382
199553038
199101162
198817740
198788112
198590873
198272732
198228725
182308642
161968571
115748362
115748361
103404651
71999806
58078677
23424081
10597934
2075315
277779931
276400942
276333805
276332722
276302651
275851340
275813750
275731411
275617592
275617544
275611955
275574096
275437014
275269545
275217995
275193350
275177004
275170909
275028828
274990136
274039101
273461628
273302865
273127966
272892992
272829195
272136031
252780907
252672086
249938393
249938216
249938179
201122278
198696849
191926663
189366438
178226005
178219311
167614248
1642365
278532321
278247903
278061102
277725859
277355971
277041319
276640789
276589913
276385501
276370707
276369621
276062683
275858788
275770227
275302106
275297586
275150643
273349073
273307302
273302984
273157378
273125638
273008321
273008233
272833678
262366003
252831753
252820605
252561513
250060043
249938315
249938234
249858120
249662908
198280399
195882212
186165951
167594794
4098533
602835
278977208
276354420
275782824
275191766
273291151
272255441
252819607
249938150
249858224
249016830
197165863
196562404
196205903
195283065
194432926
194015000
192921740
191585288
191489388
190794094
190791052
186577707
181457870
178940365
178940248
163736492
161979154
161968694
161966873
115748389
115748360
108151703
58447689
57726309
21389845
20318671
20102100
20036609
4098531
2100189
278250427
278249921
277998532
277270272
277163896
276842428
276381837
276381705
276059781
276059713
276059704
276059556
276058402
276030066
275191339
274949646
274947320
273585891
273308625
273258464
273094984
272439025
272439002
272420976
272350658
272350626
272185395
272178509
272168010
272167775
272087742
270971673
262455289
262454944
262385956
260110335
257786930
249696383
201640043
175445618