276718105
278500643
278148874
278094949
197639028
50319309
74416874
252385478
566335
5953131
278146877
7948461
276033474
278582790
90589118
22634371
5953155
209292957
192410617
173650547
20444622
278945697
250339500
250334911
276375319
274057079
4364039
225940850
78631501
268504633
98955608
109505039
273894326
192927410
206491167
3308393
277837860
49994421
72000017
108261354
25130524
145092101
192833921
277024047
273916363
193177952
278949723
205707537
275332782
275906703
24155194
278229050
403734
277163884
3210775
278804305
277838173
273537705
53581170
273916339
105231434
277962515
275191049
276035415
278148875
272784322
276051154
653989
10595494
273587914
6414651
278044015
278703220
136539480
278713430
276751083
199121552
52611842
272620389
76696729
24822997
278617204
275030543
7948463
32155084
7948464
273894304
273695403
275826922
84736500
278713524
230199877
14458907
278148899
7978782
278689147
279165243
275906814
24823018
2225129
50322332
263592667
1007133
108261352
184873828
278515954
278600966
263592643
263514088
206491171
278044478
437751
275537460
270442146
278148897
430855
275826370
4077719
215647834
278515960
250362817
278820275
253468313
250559438
45902243
278236256
279251006
6926849
278146859
10271803
32802807
278148911
437750
273059047
189658936
4040663
274896075
273467402
267342740
278146901
263567147
273832093
279247587
5023507
278603306
181463447
263584980
12280739
278147405
36335940
31658830
235288921
78631497
32155967
4940237
278148888
278716560
191506220
113583126
273441606
20743144
145092099
273434652
437379
437422
11253058
276658080
278236247
573200
279133246
276036059
275826526
177747005
274045213
277941660
273553379
274058908
59233741
255176151
204000714
275881863
487164
181472649
270772287
278824483
279058548
24999274
278499171
273699739
275190954
276191267
263567221
277907727
278146907
192948976
277815993
279006083
279017088
278603655
26505601
199108882
1735817
497521
278603661
173383467
497525
225211777
263103903
273059040
276033579
476963
686444
276658108
278148880
59480189
278967075
271400494
193724131
272830021
276658513
276259741
437723
277838079
437482
777429
67651636
278713501
251546313
437781
497526
724824
276244646
437786
195801294
279237430
278755667
31658895
278152301
225267259
273597342
53982720
25888399
196280109
278993544
276751168
553955
74393013
1735815
53467583
21495608
354830
273729064
497524
252166930
196048512
77231317
202062582
274892439
191391184
254148833
255176153
278152342
207503111
207503047
255176155
89792745
87446983
273847623
53988289
276744232
108587997
108593370
103404628
38191269
263987989
274195368
241667757
206483314
207640326
276495605
191258871
271435095
273491620
223720073
272185774
253720132
2848989
272200168
213681763
213681845
181472766
255176157
213691721
214949349
276841320
2789617
273450909
276658850
54924219
272844511
277837844
273816914
271433636
276036017
1664523
278024796
277907744
43616979
276658727
273085508
1914381
278278672
253444082
127654499
276191375
185005961
225211799
198889508
270107284
276658776
176802894
247934619
125640325
192949306
54926227
89792631
277388096
270702633
278147245
253444070
2385279
278148895
41134231
279112580
273900333
276657941
272830163
277382424
278616484
212326118
278147243
271588957
68612048
49377688
279244888
195573627
248915714
278690037
46749903
277554512
278617000
7948462
74855029
195573597
23284987
153466045
22634380
278094729
276035389
430843
278676556
161245852
157432544
249937906
278089412
272565522
273396716
202627916
189035727
194960651
278518155
271826188
108830972
278448764
278236242
247998346
7626371
247901043
275771467
270702529
181673725
247719535
274105012
273845864
103400548
273314425
249766388
191266496
271979921
242739231
276061383
191256241
200851989
213691770
273584853
89763776
213681056
273462013
192949316
37866684
267342723
189365910
278499198
197464946
253619337
354260
25494701
190242068
273953831
277837850
276036155
272731333
277907708
192074647
207244636
278278674
276034366
278148917
276320245
278148913
278024824
278148882
276658753
276034328
14242076
278024816
3085935
278147399
276036001
276657597
275191216
202961675
278228872
277907740
31133757
274826256
263703158
272420840
100285063
164445947
216943583
100285037
188299217
276657918
278148921
198858920
278147091
275106031
207332198
198698458
959159
252602618
22634359
278214665
23224097
959157
247892305
276931383
37569112
36704650
252641915
12277776
32551162
497522
959155
60154450
8120020
57037226
95249997
273466157
26945890
253621800
959153
217268955
430854
274190193
189035761
272186982
254148826
254148803
278793189
197907083
197623590
194960465
102140893
271409483
201432125
108598226
108842591
31658833
191814008
180576266
272185867
273845862
273846252
276347176
55282640
278975748
270716241
200851792
262057540
191266632
191258302
276043806
31658891
223733641
53980603
276043868
190506139
181673780
186608791
252770323
252905631
202239509
190861739
202241989
275838890
270541605
276163103
65030357
276036181
276657582
272844513
54917257
276036136
276163196
74613683
274046603
272830113
190242076
16570758
278147037
192948958
273850751
276036087
276035463
276915859
278024808
276035522
53988238
247938390
112332742
272382734
16570757
24823000
277907712
197687377
242202352
276034415
253089431
272830095
276035504
276658856
278993550
278616606
277907736
276034342
36370088
272056444
172176168
215647724
278091227
21373742
87993231
182821676
279247351
279236125
273909725
276035392
253468321
267342785
90143946
276605712
2465695
271312015
276931382
36391951
251546315
25124110
35787004
90414348
36313092
273678338
279246953
59499084
279244967
189587047
252602439