279237904
279236278
278963850
278492655
278492587
278323494
278271347
278159097
278110636
277875592
277410872
276833162
275407085
275009877
273569317
273524657
273464121
273322817
272464100
272301561
270234757
269957423
262338107
247858749
243006523
210765544
193915765
190335975
173515462
168662171
96652392
85350807
83749734
75996801
68360474
40357617
16562112
10920495
10581200
648672
278966762
278812523
278749389
278616342
278491344
276649446
274872663
274682537
274099748
274099742
274099738
273670964
273609658
273218979
271414262
260810314
212992669
204056727
202879292
197633144
195962334
192339427
161383826
148008759
137561103
130997085
79117391
75996781
75996779
74277389
72944074
59043893
57211761
57037220
40357429
17948437
17048319
7637388
3035773
521830
279269750
279269722
279154052
278967058
278963919
278872180
278863225
278761313
278606656
278153152
276602956
276559178
276559174
276289940
276123439
275898050
275676838
273978200
271364475
270824448
270447957
204317916
196093757
195814424
190539380
190539378
184095594
184095590
143513113
107465198
91272084
75996793
56365404
46332551
43016499
42877486
15265240
3670499
1664555
565846
279112376
279048586
278963931
278907245
278761525
278153597
278153571
277228159
276649434
276602960
276525602
275185544
274909676
274602505
274099736
273748598
271363980
271077521
269992031
262662804
262302138
252725024
214598374
203999581
194205624
192949920
184095576
180399906
169887152
75947774
75353247
50322434
33543695
27589910
17048315
14610849
476170
476167
476162
476161
279057071
278878974
278679649
278616742
278457727
278323343
278124790
277164663
276559173
276032136
274660781
274595429
274537558
274364385
273835814
273637502
270541619
251516201
215136644
206248646
204317928
202957471
197633149
130416597
129766511
111711883
98187423
98187419
83813036
75996808
75996787
75996783
74021329
73437505
34565957
17048327
17048317
7458015
476128
414311
279093685
279093679
278830727
278716030
278676570
278152966
277989150
277486791
276559168
275611108
275185548
274923683
274417181
272267674
271950428
271541964
270734740
263354653
263102362
262871210
204317929
200617452
198572099
195969709
178831549
174216894
132197110
113540580
107464900
105794986
31514497
20487658
17048321
3219635
1628037
540470
476156
446185
414286
355139
279203529
279124267
278747349
278714942
278712144
278676574
278676550
276174672
274469876
272321480
272051706
249089724
242504818
215780007
212992687
208634753
205506439
195969713
185006030
148054408
107466975
107466848
106206475
105795665
91545351
84873269
83749723
79129189
75996791
60808684
54006738
53299578
50322203
3035863
499140
476168
476135
465517
419718
345562
279082509
278967211
278963925
278812521
278715707
278715401
278676558
278373260
278153232
278058721
276559169
274682372
274468845
273680044
270824208
270504458
270224423
248722626
235728746
204317922
204053368
202879284
202879282
190827342
153521881
153521880
75996797
75353238
74793315
73147321
71683020
57815450
50322507
35360593
20460366
476151
470195
457771
414288
345560
278963927
278809692
278761345
278716226
278715715
278714455
278714386
278676564
278668612
278478241
278457733
277857802
275626242
275504550
274776998
274644686
274113640
273596522
273114213
272123975
271070895
270504469
258509122
197344443
193397092
188229229
184095592
183512476
168900845
125084000
113001674
113001313
75996789
648211
614878
573282
514184
476148
476133
381825
279144621
278953461
278715409
278714574
278714447
278714149
278713582
278683116
278380065
278271353
277545182
274909690
274726670
274377044
273462151
272936934
272404896
271829097
271364712
263389190
248722625
204053363
204053360
203945385
201088291
192950697
185991766
184425057
182850999
181267833
74569924
69621542
55350695
51950248
50322216
3715857
2438625
2438621
602632
351846
279131788
278967808
278966702
278715375
278714816
278714400
278712953
278685095
278676560
278616890
278153314
278061716
277139208
275895634
274497118
274467124
274099744
273835823
273698450
273078833
272164905
270237459
263272813
263119119
263063933
239391207
182851011
178502501
174321446
174293917
143185992
113526645
107469050
92995001
77965467
57841160
39909009
585135
446265
415245
279237246
279131705
279112286
278969676
278963607
278881885
278749455
278616640
277228155
276750275
275245073
274852727
274189624
273527863
273471585
272565695
272479465
270504481
263354571
263063927
212992703
207217750
203945197
195662929
180609837
174444177
174292357
160814483
138138635
137384923
132709454
117978922
115003125
109697441
92994592
88793370
77627214
24880836
760040
693383
278907159
278863239
278775715
278714388
278676576
278676568
278153304
278153090
276826704
276479872
275362767
273530633
272270493
270552289
262792329
248793601
243086203
239404118
214753072
212992460
208099652
204053400
196522245
193737008
193413554
191045574
188229203
186199656
178831644
143861679
135456886
129451276
123777618
107485660
68570326
57355745
40357427
19792256
414290
397920
279269900
279268875
279244042
278760794
278695564
278676562
278617020
278616686
278296058
278042259
275606198
274901266
274589774
273434638
273262959
272437893
272183702
270824458
270483549
252537623
251985170
248774411
242102007
242101918
197415499
195666949
194346339
190695324
146271455
146077349
146077343
146065909
137561097
137385181
130863490
98082864
75996806
68579483
63669571
479756
279224452
279188250
278967201
278961254
278881893
278863215
278761039
278716513
278714418
278712164
278381194
278147903
278119371
275815503
275460517
273174362
273106211
272305312
271317004
261037182
248722628
215534813
208099476
199739391
197464952
193736720
188947157
168899462
144448946
135552443
114992515
113527468
107467361
74235040
56610154
53467506
51996169
50322616
44983207
32477763
279107687
278961256
278907571
278881889
278715028
278714393
278683885
277274989
276951129
276595662
275671243
275281517
274922196
273600945
273476361
270824657
270059785
263119524
262871206
262646196
253111635
239401699
214147768
212992695
212323318
200844829
195821298
195801212
146271879
139731021
107485579
107469729
100298321
91947573
16562116
15604116
687533
516166
476150
472495
279142466
279100065
279078934
278841995
278817524
278712831
278457725
278153639
275260061
273888195
272247069
270824532
270107085
270065636
270052359
204622537
203945189
198192472
197415533
192909258
192510125
172320630
147988182
138183909
137432827
113526747
95866323
92995012
79117395
77965479
77965477
72032648
54609657
53720987
1941523
593925
572945
568144
353095
351158
279133718
279132441
278967237
278813561
278760576
278723614
278714936
278617292
278610460
278153535
274682374
273891237
273696444
273670998
272480193
272409440
272237285
256500854
247342421
212927513
208099662
197581681
197581604
197581511
194183467
193132966
192949245
188229197
136425205
135454293
92995002
83038164
77221969
72290701
59282423
21170979
4097787
476158
440634
414091
278963923
278962827
278898644
278756951
278702966
278277450
278241190
278153050
277923338
277919927
275126150
274931867
274862950
274857968
274064090
273691907
272811089
262783955
257866563
247244811
205941713
196579380
192909268
188229187
178331640
176752870
174321381
170345809
169377556
158745345
151950607
146077315
128873510
104732041
56003676
50322633
48035303
35303523
3670575
586864
278761143
278226875
278153230
277911819
277017300
276964553
276029316
274682370
274357816
273698471
273589393
273476677
271728384
270212677
263563137
262990724
262662810
207566416
205991195
205696144
200851519
195665862
192909254
178483696
170746490
167019826
138611890
137375784
126596583
125590641
125287142
116835648
113527178
78488820
78488803
63670780
10669195
580112
501610
411489
279188009
279133576
278967778
278944176
278904643
278714161
278509243
278508191
278462042
278005238
277927365
277016365
275357671
274052623
273869390
273183931
272565454
272057203
271121577
270453684
263454653
263387409
203841311
202902008
197119654
196219995
183513295
175526750
165593863
113528844
108002773
107485681
107466003
58441507
50322534
33543721
5844759
419653
400095
395623
279145271
279112402
279063264
279039387
278967542
278907325
278808752
278715737
278153356
278153200
278001394
277505476
276951127
276395278
274417253
274170409
274099740
273197825
271433672
270107039
263063925
251544543
229732614
214504029
213997869
208099654
202961547
184288635
158868104
146113515
129278322
110984770
107467454
99854869
50361591
577075
547708
527382
435597
409089
278808105
278716523
278670643
278633418
278617751
278573577
278323079
278153462
276951140
274744704
274459051
274028415
273670884
273527851
271329429
270447700
262302172
210513602
209165802
205280383
203840696
199969223
198561974
198127392
190539451
185175671
174321466
137133569
107485620
105740400
102601676
75996803
50322195
47101422
647516
609969
540049
538246
476154
450685
279134416
279134410
279001191
278194116
278153098
278114770
277833847
277591258
276951174
276482077
275973684
274884946
274663568
273547364
273464125
273455595
272321525
251985146
251549931
251267427
247936450
207626763
206331350
203841335
197866707
188995435
185851588
185449829
170860961
146077316
138183400
129198094
125790009
114987935
84648182
78488991
47501441
47278762
502219
472499
279066624
278963929
278776159
278761319
278760586
278715908
278715309
278714820
278573532
278228699
278157822
278153695
278153106
278148013
276841727
276699669
274867772
274749446
274404420
274064112
273547360
272675295
271817186
263207803
253391262
205694842
196058080
195969715
192900038
146275421
146271486
130440935
125347289
113529112
109124687
31952088
22647901
17937813
415936
386622
279131371
278967283
278147857
278128994
276826321
276602954
276566628
275699333
275130297
274868097
274840232
274567389
272419825
272302805
272236342
270122028
270107051
263563159
262871208
248805399
242443757
212927993
204001002
195926983
179206633
137129727
135458314
125508630
125400249
105078425
79117378
78974747
75996785
55422239
30764831
24984585
612904
521211
476172
409083
278714670
278380337
278246039
278242729
278153725
278153625
278124874
278115497
277555239
277382693
273978277
273888325
273845570
270880278
270791457
263703086
261947325
252850964
194568654
188996259
185024339
185006024
183540310
181122321
178323555
159871598
157824624
143858315
113529052
109692751
105282085
68082445
58802086
44983204
22725442
15264907
767812
598674
472491
361511
279133835
279124832
279069831
279066176
279001193
278768787
278761117
278381131
276951272
274722276
274368048
273659391
273600949
273455659
273304897
272615621
271734783
270824196
270824168
270244445
262783957
247658152
215785527
208129224
205294064
196180728
192949267
188229215
184095585
163021255
141607005
138323427
133845975
124163445
109694578
71669569
55605174
44903046
428004
337191
278881157
278876288
278108328
277016534
276602957
275833825
275320388
275042769
274992296
274867783
274840246
274318851
274140953
274028632
273135689
270824442
270824187
270703377
263563226
263033217
262792390
247980944
208193372
207256504
204000749
203840990
203840756
194585319
187871389
180230955
172905869
137424184
134670278
694029
612874
590782
444698
412500
410026
350845
278761323
278153300
278065431
277989120
277867853
276489903
275948995
275752086
275627420
275125614
274291154
273582996
273448786
273383072
273135680
272441865
271913955
271416840
270700107
262567641
260941679
250020084
249219616
199106250
191923784
186369201
174841935
146226303
137440525
137375848
136482336
74943721
592082
528484
453383
447630
428003
414945
353098
335262
279189732
279132519
279120268
279022864
278884814
278817514
278790267
278716032
278714686
278508220
278153138
277989129
276451340
274408123
273856848
271450209
271426632
263101470
252849486
217884065
215288806
210513600
208508391
208121662
203204595
199969132
198192464
196219877
193196018
167631993
153521897
125429343
121575511
109113297
78488811
77220845
970212
613109
571674
546654
279001183
278963921
278786524
278761593
278761307
278761077
278714368
278712156
278633421
278610541
277740310
276896502
275009871
274722275
274537555
274113586
273600921
273579822
273161195
270747226
269354879
209165800
204053402
204053386
204053358
181798326
176752841
174896145
158706498
137654994
127266241
109862100
85715878
77965474
75284525
55282144
54711756
43016501
39330774
392601
279242674
278732204
278620621
278153148
278116586
276604532
276395924
276222575
275822148
275620508
274526237
273892379
273719452
273587137
273462156
273135779
271541986
270796392
270711569
261985945
249938913
247887687
224604019
212566410
208099658
204000496
197670275
195666658
188301238
181927334
173672037
118877625
116754298
112825939
78488882
78488807
78488802
20428311
687486
655679
278848053
276798677
274064695
273925967
272929101
272879956
272270728
271829088
271820979
271734619
270824477
270824389
270824262
270511009
263096151
252666620
247978924
216462214
208129078
208104029
206474551
203845867
203763481
190544762
188309814
186256398
138675700
137375782
136539759
136021362
126726715
114963604
108130768
77222905
32915039
32470045
634768
529037
476141
400019
279145281
278963933
278907127
278897958
278834379
278776183
278760754
278716557
278715621
278715043
278457728
278431322
278153661
278153338
278153286
278153082
278125049
278025145
277778043
277515236
277347922
274571535
274170487
274020553
273850745
273795824
273673989
273461270
249885354
217387218
206145327
199969332
199106299
196579480
170870013
129771010
7775763
626953
603724
428005
279124251
278897960
278714020
278713285
278153108
278153034
276284545
273856860
273421110
272615594
272474177
263209592
263034184
247446371
247446331
247442532
208118172
206182216
200853743
197063005
195801631
194583689
192951113
191059828
185654035
181915297
180399896
153409003
149211174
148810455
146403875
143861671
117064604
116810424
109124695
78489157
78488915
78488814
1664559
580142
279009834
278761375
278761061
278715393
278714938
275905337
275611102
275442141
274589796
274170417
274113638
272882866
271052049
263564273
263118790
263034424
262899531
258215777
217500636
206248629
205802231
204000421
195962332
190539740
186741289
183111523
143916702
115706426
113284376
110883362
87573252
78989202
78488977
78488824
78488822
72032650
38088629
742676
593927
454424
277873971
277772118
277180873
276497532
274969390
274867934
274867842
274857843
274855382
273645149
273587238
273455499
272571369
272474616
270824329
270824182
270824146
260941677
260402437
248773769
246770367
217387235
212578819
207658164
206851772
206331307
205195106
201807664
197633160
183111409
113528477
113527868
109580901
104558523
78488834
78488806
58931409
835964
416962
414052
278786520
278714704
278633389
278153288
278063961
276280593
275258153
275125985
274644704
274589805
274064587
274028634
273888407
273888230
273474793
273421523
271728717
271084455
270502002
262295418
217577418
203840857
201308080
186495611
160671656
137440140
114987055
107468132
77702294
58709387
1664553
696520
626593
593922
501619
476159
472497
460554
419651
414303
279022908
279009836
278817532
278715385
278714422
278679680
278637604
276931262
276559172
274909662
274909648
274579102
274120688
273787676
273748600
273670896
273670876
273061634
272855714
271383732
263564262
263101544
263048703
258509045
252849051
202604462
195801944
185024333
185006295
177312721
155254144
146272622
138183901
98733293
92994618
85739085
85715262
75996799
394510
381105
278714688
278153154
278073414
275731587
275728023
274358712
274355914
274028887
273705609
273503696
273245668
272879905
270824365
270059771
262890600
253114022
253111631
252804013
252635168
252607146
207256509
205417647
201567925
198127398
196530675
195821443
195821399
193136238
186740892
185024360
148866398
88798065
78489151
78488937
74548901
54685035
53720983
48035339
612778
386604
276798401
276523307
275591781
275412191
274875647
274471126
273850793
273768828
273238511
273136073
272565518
272565348
272322569
270877735
270824709
270824618
270824526
270824330
263091510
228428244
213936067
207503119
203945273
202961621
195667680
195667014
195666954
191923838
187011101
185006081
176752869
175526904
146939911
138183618
137440531
137440527
130012225
114962084
114955756
77150775
276426824
275707525
275167635
274964843
273823480
272571568
271930159
271084706
270880709
270824711
270824597
270824591
260941671
257859347
257843531
255293607
253205963
242833447
242443816
209318462
205807433
201614031
197923127
197889393
194809244
193459879
185435847
185175742
184476476
183513480
179231959
179231949
174449938
165021179
147764261
136483081
121980161
113768820
76057947
898296
279269408
279269196
278808259
278712887
277837236
277045723
276801731
276290885
274885987
274872503
274858849
274118126
274118118
274118112
274028829
274028827
273241457
271585733
271424276
270256964
270236893
270234817
270234339
270233829
270233103
270214740
242101767
215694030
209319656
208100654
207640393
206561023
205810041
204237697
198559512
194670626
194183465
174448986
147763789
142419168
279296357
278819090
278712773
278712132
274444085
274444061
273698523
273541904
273306770
273174501
273174472
272981458
272526564
270905803
270824629
263972203
263097035
262405418
260827467
252002507
249390915
246397560
215913955
210163927
208917436
207741374
203841133
203840635
201679832
198296789
194406017
194405619
194208312
191089657
190544737
184779705
179233039
177682644
137404517
66398436
279290107
277614604
277614574
277613489
277613485
277613463
276165162
275623925
275623732
275623435
275180763
274755435
274458852
274445163
274444057
274056520
273847348
273823497
273689969
273041754
270824549
270801874
270300709
248591361
214949145
206362996
197725683
194467985
177286692
143292541
137432880
137432823
105796638
102602459
89593986
22643145
501593
395624
392501
350846
278054918
277874483
277874421
277873991
277873973
277873882
277873782
277873780
277344161
277344116
276931778
274612301
274595555
273868634
273868566
273868447
270969691
270824373
270824210
263096402
263096400
262055735
257866746
249962222
249678279
249219614
247446445
242101799
205116902
192950669
183677388
178037759
176943550
176941728
176892967
138625673
132302658
114945754
108002264
50322144
279233429
278399167
277772030
277273074
277180965
276598335
276164950
275264622
275186819
274566345
274506539
273926087
273585196
273585062
273456604
273421800
272480232
272477201
272476973
272445709
272425310
272421583
272406512
271585809
270120840
263577451
263065914
262731121
253358097
252295398
248803181
214079792
212993474
192899740
185654101
183513597
171651762
110964746
82936801
82936579
278632657
278456243
278042156
276275757
275888314
275888304
275671340
275671205
275671168
274777424
274380547
274168274
273976820
273737228
273683209
273683202
273448954
273443036
273328642
272891031
270791461
270634082
262870699
262694817
251980555
248595207
217765722
203841266
199106274
195662375
181122305
162527554
137440138
137375169
136482334
59356674
58458526
58087964
26593712
24467217
279274217
279269686
278907321
278817522
278673296
278633427
278428785
278153290
278153036
278147985
277777805
277775797
277775190
276951195
275896274
275125369
275122422
275122277
273674015
273645213
273624752
273374117
273174499
271820584
271780010
271779721
271734418
271734276
271694766
270107110
214889710
192950048
191923868
171549986
134320850
124764815
91530572
59535427
54051354
429451