279211804
278238291
277921751
277600248
279123926
278765482
276396507
276024683
72001038
521004
279063452
73953860
276247885
273896906
278790516
68688351
447999
527675
276089815
278765406
279133385
279281012
276232506
277269561
276666388
279098364
276657594
275503640
140574387
276252049
276057974
275814541
274024582
214753121
73865118
213517287
276111422
279097473
276560008
274851067
276182769
277315825
275707311
276396455
248878587
179800406
263584539
278861023
262581987
276500403
278863194
278380960
273570935
114830487
276183158
263584360
261946450
275646321
277383600
251942832
276346118
274105016
279165783
278863184
248893276
275936595
271966951
275645526
276603093
279133242
277231272
276174293
279076454
257552570
276355437
214113423
208317344
278765379
278765562
279280264
275630460
279121993
276777452
275624484
276430710
271373832
276391947
279133124
279161550
279160972
276559993
203456960
275974444
279132768
276604993
276531484
203202209
213992130
270105810
276307694
276559987
279259444
276348864
279121866
252942243
273729016
276091181
276657638
276356407
271373717
271407949
275415805
278462878
276091230
271408168
278500407
279280396
279213749
137425287
276248760
278516165
276292258
276119441
276356482
277461546
276165243
279306514
279169603
279221998
278616412
54513092
276111281
200006823
277587962
276661648
276147273
275974880
275906136
276908645
209900550
276560041
276551600
278861033
279262243
252942245
278737974
217612114
271372846
276112047
276292762
271408213
253129485
92010549
272007999
275676314
279221837
216133161
278516153
276115049
276292292
276438161
276115069
276438040
278616932
57768092
276583788