279236950
278068513
277860803
277845888
277588879
275890802
275507494
275507492
275385412
275385295
275385293
275231778
275231774
275231301
275215800
275215796
275215684
275215584
275215580
275210635
275051561
275002411
275002023
275001997
274960240
274960014
274958445
274953089
274947885
274892949
274858838
274858109
274805411
274802730
274795009
270268732
270224595
252880140
252880053
252878167
278062629
277978116
277977280
277870020
277857804
275917183
275890804
275840778
275770180
275520343
275507490
275507367
275384806
275283214
275231776
275231297
275231295
275231287
275231279
275216080
275216076
275216052
275215968
275215852
275215722
275215702
275215698
275215676
275215666
275215660
275215654
275215650
275215608
275215564
275215520
274947908
274862279
274853780
271542040
191817633
279232808
278819453
278170086
277976252
277870391
277870161
277866671
277859941
275917201
275917181
275840838
275603824
275573768
275543531
275507361
275283348
275283314
275216138
275215998
275215970
275215910
275215904
275215816
275215764
275215742
275215724
275215662
275215626
275215560
275052569
275052545
275052408
274859475
271141526
252883140
252883104
252883015
252880129
252880073
252878110
278714794
276104182
275864837
275664513
275520367
275507470
275507347
275384808
275384796
275290777
275283346
275263404
275231766
275231345
275231265
275216144
275216010
275215958
275215902
275215806
275215746
275215690
275210550
274749515
273534857
272493176
272035212
272035206
272035161
270453678
258567422
257552603
253210425
252883023
252882815
252880023
250096162
201929105
125089633
578081
278967695
278729286
278616280
278018082
277981984
277978096
277977211
277976920
277870648
277864901
276239710
275573794
275535731
275531108
275390419
275283296
275231349
275231309
275231307
275215972
275215832
275215820
275215648
275215550
275210564
275051941
274037545
272851055
271520563
270808147
270453665
253095267
252882484
252575540
191818078
190827146
183538661
150545053
111350560
1735045
279081728
278045194
277978024
277976868
275664636
275283240
275283224
275263428
275216118
275216098
275215960
275215932
275215918
275215886
275215854
275215822
275215812
275215790
275215774
275215756
275215622
274998326
274952843
274952772
274749544
272305729
272187696
272187083
272174708
271520650
271434306
271311309
270134777
269947118
252882829
252878126
175445484
173718231
140100888
24862927
279279867
279268475
275583025
275384998
275231289
275231273
275215568
275031704
274941390
274846641
273325261
271963432
271884306
271329040
271323850
270647751
270549467
269946706
269946664
263587603
262606189
262051096
252882501
249036978
216280597
197568638
192990394
191987939
187688989
185881906
185626719
184468883
182144111
182107876
140970232
120183877
112549846
112539525
111704557
111189747
279269792
278819498
275863100
275478757
275465916
275376808
275014031
274988567
274895277
274444924
274135265
274120665
274055655
273335611
273157390
273157386
272998378
272998320
272851069
272468383
271542034
271448037
271447667
271329047
269947034
269946666
264015956
262792370
262792354
262792214
253187948
252880055
252357113
252040784
185206113
183539023
178831368
111189811
24165617
22651706
279286136
278446672
278446621
278237954
278194248
278149082
278057928
277942187
277588878
276252357
275840853
275802227
275603689
275603143
275599734
275588435
275396161
275382464
275229691
275228819
275226024
275225677
275052583
275052573
275052496
275052334
275000041
274907989
274894102
274893836
274893786
274893100
274892873
274892761
274892745
274882565
271377443
271266980
270745661
111371869
278421336
278316426
278093354
278068603
277942964
277881532
277859030
276139976
275625055
275603939
275395283
275229539
275212104
275093713
275052244
274998257
274960284
274958184
274890371
274887159
274883855
274882169
274445329
273941311
273314207
273314195
272449511
272177676
271982271
271641397
271294182
270224629
270104575
252883128
252883100
251546419
193737096
181453913
111704049
111350199
279081724
279081708
279081703
278045176
277977542
277977344
277411882
275507400
275291089
275231293
275231291
275231281
275215986
275215720
275215716
275215630
275215616
274988464
272035208
271963313
271963180
269946824
253119546
252883245
252882889
252881899
252881847
252662822
187696883
185884833
182147972
182112719
164259135
123441804
112553870
112545034
112531691
111702970
95856875
22648674
275863128
275573758
275384812
275232330
275193102
275022884
274988295
274445168
274444774
274120698
274104631
273981438
273980265
273768237
273364679
273157388
272982973
272837256
272830157
272273928
271884480
271542044
271542000
269946712
264018152
262792372
262792188
252884397
252883134
252040439
204071466
183539056
182320688
180736399
178831482
178831388
172120318
25001940
24999822
24593613
278317465
278317406
278316435
278165418
278076408
278062700
278062447
277943345
277345350
275802147
275603172
275599588
275584853
275226715
275051768
275045958
274999717
274990400
274963350
274963124
274894253
274894212
274893746
274882019
274881878
274805405
272998330
272830027
271542047
269973428
193736897
178831360
112520184
111385906
111371291
111367451
111365723
111365644
111357140
110776070
279241576
278631873
278427877
278322900
278068517
277942871
277870891
277858955
276508349
275840823
275778545
275603879
275603746
275585594
275507498
275507472
275507420
275229457
275223032
275222784
275215594
275210742
275054724
275010499
274999616
274961627
274893005
274890521
274890275
274887266
274586438
274445178
273941452
273816770
273541593
272493140
271900249
271102383
208428312
193684610
279081726
278045178
278045160
275664546
275216000
275215938
275215922
275215866
275215850
275215846
275215844
275215836
275215814
275215810
275215708
275215682
275215678
275215634
273542447
272035262
271589883
270742932
270544358
270134775
262606216
252882518
252881907
252880154
252878151
252877831
251749270
182319748
172112635
123441806
112550370
112544460
112543937
111385325
111366606
110682657
278714846
275573754
275507363
275507337
275306041
275291093
275290775
275290689
275290578
275216126
275216112
275216086
275215574
274883980
274444939
274444722
274444533
274444137
274444015
273357035
273335139
273082781
273023658
272851071
272035256
271846467
271448240
271447671
271429661
263677431
262640362
252883269
252040519
197406240
183538779
178831642
178831303
31515184
25679107
24594367
278076424
278069268
277943280
277881571
277870737
277869812
277869256
276179593
275840862
275603131
275465942
275290576
275286026
275283206
275225297
275222400
275092729
275037918
275002399
274962015
274893463
274893319
274893213
274890584
274883827
274861005
274794925
273168122
272998324
272998300
272837104
252040531
146275319
132304206
124526051
111367922
111189825
110709400
101459560
22652529
278317458
278194322
278149799
278070832
278057930
277942470
277867991
277867857
277866664
277863972
277857899
276319291
275802171
275802169
275802097
275801842
275599493
275573756
275535733
275507468
275225574
275052558
275051881
275002419
274963139
274908083
252882528
111364800