279251020
279231820
279166558
279154990
279059044
279058552
279058512
279022824
278904162
278866096
278819424
278785995
278761611
278760820
278760636
278716917
278713612
278667914
278636692
278617126
278457153
278229217
278040091
278016070
277967046
277966976
277966934
277702135
277522119
277381881
277031070
276464659
275742816
275716147
275452483
275010414
274715307
273718128
273708791
215185377
279268873
279176708
279132340
279112558
279112494
279112434
279022892
278969704
278906908
278893989
278866132
278866106
278848331
278635403
278620852
278603011
278599377
278533342
278229326
278226762
277603256
277563821
277383409
277381883
277233456
276915778
276798126
275986386
275712275
275567526
275320650
274747391
274669319
271075028
271074988
270711745
242075209
209349518
185573836
177533628
279269746
279131493
279059202
279028467
278969710
278967792
278966864
278966812
278866098
278831319
278813709
278802822
278761049
278617168
278616272
278507143
278229340
278228898
278226744
278146931
278030978
277869021
277837387
277702201
276863786
276439636
276439585
276414976
275948467
275940806
275932378
275341554
275251063
274826697
274569816
273380995
272382757
205695861
154533159
7838281
279283620
279269174
279257284
279250950
279237732
278907255
278907169
278761575
278761333
278761309
278761295
278761257
278732169
278725089
278695452
278616536
278228836
278002258
277940657
277552622
276525654
276388978
276258572
276132442
275904382
275597356
273238802
270745783
270300303
262567636
217125749
214818756
208917304
208739231
205694873
203233047
197415341
167613501
44843894
32855400
279302984
279269768
279173431
279157740
279132887
279132762
278967011
278907046
278906988
278901547
278866070
278866056
278802570
278771823
278760943
278617308
278616696
278228825
278226698
277940663
277869017
277552620
277354195
276545428
276544313
276508103
275266032
275261443
275065845
274866923
274358790
273238796
273166665
253385423
217779385
214856982
207281194
205540601
118419938
49008755
279131818
278994764
278227193
275986372
273712950
176108228
171936927
32899180