279010611
278901516
278117139
278117023
278115889
278115784
277997101
277933601
276009262
276006436
276005249
275504850
274989849
274802501
274179491
273694994
273694992
273581736
273472453
271726015
212317619
212212997
204753416
204435863
188375831
186741672
184245551
181170975
179058159
177941570
177016814
174207259
146270534
145167505
137241901
91855123
85623302
77900446
74362508
22438813
278610490
277859166
276348464
274988675
274067352
274064124
273624178
273624046
273599967
273512004
272247071
271946261
270105028
263098596
253324947
253324943
253324941
247935570
246160539
216226711
215111449
204665715
202794317
194200348
194199744
192948608
186606680
185264166
181170721
181170537
178297560
177991754
177941580
171550204
167614144
149781038
145977554
140579176
136143567
77231187
279308092
279280722
279280222
279261960
279202555
278961308
278372261
277933620
277872367
275264554
275144342
274356250
274185346
273664646
273581742
271453711
270744169
262984001
262704944
253324945
252853888
248567429
217440344
215141932
215116627
214889689
212563273
212474335
203288356
200649555
183531638
180923969
177941578
173710473
149779004
147796035
140221869
136482761
107620077
91097224