279116282
278966679
278838097
277499663
276388548
276289479
275178313
274844704
274363543
273717706
271518926
271380890
263070154
253129523
229714486
220665663
179063564
177637709
170708233
170708219
139303869
127649070
124767703
113530805
107802183
106362865
101782486
91947689
77982982
73207098
68059466
55319105
50322710
45663008
40933971
32490132
13419678
10866305
10767515
10005245
279259349
279256251
279120661
279113082
278930231
278863032
278630608
278489414
278445062
277977440
277587065
277585868
276883579
275868849
275624199
275243138
275218105
273641990
272449818
271379451
270660514
253057679
214186194
205581885
199216988
195801321
191782162
189940673
187827003
147058065
145300494
115078652
99511241
85923342
82936273
72459686
66619715
52584834
48481763
30757177
279214553
279193597
279171186
279145283
278971265
278971262
278944943
278885728
278692091
278619822
278090753
277857896
277552978
277345355
276938718
276860822
276289473
275905148
275611538
273454623
273346856
272000444
228989363
222655553
214599046
196142087
189336445
185909477
149180057
107802188
90985718
76776245
68585576
42230121
12141178
7982626
7718737
3859125
3640427
2619499
279226630
279186717
278972917
278893504
278863038
278584870
277138921
276957445
276912755
276649996
275716163
275354839
274845339
274170471
273844978
270546273
270504803
263099068
261151722
248650694
247843970
247446852
206678865
190238356
189643105
186876107
173745189
173515426
157255752
138226261
115266692
77323488
66104132
57815506
49747007
36376493
36363381
10397241
8835159
576362
279191863
279081834
279064195
279062721
278952179
278865564
278713580
278680907
278668649
278196123
277995420
277585864
276828245
274802547
273691882
273114488
254078276
248541389
208560326
206675362
205010298
204317918
199547425
186265449
170352966
168662558
165150439
143186001
124767704
116406726
112110014
97561438
84970841
73521489
50723822
50475521
44335819
12138654
10118600
3640421
279256225
279145301
279100091
278893502
278643462
278321464
277998016
277585872
276976868
276912267
276430699
274940704
274362874
273746350
273361726
271278938
248798962
242734893
195545266
177312713
175798778
170490710
170297941
161930883
154186090
114578905
81884465
78015053
77149352
69624548
53258507
52749673
49722650
41299108
31205932
20917699
13624088
10371573
8121633
1699251
279226628
279083136
278971201
278842696
278713964
278445092
278170008
278160712
278116070
277995357
277931470
277857894
277857892
277837824
277587062
277520851
277314380
277138919
276233708
274545766
274423651
273648809
273486381
272888010
270442370
261983522
247291772
195801687
192949122
186265462
170706996
146225297
130233544
77717434
74608739
54624818
11951795
11336581
10752430
10379317
279215361
279186712
279160139
279136304
279084666
279082045
279063833
278591040
278089743
277408894
277316439
277138904
276477770
274557870
274160589
273219043
273120248
263067664
262797664
247444185
203958084
198208145
197212830
196411152
195291928
195288810
173515434
173135244
167301575
145289356
111579995
109505434
56377195
44044693
38436464
26114399
14524625
10576548
10095276
1662793
279187975
279056261
279002384
278966750
277810522
277314385
276286331
276077530
275525082
275354843
274120615
273691900
273280353
273135675
273127175
273118808
263514093
262654795
253360429
252138287
205973484
203864197
196411135
195472154
187824619
184629090
176824194
173882437
169546325
106863963
79239547
68774268
57767468
48659055
34340291
10704325
7371485
4118051
1954475
555504
278972771
278630613
278503264
278310158
278238125
278117413
278078075
277920152
277621881
277607919
276938748
276895359
276477771
275525072
274364964
274363545
273921648
273732354
273250376
271613423
270745659
269946656
262525581
207754451
202895290
202036051
197544429
190592910
185909439
129766803
116158416
112106439
97561436
93327797
48541755
10281626
9687403
9415884
5412667
3123889
278966993
278854100
278713641
278632650
278456218
278308873
278117580
277912060
276583972
276398947
276330990
276231590
275337800
274745479
273958138
273718820
273607574
273273943
272000436
270114030
203923084
200764122
196018789
189326212
184466860
179546672
179546078
129381090
117595293
91471505
83432795
82499698
53301432
50441575
50240864
48513049
46107066
1639671
656867
578262
279173508
279022870
278880969
278837634
278783653
278521785
278245687
278117150
277976158
277592227
276912280
276653748
276471621
276148713
275716162
275490485
274845343
274807853
274368529
273718675
271456502
263682936
262589850
214199916
205815553
199969171
197964595
197117224
194103545
189326210
173515993
173357306
170298038
74341297
53250815
49549978
49249526
2388505
595715
480040
278998889
278952174
278894274
278816168
278678650
278588243
277981913
277976576
277816221
277600246
277436497
276827232
276715851
276452123
276384301
275033841
271828300
260847306
230009482
216001238
216001230
206248654
200673242
199547431
195881360
178240547
174215332
170708229
127672068
117681065
113117287
110694737
106604996
100931366
92551275
82041440
73553846
9754385
556940
543197
279189439
279186174
279132427
278973376
278967710
278951875
278685760
278445033
278216492
278025188
278009669
277570047
277395406
277023937
276681143
276302718
274579116
274442134
274442105
273984272
273822779
271433576
271366878
262836775
253361068
248656094
244168307
230323598
186879841
184895620
173515458
160759009
146988856
105374529
55589740
54002545
50475529
45613723
8848897
831435
279226616
279201753
279106088
278860986
278761305
278668643
278665024
278377642
277977627
277977040
277312609
276952779
275624232
274986428
273921678
273454626
273397161
271914100
271199023
270854018
263697809
263500630
256511168
252156812
243184746
200805233
200780112
195545328
187933666
184101370
171103376
160081252
138107485
121635152
107707578
86540950
70851273
53301000
30156560
20555379
279248061
279100146
279017070
278896959
278809504
278713592
278532024
278507101
278228948
278169566
278095411
277408901
277345347
276923143
276509010
276414733
276232522
275316345
274970385
274949829
274826840
274587865
273308816
273176244
271005395
263697805
253444124
209349464
202042569
185909016
104741661
104269229
101897983
74860166
74793291
53095299
48323805
15416797
6620863
1387539
279160566
278595648
278243609
277474439
277316383
276948623
276223854
275904482
275576875
275268294
274751572
274565546
273547157
271291297
270253548
263206688
253227806
253005192
207752597
200628215
196411147
195980676
195545300
186088879
178032067
173763067
150614688
146271826
89593985
77911223
68774265
53301006
51426132
29190890
26520165
13853092
3647725
2107167
595861
320921
278906953
278892849
277587071
277527620
277041349
276976913
276938743
275622606
274361711
273732468
273406133
273304891
273043900
270830664
263117193
263098537
262646212
242995006
241746529
215123437
207852925
199030585
195190101
194205620
193895765
185909450
184629078
171651769
165021246
153364291
138342170
117074749
105664072
76181976
47342678
15917116
11508322
7718733
3658331
2100771
279201965
279063675
278901560
278714086
278572769
277750399
277314078
276960723
276799667
276625089
276553333
276247870
275279880
275087191
274586714
273896895
273419055
271362362
270993320
270870145
270233576
263195982
249391879
243090393
216090612
202429191
196422801
176487496
144531369
136540014
70817144
54616131
21170977
19349136
16223234
10071069
7954373
6776025
1933177
413898
279132050
279131153
278761157
278643562
278472140
278252010
278035340
277973561
277519441
276076848
275622574
274362888
273304871
263678296
261025947
257855895
249156710
248898476
248716954
247336536
213987608
210762357
207854280
207427386
205574137
204416859
198531470
153045613
91986129
72622021
69764533
51316778
32735946
14683295
7986380
6683795
1825403
1732951
759024
512557
278890163
278850961
278793642
278515181
278308871
277520859
277135748
276462370
276248099
276148015
275308044
274408126
274364966
274237045
274096581
273304879
272352556
272000440
262806906
254094307
251380080
241339395
208907132
199009756
196411156
192712538
181926387
173515418
163021116
149777992
134677179
116396339
66104136
48905222
7435675
3732979
3641267
2254441
602898
346722
279173285
279131482
278880965
278866054
278669278
278636878
278489402
278326484
278015939
278005630
277436649
276919300
276616667
275585434
275180356
275010422
274791118
274460443
272856939
272597269
271014722
270835318
244168841
210145959
200692968
195545307
194819071
160814562
136939576
109650617
88797361
87389629
80628929
69764541
66712456
42189706
37699889
31993283
5904643
5067169
279212035
279106110
278890374
278883832
278713778
278451452
278059479
278031197
277969346
277816234
277621885
277357548
277184467
275827710
274771453
274557499
274353145
273378785
271391581
271380317
271218690
270835309
270510859
267339628
252892381
249160352
216204611
212213039
180399921
173763072
150372987
78598381
74362886
71345381
39173483
35761355
27605626
12053544
10724112
2012491
278856949
278816034
278713643
278029713
277919499
276938719
276642719
275853506
274917075
272888020
271270190
262797662
253402950
253396850
216090616
214160514
207395736
198101945
196337124
195545274
177621296
173745190
172067123
167600175
160591631
141421099
106362509
92571387
74460137
57707233
51119880
49459958
48210076
44433397
36085778
17458186
14266088
12502158
12416731
951573
278967675
278930246
278638178
278485956
278100510
278041424
277552995
277520692
277396067
276583200
276165164
276098886
275903864
275792722
275254032
274364967
274102500
274069400
273690134
273674113
273359966
270100228
253642361
253293668
248619211
217696325
207427382
192948632
173515946
166192600
111271564
103640412
101470925
83604294
53974339
48314966
48035287
21574180
9431483
8835539
278917019
278906604
278724612
278310162
278242670
278131619
277621789
277342714
276502039
276363662
276286324
275354835
274634496
274612423
272036442
251265664
249681308
247328675
216090608
208206808
197695114
195661677
180230992
178502495
177860464
165150427
164092127
131843987
90679276
84950236
68561288
55093422
41299102
36311444
26412712
14455524
12416736
2149525
1676079
431077
279193935
279183245
279122424
278967161
278756718
278515188
277436477
277408897
277275526
277032056
276938740
276437746
276329472
275853524
273718882
271041024
269897428
253005027
251345295
205813288
205694862
197710925
138107483
118124351
95289181
75948573
75630581
74035632
73521481
68823442
56697257
44808488
44017483
36031711
26272210
16631728
13461067
6915413
763843
416663
278809845
278244038
277543252
277528237
277135761
275268288
274397048
273984270
273953495
273822776
273386450
272370905
270477029
263596264
263515801
253412718
253284235
253058424
252934457
252778111
241746525
212314782
208198129
205988591
186591101
179546074
172927052
74174192
70663368
68124284
67040880
51833336
38223395
37890741
34271371
31991941
27931955
14303655
11232643
4978895
279224269
279173525
278859558
278836837
278440161
277770734
277569541
276860829
276032063
274553829
272444395
271433634
267340206
263199891
262862569
252024891
229726905
212482271
205894102
205574119
205506332
199706225
195545416
195288805
178831696
174397268
173515443
170706985
115673646
102629342
91987814
69978860
67477613
50361496
37699918
14764323
10694902
8154914
2782217
574420
279191627
279191625
279064351
278893217
278892851
278791362
278703787
278515192
278165141
278125685
278015962
276976864
276079799
275748871
275724716
274442089
274168290
273662839
271317251
260276541
253284504
243090200
207754430
196411158
196142089
195545322
174444168
173515468
170708217
146488309
110696155
97551372
76048205
75441270
71149256
40933993
25914360
22634351
7491399
2626293
279196750
279093766
279008151
278719382
278636689
278519201
278045824
277138923
276653737
276379546
275706634
274915806
274364986
274362859
273452474
273312371
271193242
270663154
270232385
265478085
263800091
262973000
253661398
253248350
204317932
199012133
198707246
196516214
176733220
173865570
167043778
121410060
57791776
39523655
35720772
14378792
13312178
8234991
1017142
504612
279191860
279112123
279063831
278906744
278865062
278761215
278626861
278443144
277933562
277770730
277717783
277379413
277228101
276859462
276800483
276502037
275776880
275601023
275358557
274634497
273293611
273119899
242425995
225236888
225224424
207754097
201088143
192948718
184101375
178831607
165150340
165030731
160814508
110883356
65005284
58969015
58695343
48586887
44017485
10295361
279258183
278933023
278893213
278761395
278761013
278694429
278637419
277912064
277463120
277139820
275853530
275490482
274872675
274587870
272255869
272247099
271954610
271391596
263697799
263117395
263028542
249596467
199544226
196831940
196518842
194343068
187933180
179546070
177197183
165150443
152370949
127599456
121046143
88592202
72878579
66933888
41131985
7278095
985964
555338
279112312
279093678
279018303
278749517
278532064
278002093
277989083
277388115
277228099
276750349
276399400
275354841
274970388
274107874
273691904
273385082
273191084
249768861
247680519
242995010
206837191
205988588
199040301
196290947
187619400
186265455
169546327
138504809
128936372
96550393
86563909
49549459
11255050
8965213
7561053
1341871
1008787
896646
552393
361677
279106115
279005288
278484677
277135728
276938747
276938729
276462151
276230850
276023947
275853503
275508008
275376832
274761011
274721704
274174165
273732473
273670762
271972239
270456082
270205503
263980750
261026915
257847634
214493573
208288782
205576405
196831951
192949836
181971346
144250329
138143167
106362109
56375153
43342173
38545817
13528493
10226612
3732975
3643493
1572629
279186170
279082041
279010832
278539705
278116115
277976166
277482493
276435166
276414791
276247871
276051707
276043993
275853495
275716157
274724139
273620923
273406311
272238438
270235376
252098916
252004165
249156705
241771967
204317917
198482968
169109683
167149888
165030806
152870874
112333133
108501272
51420872
50330236
26003620
10752047
10281398
7916685
7435647
4216293
1629491
279251802
279231780
279081579
277946319
277871171
277135733
276462153
276430702
275354847
274376747
273911352
273728952
273397156
271820593
270222586
269844388
263510696
262875359
248546556
230201706
213588025
194343359
190592924
183930330
162025671
147570487
146490973
140129166
100947284
92859698
76528247
72646205
58734708
36399672
25049751
19719607
14683311
7050299
596049
515850
279106414
278945107
278521773
278277397
278110074
277974156
277591264
277463031
277436585
277038193
276901969
276799206
276401016
276077642
275078191
274560375
273737637
273698921
272597209
271391582
271356539
271199018
263510672
262054994
249876837
249391850
242425994
220684090
199999708
197687540
197337637
193897101
192950916
183930334
171651791
90622579
32413721
32192499
16158713
398558
279113600
278906910
278765965
277345349
277314071
276912263
276479800
274775228
274467449
274363781
274317622
273910990
273718934
273191081
272892168
271828247
271782313
271379450
271123870
262060916
251279424
221516852
215292725
202895298
201679848
199544137
198499793
194124519
189643106
187934224
165021296
91663267
89205994
59402602
56692532
41092333
28731261
6756517
364051
362158
278617250
278598037
277984559
277977331
277587079
277520270
277023969
276119411
276078763
275905149
275792686
274692708
273737646
273691902
273326868
272111564
271371708
270442382
270442375
258378691
253786325
203864192
195286659
194102291
170490704
169887174
101933240
74860521
73497218
73278026
72649752
70202693
48372581
44183109
32373617
15686499
15155527
10684918
6177083
460872
279005286
278901752
278722282
278520928
278457429
278447155
278226965
277816161
276860818
275567524
275406588
274771188
274719773
274123942
273951056
273114475
272360329
272000434
270510851
247649403
229707049
196284158
195960939
195288800
192950693
192697068
185654029
177860568
176487502
139294113
108249872
95498873
87457185
48752755
38113246
35283869
21053410
10282075
8149365
807719
279171178
279169754
279071801
279067047
278930429
278102732
278037723
276741195
276423991
276091126
275231047
274474328
273667826
273452472
273211336
271096618
253631825
249373998
215119504
197778887
193976678
192048659
186111097
177860562
176752838
167685122
158622140
146224381
107447737
102075068
59239921
36399666
19817965
13833466
11347711
10577301
8847445
1353615
694094
656541
279063680
279054220
278631742
277973565
277587064
277571912
277571902
277527617
276923119
276462972
275916703
273848255
273586632
272219093
269952728
269889356
200628213
199544138
198707247
195962846
186233252
185909448
146225293
126742911
119225716
93166345
71062572
63526732
58299382
44888285
41132647
34258441
25072619
22631284
15966190
10562124
8076354
5975117
2069357
544447
279143808
279133744
278723601
278685093
278432578
278243606
278090492
278009626
278002969
277976338
277811557
276309380
274849310
274362866
274132950
273667800
273135672
270116381
263980877
263077344
253361078
252846123
212992688
207397662
198932575
198204746
197120437
180230965
178464273
167614183
140128993
88042618
82936810
39363661
14079698
13833456
9431348
2012569
1067982
888728
279056217
279008485
278966738
278907165
278639357
277717719
277571888
276688219
276331138
275890142
275418620
275074402
273660800
273114484
271531610
270835313
270314794
262871303
253276785
196464090
196424381
178305683
174085283
164092122
130995905
106348940
100382944
85375473
74792521
72050485
71682930
48579418
44335825
22648602
1938939
1660555
595812
585134
459122
346639
279135698
279076914
278229164
278092612
277991142
277510484
276230851
273114471
272376599
270792556
263697812
262909022
262605396
253113463
249700435
249237614
216090591
208206775
202961720
194124740
192948680
186874500
174896131
174053651
128635781
95250071
81419795
79129187
77627186
77036504
68437863
49726078
36830521
36023701
25072798
612829
543363
524438
403945
374583
279165290
278930279
278599749
278243607
277919505
277742610
277345340
276399019
275705405
274949687
274548633
274142928
274120677
273718011
273452694
272852838
271964750
262525576
252887458
244169837
242425992
214186188
212993456
198644535
174267565
171547538
169640941
159012105
144529977
144079763
106362398
100105844
75369294
48313527
44183115
38158407
11221388
10365091
8300826
561056
279159622
279063674
278618371
278585994
278311357
278149443
278065955
278052500
277984707
277977400
277976282
277880556
277463179
276963571
276859398
276688548
275747129
275316337
275025274
273952861
273896827
273150652
271949688
262646216
257847636
253264244
249526232
248499312
207400592
198858935
195849866
184878550
176824435
169379499
167034129
57806678
47280039
15309319
828645
486664
279131477
278967043
278966704
278617068
278452779
278326109
278294382
277551172
276597287
276285747
276079777
275748861
275716172
275548744
273888253
273868888
273286639
270835312
263039391
262525564
251590728
249050990
227455640
220666219
217336261
195817073
192125795
191148787
178831425
170466595
167685123
151757129
106362802
93838189
24593176
14692672
14508205
1933173
991732
543874
279131310
279076715
278964386
278958167
278601976
278127552
278102730
276937017
276809089
275517702
275354992
275121338
275056969
274442124
274319415
274120686
273717717
273705851
273609637
272557043
271949694
271278936
271199017
270442411
270302191
263678593
249219464
247655702
216102598
199969291
191694811
101257384
76048640
73609399
57771348
39523651
36829812
8160133
6512109
597621
9732061
275716149
219134875
159484594
275490480
273553579