279131848
279112588
279112220
279008489
278999747
278952177
278761441
278703574
278703573
278700223
278698607
278698605
278698583
278698533
278668550
278210217
276679504
274970376
271319408
270453698
268504629
263401693
263394584
262804723
258858348
176937688
76023602
73854345
72851586
69980933
63025001
43051849
35723005
969176
777497
595751
595738
595726
595724
452315
279005546
278968854
278870044
278790814
278698581
278637598
278584151
278229330
278220487
277416544
277312099
277253666
276679507
276639117
276035336
274595667
272990554
272058867
271846266
270925753
270790315
270147059
225386506
225386434
215560792
185006183
166537175
127190758
80752602
73875108
66471595
46206233
2790557
777546
777545
777543
777541
625465
547118
382093
279209376
279112406
278868767
278843005
278761287
278727447
278682376
278668456
278251922
277855643
277855616
277041785
276798786
276685324
276672057
276651361
276639219
276566137
275947391
275937186
275907560
275283360
275224253
272990370
271452049
263401743
262465637
257787141
250095746
202529538
188694727
171108471
80877980
76223381
73872704
71928865
43948990
2790499
724279
493933
279269108
279148476
279133108
279112884
279112314
278899690
278827529
278617016
278493550
278377875
277856346
277810616
277253383
276777303
276680938
276672055
276635136
276368692
276306190
275590533
275465953
275050521
274870103
274678787
273357378
257847852
257786653
257771693
248182664
247931380
205506362
204280563
197615062
186620131
165626721
156234339
139730453
68071885
44201055
20491325
279209305
279121890
279112462
278860430
278842983
278703592
278695967
278503409
277856255
277855607
277436437
277416550
277344619
277228161
277042498
276847100
276806910
276798626
276798426
276797429
276685433
276672059
276639180
276636132
276635744
276635075
275418648
275283358
275174711
274595517
274454095
263347856
257787239
257787231
257787130
257786727
248678315
81262116
46206082
616472
279145181
278899682
278833437
278631549
278616563
278616274
278594309
278422425
278228866
277855595
277394812
277253519
276848837
276798992
276777397
276743976
276672051
276368680
276259679
276028064
274544382
274185944
274173398
260852349
260845116
257856328
252161710
230241358
215430078
167615448
146274618
113204115
54629212
46206221
816816
816804
777570
606682
452308
389621
279131643
279068865
278872118
278761095
278638176
278632687
278525760
278337551
278292885
278105353
277344654
277013703
276825977
276798911
276777373
276777363
276754461
276743959
276681402
276672061
276639274
276635115
275962547
275126442
274660084
273987449
273309562
257787121
257786735
257780562
247465724
243051100
235882958
197595391
197595383
166404938
160754913
106752940
81198073
76023044
278966814
278668487
278616962
278616386
278191065
277378211
277253363
276806890
276636255
276636249
276521928
275966172
275907435
275291123
274367994
274173269
273894261
272990476
270812885
263450649
263394057
257787241
257787235
257772672
257771686
257771680
248678087
213698377
197595397
165237426
165236065
118192285
98938278
81205848
2207745
816814
777548
684606
631754
452325
277963734
277436667
277030915
276798708
276798403
276753524
276744027
276743908
276681204
276679478
276672088
276639078
276635993
276566177
276521908
276114928
275937120
275406070
274881290
274598395
274172950
273357072
271101864
270925756
257787233
257771705
248678097
247465732
217489614
216464514
208137652
203084218
199706092
197595377
170064702
167061582
162025663
80759915
606696
548090
279008471
278721343
278695973
278523752
278094869
277856949
277233380
277030833
276798276
276792591
276777636
276635717
276566145
276566122
276306177
276114930
275854398
275531778
275079827
274832908
273309558
272210160
271557871
270959256
270845548
263394902
263393683
262037420
257771707
247705458
167613662
166369770
80879116
68119406
48982021
34745854
32221385
777550
606545
452322
279280697
279275065
279275063
279275061
279275039
279209380
279209374
279209355
279208797
278973547
278526658
278503397
278220493
278220486
278012730
277253372
277233419
277232143
277172165
277042553
276798980
276798722
276777270
276681145
276680918
276679488
276639291
276639272
276639249
276636273
276636232
276636204
276635151
276566149
276566141
252278079
181909476
167613837
118693074
48753874
279272386
279145200
278689879
278499114
278497940
278210148
275548094
275209953
275209888
274994111
274943249
274884228
274785203
271101809
257787253
257787199
257787195
257787124
257787115
257683139
248682907
248678078
247465730
243059539
243051162
243051146
243051113
243051090
213857272
197595370
197595360
190669530
167615290
167614658
166536940
155601217
118792387
118792322
80148080
35604893
278616644
278594313
277810618
277436469
276639204
276566118
276490056
275418646
275415946
275283354
275255406
263450618
260922646
257787251
257787196
257787129
257773680
248678491
247465871
247465857
247465735
247465721
230241362
213348521
208747319
197595409
197595393
190608358
190502236
170064674
170064151
167613931
167613859
165236077
118792171
118775599
118275015
80896205
9689045
4061017
279308625
278975479
278594311
278594307
278327527
277856311
277253348
276798414
276777129
276414701
275357144
274191793
274035912
272463826
271452220
271101922
263394386
257856332
257847879
257847866
257787247
257787223
250095968
249659538
247705450
243051144
235882952
207281026
200725365
197595394
195742096
180957739
167053446
166390012
118792394
118792180
118791828
118775678
118775271
80583727
278427926
278131757
275080033
274004828
273880758
273880751
272850795
272850423
271966137
270241769
257787229
257787133
257787127
257786744
257786743
257786728
257780566
257780564
257780552
248678667
248678509
248678060
248543704
248194625
243059559
243051128
243051110
230241377
203084158
197595405
197162358
176119709
170064726
170064353
166541225
118781218
118201831
108019770
80932530
80899950
279145234
278757422
278515392
277867584
277855600
277228780
277228173
277042555
276806817
276798978
276798567
276777726
276777114
276764101
276754443
276754441
276753905
276751095
276685461
276685357
276681361
276681117
276681049
276681035
276680972
276639209
276639152
276639143
276639073
276636314
276636014
275962520
274842792
274560522
274005448
271557193
270832816
247475221
167615266
77221582
279275055
279269398
279213675
279213671
279112446
279051273
278833276
278802629
278689873
277436459
277233382
275415908
275283364
275283242
275216273
274096569
273587916
270886468
270704242
269017991
258858415
257772674
257771701
257771697
230241384
216401112
198301224
167317986
167272917
167210860
147564444
141949861
118789330
118281735
118157050
109355836
98951680
81135309
80896646
80531019
279245955
278976960
278842963
278169841
277042410
276806918
276754459
276744002
275835524
275548022
275206302
275037823
274783125
271846465
257856321
257787227
257786652
248682915
248678288
247465851
243059557
243059464
235882968
230241354
216520080
215040309
207280851
205928395
200994625
200727411
199898080
197595381
167615460
167360173
118777744
118777279
118202781
80711502
80510826
27864604
278632367
278425077
275324295
275250932
260859356
257856330
257856257
257788482
257787137
257787135
257787117
257786747
257786733
257786661
257786659
257786655
257780577
257780575
257780561
257780551
248678410
248678045
243059444
243051152
243051118
243051102
235882948
202529238
197595413
181257309
170064714
170063258
167615236
167615052
166537519
165236024
118771251
118284956
109343487
80484095
279275059
279275057
279275045
279275033
279275031
279275027
279213669
279213560
279213545
279213233
279115822
277253646
277172159
277013804
276806790
276806713
276798350
276798303
276777782
276777354
276764050
276754463
276754451
276754449
276754447
276753946
276753806
276750960
276680961
276680930
276671876
276639270
276639268
276639243
276639113
276635970
276635786
276566163
275962583
275014665
279148462
278967948
278514989
276840192
276680998
276657555
276566151
276194958
276056109
275209907
274896073
274711362
274683693
274453940
273623339
273587910
273387178
270501909
257787255
257787112
257786650
252041153
248678400
247921381
247465865
230241372
230241360
200726992
200725331
198521790
192950957
179535657
177145438
171057415
170064195
167613695
167382672
167382186
68072117
36155196
279132750
278893051
278757097
277856324
277232166
277228835
277013677
276798663
276798372
276798326
276744024
276672019
276566133
276368682
273986898
270848534
257856345
257847856
257787245
257771699
257771690
248682937
248682935
248678197
243059561
243059543
243059521
197595403
176589773
173189770
166561411
166537380
166525229
166503364
118773493
118288133
118209757
98966043
81239535
80483227
277041763
275466280
257856348
243051120