278711711
277976600
276139882
276061160
275993199
275786537
275629926
275629650
275628849
275622169
275608587
275605148
275591045
275591035
275582989
275573750
275507359
275386807
275386759
275382351
275381181
275251807
275251480
275251195
275224119
275190756
275188019
275188007
275187836
275058986
275001052
274946651
274936433
271075235
270963418
270700165
270501985
270224393
270111022
263677407
279081720
278761007
277989824
276132357
276099202
275903041
275840505
275834006
275802261
275778339
275759161
275654282
275638261
275628973
275625349
275607225
275605160
275479163
275386636
275386617
275382525
275381523
275381095
275252070
275224015
275176370
275128766
275058985
275025416
274941606
274940600
274936903
271075219
270835024
270832178
270670470
270224525
263677403
262654677
106349598
279133482
278379603
278092913
277977126
276223753
276132402
276114681
276024192
276023823
275748972
275707906
275620455
275607421
275520297
275507321
275382583
275287292
275286311
275253551
275253506
275253457
275251987
275234629
275231770
275223902
275128764
275025529
275025116
275020869
275020797
271450203
270963489
270963452
270942367
270832144
270742924
263677359
252882696
193736706
181453898
279133853
279132566
278381430
278162185
278161121
278161016
278035745
277976336
276894026
276364273
276149982
276132386
275954923
275942968
275833963
275815302
275583009
275381278
275283344
275252023
275224072
275215748
275058983
275028811
275028643
275020833
274942580
274941434
274940845
274940594
274922216
274880027
270834355
270832767
270742898
263964667
263677433
223538132
197639030
195953409
278754380
277963453
277512631
277437831
277387749
277387728
277345792
276426455
276031288
275661786
275630210
275630057
275625223
275625140
275624986
275611030
275610951
275610445
275607277
275605496
275583729
275386640
275382563
275286249
275263426
275263420
275253441
275234553
275232782
275224017
275193532
275188029
274988562
270963444
270742958
270742950
263328883
252884348
252883183
195696274
279081718
278381605
278381515
278039318
277586135
277387520
277345630
277342793
276099242
275758909
275758845
275628766
275627829
275623423
275622248
275622052
275620959
275616003
275607443
275607275
275607271
275606455
275600587
275583667
275581548
275580266
275386967
275287390
275224827
275111354
275020986
274941533
274941454
274940671
274937448
274937078
274936522
272390117
271654053
193736893
279133841
278481750
277977800
277977712
277976782
277976604
277428642
276428554
276149996
276132319
276120751
276067743
276023901
275956380
275955763
275746752
275645169
275628384
275628268
275609109
275601008
275591039
275582928
274511417
272886215
271266984
270963479
270963448
270963438
270963436
270832155
270700129
270421207
270224582
269946671
252883094
252882966
199110413
195696272
192949202
277586218
277437800
277388210
277387632
277387434
276427558
276291350
276147459
276120865
275942110
275865767
275814875
275786670
275663862
275654479
275627889
275624070
275623258
275619766
275605266
275600572
275580636
275580341
275386638
275382602
275287228
275253487
275188269
275176345
274946907
274941407
274940913
274757384
270742962
270742916
270742902
263790862
193736656
192459313
160788560
279081706
278381786
277388232
277345800
277345640
277345628
276463822
276120765
276114669
276031280
275942950
275814481
275758984
275654534
275619871
275616624
275608763
275580767
275580478
275579420
275573734
275191098
275188071
275176312
275176308
275028454
274953492
274941596
274941465
274940915
274937417
273307724
272447852
271266982
271075221
270700097
270224562
270224431
263045654
181453912
278162113
277977929
277976786
277976748
276285669
276182771
276161303
276149966
275993133
275956554
275955955
275836689
275833365
275759854
275693324
275611560
275610424
275605089
275600800
275582828
275582789
275582519
275286273
275234859
275234749
275224726
275128804
274941471
273586475
270963424
270742960
270742946
270700105
270453692
269946658
252883146
197150400
192459317
169109089
109681218
279132637
278381527
277976156
277387741
277387526
277387516
276493119
276483735
276427697
275942970
275840656
275837905
275663851
275625456
275622598
275622324
275622141
275622137
275621655
275616537
275605048
275600665
275582015
275582005
275580974
275387307
275290781
275251743
275251553
275194142
275193410
275193339
275188063
275176328
275028907
274940436
274937596
271371625
269947020
14459530
279244841
278481689
278382513
277345611
277314917
276286124
276161716
276023891
276023839
275890045
275785908
275606459
275606391
275582924
275263300
275193311
275190789
274988291
274749531
271540501
271540484
271374165
270988387
262606120
197387013
184119831
181453928