279043871
279041919
279038573
279032305
276754869
274561588
260811306
237618816
225271293
204056025
202730715
202730695
202242048
192173756
185232569
185226877
171289478
171212927
170772575
169603987
169603497
169268828
168712402
163544494
151597194
115869784
106225670
58839991
58711181
58710808
58710620
58710538
55287053
44860262
32222729
29354743
22881835
22880036
22878507
22878278
278860291
276754884
276675499
276429480
276429472
275890410
273683909
270519727
270053088
260811338
204055901
202510964
199952079
193109363
192951487
192951155
192173848
188383640
185226875
173831571
171289194
168793902
151597234
151597233
115869792
115869787
108710274
106225674
72744539
69838746
58711398
58711376
58711258
58710786
56003856
55681127
51618208
45164173
29354997
22528699
279199002
279038396
276566371
274742973
274677585
263103207
260811364
198285259
192951311
191621080
185243203
171212993
171063717
171045936
171045903
171045897
169778468
168773624
168712452
168712384
151612100
151597562
151597201
115869785
106363312
106363107
106363005
106225662
106215654
70202819
67242080
58711332
58710944
58710675
58710330
58705894
55286143
41375058
31516230
11212826
279042291
278732704
278434075
278058375
277978244
277978214
276809258
276566373
276566350
274673831
274561572
273684001
270053104
269905378
263591859
263569699
263500014
260811341
229809433
196488221
196488217
193109355
192951223
192173870
172066127
171151581
171063715
170772546
169280405
168712503
163544637
162025811
151597290
106208414
58710156
49641675
25729908
25201257
643115
325834
279042984
279042982
279037924
278873218
278830982
278732675
278619258
278619257
276809510
276656800
276566375
276566342
276527791
276429474
274943997
274675974
263100129
208634876
203843904
198591334
198285571
192173665
171312303
169280419
163544641
163544623
163544548
151597552
106352118
106208655
101871012
69838794
69838742
58710928
58710128
55285821
55285537
34752835
29354877
22881948
279039237
279032637
279030946
277978294
277978218
277180581
276566348
276566340
276429470
276429338
276429326
274742903
274675001
274468103
272303089
271542299
270134941
260811371
208634870
185189924
171808004
169280353
168774232
168773530
168773516
163544453
117374956
116159499
115694901
106360970
84426394
76152778
58705733
43981759
32222649
29355977
25205851
25002422
23436875
2210739
279041937
279038601
277978258
277369467
276684970
276684968
276656770
276429486
276429414
276027511
275786246
274673494
273101450
272303127
270519729
270053202
263591822
260811319
252540021
225269678
193102055
171312406
171312361
171312343
171212923
169778522
163543415
152705215
108710265
91833181
58710948
55285802
49961072
43981784
26148962
25980689
25204095
22881933
22878255
2131695
279041308
279038038
279026723
278943030
276809428
276656796
276566359
275941745
274677679
271324509
270250655
270053276
270052764
212110303
195472281
192951513
185232565
185226873
171312327
171289224
171289182
171063662
171022118
169280355
168712458
168712436
163544465
151597241
115869800
107412164
106360976
58710756
58705940
55289495
55286559
52985683
34757298
31516303
2210743
643293
279039227
279037992
279032385
279032191
279031655
279029761
279027215
279025975
278831004
277978234
276566382
276558102
276478544
276478541
276429468
276400850
275941789
273961106
270173425
263098885
202242034
191780586
191779993
185232571
169703095
168984599
168667056
163544455
162399380
151597317
151597256
115967862
115869802
107412162
106363099
58710914
55289044
55287030
25205416
22881827
279032689
279031000
279029650
279029112
279027075
276675497
276656986
276566363
276558053
276429452
276429360
274675305
274673481
274419145
270174455
263569439
260811303
237622249
204056070
202242036
197652440
193109327
192989076
192988762
192951368
176713937
171312347
163544631
152705206
122521776
97815356
94259805
58710892
58705795
52259437
24166153
22954991
22865636
2131697
511477
279043216
279032794
279031706
279029805
277978224
277363159
277180645
276809554
276656846
276429482
276429456
275786271
274675612
274675365
274419141
270173416
270053198
270052858
262674152
214809852
214242728
198925135
194183628
193128796
183111535
163544536
163543405
116567067
92503680
77965641
72707832
69838724
67242012
55285329
54513364
49378950
44860547
35446258
32222753
22859233
279037850
279029897
279029742
279026312
279026212
276429494
276429402
275268255
274992077
274675037
270052931
249611033
198889648
198692742
178011752
171151612
171063723
171063684
171063652
169778557
169714921
169280375
168774228
163544629
163544479
151597441
151597210
108710251
106363079
106360925
106215653
82938691
69838648
58710681
58710152
55681175
2131703
643382
519175
511313
279046218
279042231
279040573
279032617
279031798
279030820
279029895
279027567
278714309
278713898
277995942
277978300
276809720
276809716
276429406
276048634
274673195
274419130
270797327
270797323
270052823
270052804
263961017
246773037
225269677
197657566
192951201
192951157
192173776
168712378
151597550
117375196
106225736
106208412
103474998
65589412
58705931
44605368
31516351
29355032
276558093
275110780
274743100
270053190
263078546
252851221
252540015
200010745
198925137
198591323
198455777
197652408
193128716
191778971
185232573
185191998
171289206
171063710
169778464
169603492
168666490
168666481
163544427
151597548
116567101
115968513
108710197
106361008
106360140
106225742
106225668
106225650
106208418
94259793
58705935
58705925
55681156
54423080
54423039
22955736
279046452
279046442
279044870
279043783
279041476
279033072
279032800
279030678
279030271
279030267
279029060
279027317
278967638
278434018
278235876
276684853
276566336
276429356
275005705
274677599
274673890
274673228
270053062
262674146
262037930
252540017
204055788
192989091
192951523
191780626
171063657
169517379
164323279
116567350
58903440
55285891
49378809
25980675
23437991
22966652
279040960
279031062
279030012
279030000
279026519
279026428
279026408
277504495
276429450
275941999
270053288
208271126
198735799
198735791
192908969
185243207
173831569
171289184
171213021
171212969
171063772
171063743
171063713
171022120
169747902
169280399
169280356
168774212
163544613
163544498
163544449
151597229
58710720
58705814
49961253
34752249
32222606
29355147
2131705
2131699
279044222
279043274
279042691
279038867
279038004
279030024
279029919
279029883
279029881
279029168
279029138
279029100
279027519
279026701
278714568
278058341
277995897
277180785
277180511
276684933
275941751
274675854
274675460
274674402
272231778
270053272
270052812
263960930
263592015
212110288
193128852
193101744
193101505
193101477
192173856
192173820
192125429
52678822
39360000
25201703
279037718
278906670
278830990
278058377
277995940
277995932
277877467
277180787
276684956
276400870
275005454
274677459
274676471
274674914
274673409
271100492
271100476
271100470
271100464
271100440
270797319
270053066
270052943
270052874
270052866
270052836
252540023
212110154
195994081
192173748
191779674
191779168
100285708
98131721
97815213
77051376
72050798
55287193
48983663
25980650
279245455
279242926
279242904
279042942
279040137
279040121
279032802
279032721
279032439
279032423
279032267
279031742
279031724
279031567
279031469
279031313
279030910
279029921
279029917
279029204
279029067
279027841
279027619
278906660
278713912
278713896
277978190
277180697
276656925
275941839
271100454
208097115
192951491
192951426
178832013
176752990
170772542
97815362
97815358
77965626
279245478
279199040
279037598
279033272
279033094
279033012
279032651
279032365
279031856
279031591
279030976
279030536
279027299
279027055
279026721
277372377
276809722
275941739
274677050
274673456
193128912
192988833
192908910
191780761
191780141
191779221
117071330
72527266
66747565
63672400
58711468
58710612
55285156
39359977
25204686
25202319
23436894
22954932
22873879
510377
279199012
279045032
279037988
279037750
279033190
279033120
279033098
279033078
279032707
279032657
279030790
279030006
279029184
279028859
279027589
279027555
277369449
276809682
276809412
276809218
276684945
276566369
276566367
276566329
275941883
274807454
274807421
274678042
274676634
274673213
274673157
274673155
192988740
174182884
172025148
115968104
42838986
42838980
39359885
34752781
279237145
279199004
279045016
279044946
279043626
279043122
279043102
279042930
279042872
279042163
278058357
278058343
274677325
274675958
274673603
270766851
270253723
270134927
270134914
270134906
270052961
258215844
204056087
204056041
204055911
193101776
193101549
191779779
174182728
152705211
117375084
116878115
116567324
116567044
91545483
74036135
25002245
22955380
549174
549158
279270238
279270174
279270134
279270130
279247025
279242939
279237503
279044380
279043873
279043310
279027405
279025924
278627891
278058351
274677038
274674900
274673176
274673167
274673149
274673133
271441790
271291354
271100460
270766843
270766841
263103085
263021107
252540019
212960315
204056068
193102161
192988857
192988572
190695413
92503669
55681092
55289015
55288066
43981749
22955928
279242576
279241891
279241886
279241853
279241819
279238128
279199014
279042173
279041565
279041386
279041270
279041032
279040587
279028857
279026077
278906574
278151756
276016788
276016786
274676728
274676005
274674848
274674364
274673231
274673165
274673159
274673143
274673137
195697044
193101984
192951211
191779297
183930344
115968089
91833121
84873704
68984765
55287659
48984049
40723440
279245503
279243272
279238185
279230657
279042189
279038394
279038256
279027737
277995891
277363173
276656999
276429440
276429380
276429340
270053200
270053024
204056039
203843937
197652416
197652378
191780426
191621090
98102314
98080714
71666839
69323304
68305051
66968556
66960837
66959937
65903444
58840006
58711536
58710189
58705741
56515335
55288586
51617719
22876737
643292
279270104
279269994
279241898
279044438
279029695
279026248
276656974
276429422
276429364
274953078
271231458
263101492
204055872
203843948
202242050
198889669
198783491
197652410
194197858
193101766
173831575
170828181
169280385
168712404
163544466
121678255
114436651
113004862
108710192
106362983
106225657
106208420
102758229
69838792
58839903
58839838
58711428
58710980
55288553
54423113
209171508
205220428
202242054
199705507
198957176
185232575
171312400
171213001
171212953
171212919
171069090
171063745
171063708
170828256
169778499
169714923
169546308
169280411
169276504
168984596
168920060
168920050
168774205
168712400
168712370
163544587
163544542
151597219
151597199
151597186
115869798
108710328
108710266
106363103
106360998
106360968
106360964
106360939
106208666
106208663
279029777
274952700
274742948
260811344
260811337
205220436
202242056
202242046
198925146
198858737
198335534
197657588
185500894
171212905
171151599
169768859
169714925
169280407
169280390
169280389
169280377
169277491
168774204
168773691
168773567
163544540
163544520
163544447
163544441
163543389
163528811
151998250
151597454
106363302
106360160
106215670
106215664
106215658
106215652
106208662
279270098
279270054
279270032
279242831
279242740
279237129
279037927
279037918
279029861
279026872
279026585
278485263
276809620
276675491
276429332
276429324
276429322
276104124
275005584
270052884
204056085
204055866
198925155
197652458
197652356
193128808
193109331
192988778
173449512
171312295
170772565
169603988
168774240
163544506
163021372
70805123
66608957
66608302
58705731
44173021
279245441
279027741
279026663
278833322
278833306
277978198
276656917
276429388
275941767
274992091
270053233
261840856
260811359
260811354
249535361
197652400
192586862
171807627
171705288
171212939
169778538
169768867
169517395
169280397
168920064
168774200
168666474
163544599
163021391
151597546
106352136
106225707
106225702
106208659
58839789
48755403
22676310
643366
643295
367867
279237856
279040063
279040005
279037548
279028913
279026896
275155412
270058770
266016127
263964265
202242042
202242037
199942007
197657558
171808030
171705270
171312369
171151585
169778528
169714931
169335581
169280357
169268856
169268846
168984606
168919367
168774273
168774236
168773494
168712508
168712487
163544514
163544485
163543402
163543401
151612096
106361003
106225658
106208650
34752444
279230738
279230730
279199016
279045872
279045838
279043250
279042778
279029705
279029675
279027793
279027653
277836908
277363151
277180551
277180513
277180507
277180501
276656790
276566344
276522384
276429454
275941747
275941741
274676779
271100422
270052826
263968620
237636073
212110284
208097132
204055792
192988465
191779029
121678447
55287814
55284995
51519016
49378806
32221904
25205751
278714560
278058400
278058355
277978250
277836904
277180499
276684958
276684919
276598591
275941819
274678070
274677637
274677205
274676917
274675596
274674812
274674398
274674372
271100468
271100446
270053054
270052913
270052872
270052848
262674148
237630441
192174034
192173969
192173836
192173794
191779508
189492501
115694854
114573562
98129833
94259788
91833179
49379321
22853970
22853605
279247819
279247013
279246830
279243028
279242875
279241647
279199018
279044106
279043984
279032908
279032884
279031525
279031463
279031345
279029711
279027964
279027821
279027073
279006139
278713908
278058386
277877468
277363177
276657040
275155651
274677008
274674892
274419124
262699515
235539037
212110286
205220446
192951255
192174032
185232567
151597239
117375041
55289105
29355227
23436986
279243163
279046490
279046216
279043694
279039895
279038272
279037888
279037558
279033322
279033306
279033198
279033160
279030632
279029779
279029699
279029037
279027635
279027459
279027341
279027285
279026776
278831020
277180519
276831331
276809596
276809556
276809222
276566377
276566357
276566338
276429460
276223966
276149777
274676164
274675113
274673385
192173810
176714909
54775008
23438637
279246520
279243302
279237537
279237489
279033390
279033364
279032952
279032569
279031663
279030796
279030718
279025703
278713731
278235890
278235886
278017136
277372393
276962737
276809352
276344707
274675314
274675231
263101042
196579654
196488215
193101998
193101880
189250860
117375009
116567480
115694944
113431046
80960301
72314632
72314588
55286937
34753726
31516373
29356478
25201389
279245450
279243400
279238105
279237118
279045060
279044972
279044954
279043634
279043018
279042924
279033264
279032912
279032729
279032699
279032641
279032413
279029901
279027815
279027725
279027447
279027134
279026190
278235914
278058402
278058359
275005713
270477506
263101427
253870115
243086232
193109321
192989127
116567371
58839947
44605395
42838982
42838975
31516166
2137835
549184
279046408
279046340
279042009
279040785
279027936
279026041
278586118
278519694
278519674
278208496
278151383
277180579
274677906
274676277
274675966
274675015
274674734
274673644
274673232
274673230
274673129
270797325
270134937
270134920
270134894
263206730
242718233
204302142
195472300
191424822
181268193
115695113
78553668
58903340
51519046
50490834
49641396
49641297
25002261
22879799
279044098
279042932
279041238
279040555
279040367
279028981
279027861
279006049
278776624
278627829
278208498
278208478
274677875
274677633
274677473
274676879
274676549
274675249
274674647
274673926
271542269
270797315
270053196
208403410
193109313
192989204
192988720
176713752
171592210
82388903
58711436
58710912
49961325
42470380
25204938
25202265
25201902
25002352
23438381
549172
279270164
279269936
279242511
279237562
279237134
279199022
279043166
279042125
279041745
279031842
279026788
278017134
276429386
275005536
274677823
208097134
208097130
204056013
204055864
197652398
191780786
191621074
171592676
163544580
111712165
111109143
110205228
86418300
82387407
76152856
70805198
66957469
66231190
58711414
58711290
54423093
50247607
32222216
25980602
324151
279270046
276656897
274498020
260811353
260811323
198787061
198335543
186881228
171705339
171213023
171212949
171063767
171063645
170828268
170828250
170772591
169778494
169768865
169604074
169604065
169280395
169280393
169268872
168920048
168712456
168712393
168666486
163544583
163543407
163529467
151597180
151597176
106363021
106360958
106360943
106360935
106225697
106208422
62877639
34752745
279270236
279042349
279037886
279037840
279037620
279029829
279027843
278833422
276429412
276027432
275105922
274952503
260811361
260811304
214730938
204056062
202510963
193640505
192951438
171212985
169703070
168712372
163544526
163544492
163544477
163544433
116159442
106363303
106360996
106208657
97815621
71667570
66966515
66608188
63249954
58705768
54423044
34752426
32222499
643357
279242641
279242172
279241826
279237337
279230660
279042748
279038046
279030016
279029839
279027791
277836916
276429352
276429342
275941983
275941975
275941721
274992073
274466918
271231462
271231441
263100022
207811708
204056089
203843900
193109458
192908993
120471937
110204843
102758203
86418302
74035801
68668612
66231625
58705933
55286139
54423099
50724172
49181767
23438397
510207
279241866
277978212
276684925
276429458
276429382
275970988
270052805
260811328
260811310
202242043
202242026
202242022
198783490
198735801
197652388
173945993
171807629
171221916
171212959
171151562
169603985
169517399
169280403
169268868
168774202
168712411
168712376
163544639
163544461
163544459
163544429
163543413
151597205
106360945
106225671
106215677
106208670
71683170
58839840
513405
279030014
276508897
274953119
274468105
270053238
260811357
260811349
198858741
198335546
197657580
171807631
171212935
171212915
171151598
171063769
171063667
169604072
169335757
169280368
169268870
168920054
168774249
168774220
168773946
168712491
168712489
168712446
168712396
168712380
163544605
163544585
163544516
163544480
163543416
151597540
106360937
106360907
106215673
106215666
106215662
279269950
279246476
279236413
279044558
279038052
279038002
279037522
279030032
279029905
279029837
279029791
279029753
279026910
279026661
276675507
260811325
202510979
199916566
198958810
192989047
171592182
169276506
114885774
111109082
108710200
106360921
95202717
70805326
66609939
65955083
65901879
61551979
58839847
58705755
55422827
51617027
49961296
49379158
22955955
2210757
279043468
279043425
279042746
279042639
279039673
279038643
279038571
279031090
279029799
279029066
279029062
279027641
279027389
279026655
278063119
277978296
277978292
277312202
277180809
277180486
276566379
276429316
274675261
274674030
271100500
263960552
212110181
204055858
195994030
191779656
191779345
191778994
185226882
181998108
151597542
81939032
68463185
55288541
39359920
11378746
278716941
278063003
278058373
278058339
277995895
276099328
276099292
274678058
274676731
274676657
274676369
274676045
274675980
274673867
271126822
271100478
271100474
271100466
271100452
270946680
270797313
270477510
270053076
270052840
261840684
246773039
212110281
212110156
193976709
192173854
192173772
169379577
122521913
115695021
114436593
110205044
58710213
50361751
32221947
22853958
279237885
279199026
279043152
279043086
279038999
279032575
279031766
279031359
279030630
279030620
279029845
279027647
279025991
277995938
277995919
277978252
277836930
277138800
276684927
276684752
276527789
275802743
275005687
274676990
274676396
274675093
274674521
274674164
242718255
237626497
212485252
212110158
192988831
192951456
179805674
116877741
97815210
94259905
49379297
23436930
279247491
279044078
279037570
279033242
279033128
279032980
279032806
279032623
279032585
279032393
279031369
279030982
279029795
279029120
279028835
279028817
279027813
279027581
279027527
279027509
279026619
278058345
277363165
276684742
276546335
276016724
275005472
263208288
192989111
191780439
191779543
116567237
116567197
116566909
80366001
58711232
58711212
58710896
25204169
25201919