279261937
278825484
278069169
277978268
277968447
277949708
277739849
277427051
277375413
276462187
276368926
275970962
275359095
274674028
274673382
274133500
273989028
273322644
253134453
252631693
198285391
197821246
197687718
195660620
195472253
192998870
192173806
120471909
102552251
91833162
89315881
89314143
68124452
20644493
14616447
3495789
2026491
1056118
560425
442340
279261989
278840832
278097590
277978216
277954858
276149413
276099314
274677105
274674698
274673021
274141920
274133505
274125840
272558484
270502158
270052766
269904981
216299219
208056333
206715325
197687698
195283811
191921576
103475276
102552309
100384438
100384112
92552686
92552351
91984627
89314715
89314495
89314134
74254562
73766486
66747567
55422840
49641406
26438589
4975035