275399343
277441651
273284234
275203793
68119257
278293989
263566956
273245521
273311329
276252081
34239941
278827428
1337291
68115879
1337287
68115297
276312446
68464138
275327600
251998879
68463543
275245074
68116136
25740135
279273357
173137630
278127746
884076
68464258
84075230
279062673
277252363
213998057
68115120
276492089
214922291
36701265
142471728
56069040
187188472
278917412
278127826
19342253
212323631
277515229
272425577
68115132
273167180
202961457
269984699
255352741
274144266
73717910
271517639
714387
277500495
28266471
278127872
212939494
177317350
272425549
479452
274724931
274040863
202604275
278127735
278127728
263028922
68463860
262570330
276161426
187710065
275125402
257767665
277472301
275619133
146272585
142476736
276159640
146272314
830831
137941376
38212315
277864564
274066645
253043751
208559385
175173231
278309629
188782913
278127957
278127965
278127969
278127586
278127836
278127782
278127899
278127761
278127860
278127608
278127840
278127762
278127810
278127802
278127731
279059234
68508913
68301955
110670698
189540867
253113496
250020070
188991715
235736720
272040365
272425543
21846867
273373168
208236120
179987796
216464064
163039345
195522578
74178060
68119255
277810494
273180760
207011307
274078230
276117021
277445268
278360729
274420719
275385054
431399
198495038
273441130
198494983
274364127
275942206
209905709
142540138
87955794
278517495
159814716
17012124
274844613
252050676
277867998
106362394
213740948
279160912
273746590
278127724
278127875
278127892
278127771
278127594
278127760
278127870
278127833
278127816
278127842
278127600
278127753
278127859
278127904
278127906
278127769
278127901
278127773
278127822
278127832
278127971
278127951
278127601
277575648
252006967
205246706
211948363
68509009
68463858
68463541
272374790
23259186
278366335
278579038
270834124
275398638
204663224
68545552
186348613
73864375
276115184
201851856
250066551
276348715
274587043
8325630
274372483
276479621
151950662
271342390
1379749
96752618
153409215
279290153
95039337
275607092
132184328
132194726
158641523
38198359
142461193
49867346
275875369
277436839
251448931
222679116
278127585
278127967
278127582
278127953
278127963
278127961
278127584
277184567
275417941
170271459
272301110
274152807
195526005
278127797
278127801
278127805
278127785
278127776
278127881
278127862
278127727
278127778
278127812
278127865
278127808
278127850
278127879
278127869
278127813
278127830
278127855
278127791
278127838
275786540
186348422
189597730
68463756
271784181
275016417
276263128
196045066
271998307
278451359
203844165
172926213
276557976
269979607
276329428
276135536
273541344
276526834
186319418
263202191
173911155
71076504
271497909
241666694
271342335
273321789
159814687
274587605
51342556
132183450