279204683
279196841
279143727
278882051
278687603
278684752
278632402
278527314
278453585
278453541
277521822
276458397
274185360
270478037
262453239
262453140
262453109
259310974
257765864
255630722
253666022
253095025
253059663
252784787
213886864
205161491
174262365
59286406
58132905
30156556
29591066
24955394
19250070
12622546
11228298
8293201
3308279
2345569
1709191
541520
278882055
278632679
278519101
276930220
276892461
276458395
276396930
274835095
270744475
262046460
255371132
254092773
253720956
248932073
208907384
154028861
41107801
2366781