279150222
278847439
278294752
278113647
278110369
277941724
277915006
277628046
277420100
276660663
276482093
276153002
274988028
274887963
274872084
274856351
274596930
262405221
253691055
253248344
250078130
250077436
246208126
246208086
230231501
226910804
225195100
222723665
216206531
188490313
174085078
145768937
136753121
123447235
107535255
92552160
71156795
68570503
67196313
14318929
277914949
277873959
276273074
276082124
275576820
274885866
274872509
272309484
272308207
263206834
254080526
254080354
253232314
220823547
192930235
169621187
167614460
155619344
134615577
127860458
118877612
67196071
435694