278949727
278323351
206231233
249767462
254078213
207566815
456071
163578543
53501164
17495304
10604230
277381886
274932208
270206359
1661337
10565345
249767737
273688259
162100212
277833239
279185802
249772577
262470006
200780106
554655
261028750
257646223
249767589
249768209
75829075
2422071
249766898
177924870
273476042
274358122
249766819
95071199
86532012
278588275
252857829
366951
216296895
202529385
137375041
252636603
276479536
50440305
273909780
263292282
277567453
276590369
271122874
272275284
272621047
177267535
249389657
540104
110998690
44805125
13761546
271518300
197925059
279072073
273236632
192452441
432869
215190842
13761544
263584525
274363019
242767970
247681259
271332374
192452847
275156967
193988098
15726364
274058819
274368566
262874915
272732681
278462087
230016542
261801806
191947289
276186918
176812933
274358097
152546749
273546148
54476577
50440311
274025325
171924819
99056607
190470008
258378703
51996167
276663716
102758011
88058895
58956407
110915938
181774564
41211760
9984902
248209967
202712903
275129850
273478919
273915010
16998010
180586324
249768311
209867789
176781092
216296767
129138243
263772444
263584562
182457608
191356875
174312568
209177107
205927179
279191699
209902414
67243011
178057885
178056487
57219180
273714958
206145353
272416228
253291194
274143501
274143778
273641268
215414909
273378842
262874913
263764076
207193101
205691054
240980419
272459438
179951187
189628133
214940575
207642758
276289389
201852227
242779050
271455658
255299290
272425638
213561831
221256691
273443046
274142020
272321348
274138481
276799267
274283508
272048149
274140947
6699183
20100146
262455960
279113591
271518315
13761548
202043075
273942939
129568257
199124296
180987961
273987069
100382861
273187228
276607151