279177372
279174261
279135122
279133956
279100171
279008021
279007944
278952288
278751989
278727531
278722646
278719760
278162513
278096937
278096307
278067105
278066209
278065501
278056978
278053557
278052913
278014651
277780397
277528844
277427572
274357367
263450746
263450700
263450617
263255871
213883758
205807584
192908956
191780360
91998844
48755052
15778959
1688439
442302
435241
279177280
279160722
278993384
278776479
278776194
278722698
278384143
278110843
278096930
278066129
278029633
278016778
278015929
277837541
277770433
274856308
274287369
274142248
274133507
274133435
274133369
273717663
273621652
273524435
195697019
195696995
195472360
195283805
195283803
195283730
193878505
191779958
102758488
102758279
101871822
101870954
92002762
41588665
22985178
6553775
26440298
1586155