279046596
279046500
279046422
279046336
279042774
279042631
279042325
279042057
279038282
279037614
279037520
279036543
279033050
279031774
279029186
279026820
278967856
278906666
278802542
278063195
277370274
277363199
277363015
274675476
274674222
274673613
274673029
270902935
270052757
263084040
253326021
252556787
252556629
252556627
200976767
193107334
191144481
177860590
176714903
171592342
279103923
279046004
279044456
279042557
279041975
279040271
279040043
279039221
279038853
279038338
279038248
279038174
279038044
279037884
279037810
279036723
279029693
279027231
278051501
278051479
277364470
276657095
276369080
276368832
276149551
275942009
274676037
274675876
274674720
274674538
274673411
274672957
252561088
252431236
252428861
200976875
176713783
174183020
171592473
171592401
279046148
279046024
279045950
279042902
279042379
279042233
279040169
279039819
279039773
279039709
279038937
279037474
279036735
279033036
279032163
279031748
279031417
279030612
279030506
278063145
277427576
276849251
276656889
276149561
274677927
274677375
274676869
274676365
274675868
274673498
274419148
271542221
271126824
270053236
261994731
252556647
252556630
252556621
192174024
101871091
279044462
279043544
279042445
279042371
279042225
279042167
279042063
279038893
279038761
279038529
279038410
279037812
279037594
279035089
279032311
279032037
279030954
279029634
279026647
278051375
277427460
277364450
277363157
277180715
276849279
274677327
274676487
274675995
274675253
274674520
270053098
263082564
252560616
252556737
252436065
252434556
251515000
242076427
200978483
200977762
279046618
279046198
279043090
279042998
279041963
279041773
279039903
279037946
279032962
279031752
279030914
279028923
279028809
278967920
278063151
278051361
278017140
277578739
277370286
276849143
276368882
276149462
276149377
275941777
275005655
275005629
274678054
274675750
274468797
271126848
263084733
262946039
252458222
252458174
191779765
176714893
171592746
171592179
150373155
73207395
279044962
279044944
279043220
279043098
279042633
279042267
279041857
279040375
279039977
279039655
279037624
279036629
279036218
279031319
279030546
279028855
279026874
277363145
277363092
277180665
276657124
274675711
274675660
274675101
274673734
271542257
270902919
270902899
270797329
270052927
252560645
252560612
252558511
252556793
252428693
252403656
193107011
192173864
148868156
116159404
279046426
279045810
279043785
279042820
279041757
279040475
279039841
279039433
279038781
279037086
279036651
279036529
279033298
279033292
279031513
279030594
279029911
279029859
279029771
279029145
278833312
278817562
278113336
276849301
274677815
274677797
274676512
274675944
274675357
274675109
274674722
274673882
270845642
262792483
252558423
252456047
252403616
172025605
171592138
101870702
279046534
279046130
279046042
279043344
279042407
279042219
279039791
279039003
279038843
279037664
279037630
279036679
279032033
279031325
279026394
279026091
278051491
276657019
276149621
274678025
274677899
274674562
274674206
274674200
274673921
274673432
271542315
270845598
270134931
252558937
252558221
252556673
252455931
252431122
215293752
200976709
200976691
193107309
176713705
160814685
279046546
279046224
279046078
279044938
279044418
279043763
279043170
279041304
279040243
279039567
279038106
279038100
279037504
279035884
279029841
277364460
276368950
275005679
274678033
274678009
274677311
274677257
274675095
274674493
274673605
270408621
270053286
270053172
262822418
262068377
193107136
192173798
192173780
178832021
176714917
176713888
176713837
171592577
170870846
160208476
279045750
279044556
279044112
279043304
279043180
279042179
279042040
279041210
279037470
279033220
279031493
279031401
279031106
279028995
279027677
279025693
278627863
278586158
276149781
276149653
276149407
276149387
275941697
274678091
274677140
274676978
274676371
274676120
274675838
274675325
274675079
274674633
274673893
270700363
252560659
252458107
252403667
200976972
200976853
90527792
279046504
279046292
279046020
279045054
279045022
279043887
279043853
279043564
279042263
279042077
279041981
279041831
279040663
279040203
279040161
279040041
279037612
279036727
279032972
279032880
279030166
279027807
279027465
279026860
278062851
277180593
276149747
276149363
270053144
252561408
252560685
252458241
252421672
215293725
193107483
193107068
171592707
170470654
164323309
101870768
279045108
279043917
279043336
279042265
279041332
279040401
279039873
279039787
279039587
279037808
279037554
279037468
279037196
279031750
279031327
279030734
279029212
279027431
278051367
277364486
276929432
276849318
276149514
274677916
274677882
274677188
274677022
274675339
274675114
274674997
274674530
274674276
252558716
252556635
215293635
200976799
193107313
191144400
176713931
173449561
279046278
279044430
279042994
279042581
279042503
279042397
279042015
279039277
279038817
279038142
279037926
279037772
279032964
279032135
279031830
279029747
279027533
278833344
278063467
278063269
277364402
276929424
276656856
276149702
276149673
276149403
275941911
275941797
270902923
270052902
263083778
261840813
252561042
252560665
193107426
176714866
169887415
150373114
116159230
90527743
279154116
279154070
279046634
279044190
279043460
279043246
279042477
279041753
279041667
279041651
279040009
279039949
279039939
279039353
279039225
279038354
279037852
279037762
279036980
279036958
279033082
279031754
279030124
279029154
279027593
278062853
276149757
275005532
271542309
263083731
252561290
252560634
252556757
252456068
193107056
176753034
176713872
172025616
170870870
102758447
279044897
279044374
279043482
279043312
279043196
279042896
279042487
279042243
279041849
279031393
279030110
279026961
278833396
276809542
276368849
276149686
276149619
276099326
274676939
274676797
274676386
274675131
274674727
274674586
274673446
274142318
274120259
274098659
273305766
271542275
271220474
262792415
252561048
252560630
252431201
192173965
192173818
191779881
176753068
176713771
279154072
279046474
279046128
279046124
279044494
279043899
279042573
279040972
279040433
279038515
279038332
279037786
279037058
279036625
279033362
279031770
279031555
279030672
279030168
279026683
279025762
278833350
276684953
276656804
275941945
275941725
274677266
274674884
271126862
270700421
270052733
261840811
252561404
252561068
252560606
252558945
252556645
176713823
172025079
116877687
279046626
279046480
279046194
279045782
279045766
279043692
279043350
279043092
279041799
279038915
279038855
279038831
279038380
279038296
279038008
279037738
279037566
279033204
279032976
279032129
279031732
279030140
279029640
279025912
277363079
276149698
276149553
276149539
276108918
275941805
271542265
271542217
252458238
252455914
252434492
193107586
193107548
193107013
188786094
116159363
279044178
279040287
279038434
279038210
279037814
279037764
279037166
279034663
279030279
278063117
278063009
278062938
278062891
277877483
277877463
277780028
277180717
276849261
276849185
276492157
276368962
276368956
276368892
274677912
274677699
274677070
274676863
274676604
274676389
274675421
274675317
274674904
274674450
274674350
274673855
274673833
274673787
274673535
273302645
252558915
279042986
279041729
279041719
277427513
277427511
274677879
274677853
274677847
274677801
274677705
274677690
274677495
274677340
274676821
274676813
274676781
274676775
274676750
274676675
274676584
274676258
274676192
274676002
274675526
274675452
274675309
274674983
274674898
274674888
274674444
274674361
274674105
274674100
274673801
274673672
274673531
194183596
193737147
191144437
191144372
279042229
279041725
279041472
279040811
279040361
274677986
274677839
274677564
274677528
274677301
274676803
274676793
274676716
274676707
274676693
274676649
274676618
274675856
274675809
274675808
274675658
274675650
274675415
274675407
274675351
274675349
274674854
274674564
274674340
274674288
274674000
274673872
274673577
274673539
274673518
251514865
200977837
194086853
191144394
36710911
279042043
274678051
274678027
274677961
274677855
274677694
274677591
274677042
274676899
274676881
274676691
274676588
274676458
274676336
274676279
274676094
274675923
274675736
274675502
274675411
274675259
274674995
274674940
274674936
274674596
274674455
274674384
274674342
274674270
274674032
274673966
274673913
274673903
274673817
274673803
274673593
274673529
274673417
274673403
192173991
279046454
279046240
279046090
279045311
279044878
279044772
279044352
279044150
279043254
279042679
279039945
279039195
279038070
279033408
279032239
279030144
279029628
278967878
278147467
277369451
276149739
275941935
274675795
270902897
270845618
270053284
252436035
252434673
252434323
252431112
252421768
252421752
193107449
193107220
193107027
191779985
174182809
171592598
160208462
96290304
279270106
279045062
279045011
279043672
279043272
279042834
279039861
279038284
279038076
279036681
279036384
279032615
279031501
279031397
279029685
279028843
279027137
279026931
279026631
278627853
278063161
277364432
276368876
275941773
271126858
270902913
262792476
253350323
252561430
252561000
252436059
252421816
252421635
176714889
174182864
172025075
171592144
106352161
90528045
90527794
279045982
279045098
279044860
279044486
279044022
279044016
279043419
279043374
279043256
279042635
279042493
279042191
279040333
279040281
279040173
279039475
279039089
279038539
279038438
279037794
279037066
279036815
279033200
279030122
279029817
279027151
277364398
271542225
270700367
270700353
270700351
270052808
252434446
252434421
252428898
193107348
193107192
177860831
116159238
58903493
279046318
279045066
279043919
279043200
279043168
279042409
279042093
279041985
279039707
279038476
279037968
279032605
279031814
279031740
279030972
279030940
279030806
279030704
279029811
279028865
279027625
279026760
278063213
276149529
270700387
270700340
270134916
252560655
252455961
252436177
252434483
252434367
252428724
252421793
193107516
191779535
174182817
116877955
98131682
96290293
279046576
279045037
279044544
279044330
279044317
279043805
279043435
279043192
279042251
279039793
279039677
279038134
279036998
279031611
279031573
279030898
279027729
279027727
278817556
278063191
277364464
277363114
276849378
276149745
275941841
263082618
252561064
252561018
252558941
252436201
252434451
193107520
191780167
191779315
176713860
176713751
116159228
116159172
116158825
76821994
279270254
279270190
279046082
279044994
279044592
279044028
279043674
279043308
279042683
279042651
279042147
279039833
279039659
279037152
279036843
279032886
279031728
279029749
279026276
278063083
276929522
270845620
270053274
270053266
270053250
270052963
270052854
261840688
253350351
252436218
252436061
252434514
193107487
193107396
193106981
191779828
174183012
165023979
160814681
90528043
279046446
279046220
279046126
279045822
279045024
279044554
279044420
279043176
279042357
279039235
279038094
279037102
279033958
279032675
279029823
279028863
279027251
279026808
279026575
278063465
278062977
278062935
278051385
277370282
276656876
271542293
271126832
270700429
270053262
262792481
259313392
252561020
252436259
252436146
252434548
193107039
177860805
171592287
109767490
75991472
279046498
279043584
279043423
279043258
279042619
279042553
279042529
279041823
279039778
279039541
279039511
279039349
279039189
279038665
279038162
279037952
279032990
279031870
279031854
279030178
279030126
278062887
278062811
277364474
271542279
270902937
262792451
262792444
252561001
252560649
252560638
252557791
252434661
252421678
178832064
116159518
116159416
116159258
96290315
75376804
279046450
279045824
279045718
279044560
279044192
279043978
279043548
279042772
279042703
279042595
279042365
279041835
279039605
279037654
279036823
279032792
279032577
279032571
279031810
279030760
279029064
279026517
279026186
279025983
278051463
276149440
275941877
252558878
252436125
252435983
252434379
252431269
252429182
252428705
193107469
193107033
188786084
170870850
116159538
116159207
279154110
279046002
279044000
279043447
279043395
279043364
279043282
279043114
279042754
279042505
279041841
279040171
279039985
279039245
279038973
279038184
279036825
279029683
279027717
279027569
279026979
279026876
278062885
278051541
278051431
276149737
270902945
270700405
270700389
270053170
263083818
252560673
193107086
193107009
191780598
176713842
171592178
160208480
116159199
101871016
279046270
279046258
279046144
279043612
279043298
279043130
279042659
279042169
279041713
279041252
279036563
279033040
279031060
279030868
279030784
279030710
279030159
279030156
279030004
279029677
279029166
279026033
278931610
278062777
278051383
252561084
252561070
252560632
252558929
252557381
252556912
252456074
252455973
193107216
193106991
177860813
174182937
173096158
110205351
101871769
279046302
279046026
279046000
279044998
279044762
279044214
279043568
279042479
279041809
279039259
279038645
279038619
279038202
279038092
279037730
279037040
279036763
279036707
279032812
279031635
279029807
279027253
271126852
270700385
263100921
263084744
262792432
252560667
252558919
252558880
252421738
193107119
191779160
174182946
174182907
174182730
171592186
147575836
96290099
77702356
279270262
279046632
279045764
279045068
279044012
279043861
279042764
279042439
279042104
279040019
279039007
279038913
279038422
279038242
279038224
279037940
279037124
279032868
279030540
278051461
275890548
274034131
271542259
270902921
270808408
252561306
252561086
252556669
252460294
252455963
252429234
252421808
191779991
176713733
116158664
113005435
109767377
103475166
101871312
98131717
279046368
279046350
279044776
279042958
279041763
279039427
279037956
279037692
279037472
279037206
279037138
279033218
279033194
279030176
279029751
279029709
279028982
279027259
278969892
277364392
276368852
276149460
275941987
275941933
270700357
262792485
252558874
252558202
252431267
252431156
193107455
193107380
174182948
174182726
147575814
101871854
101871036
96290122
74329957
73207272
279045960
279044434
279044402
279043602
279043514
279042956
279042784
279040089
279039361
279039315
279039055
279031657
279031577
279030652
279030582
279030114
279028993
279028875
279027747
279026848
279026705
279026657
278051525
277364418
275005552
270808409
270253729
270053070
252561010
252456032
252456007
252436162
252431242
252422205
193107495
176713840
174182803
172025639
171653801
101870725
279046558
279045796
279045698
279045092
279044070
279043897
279043190
279042653
279042329
279042127
279041883
279041853
279041767
279041623
279040671
279040131
279039753
279031667
279031575
279030792
279029741
279029673
279028008
279027655
279026822
278817550
278063263
277369457
276684915
271542261
252456030
252434414
252421659
193107224
191823914
191779287
178832084
116158466
113004867
109767484
279269956
279046616
279046508
279046086
279046047
279045994
279043188
279042551
279042455
279042399
279039609
279038923
279038160
279037878
279037656
279037592
279037494
279037094
279036767
279033356
279033286
279032822
279032733
279032381
279031904
279031617
279030118
279029803
279029096
278833340
263083784
263082546
252561384
252434465
252421818
252421476
193107265
101871859
91089702
73207591
279046552
279046440
279043907
279043666
279043560
279043508
279043290
279043266
279042856
279042423
279042420
279039137
279038116
279037890
279036669
279030854
279030104
279029108
278062767
277364480
252561386
252561014
252558884
252557897
252556809
252556637
252456066
252421601
193107514
193107463
193107234
193107054
191780169
177860815
174182850
170870840
150373131
116159412
116158669
101871297
279046640
279045730
279045110
279043966
279043921
279043632
279043320
279043054
279042918
279036765
279032960
279030980
279028796
279027956
277739913
277427439
275764510
274143655
274034147
252558734
252556803
252556655
252436655
252434397
252421472
215293691
215293687
215293675
215293651
215293637
214242732
212485155
193109351
191780541
191780450
170870806
167462230
150373139
101870985
7209157
279038442
279037492
279036964
279036541
279035163
278113302
278063423
278063109
278062871
278062739
277877473
277445588
277427497
276809188
276369103
276369099
276369018
276369010
276368982
276368960
276368840
274678064
274677335
274677294
274676178
274675572
274675417
274675099
274675085
274675025
274674955
274674886
274674798
274673791
274673468
274143686
273309490
273308615
271098960
271046344
279042223
279040153
279039479
278943004
278802534
277180771
274677827
274677731
274677449
274677442
274677401
274677303
274677247
274677148
274676935
274676498
274676462
274676223
274676158
274676130
274675977
274675976
274675870
274675762
274675646
274675500
274675363
274674748
274674740
274674452
274673797
274673688
274673457
197897301
192173862
191144487
191144460
191144424
191144422
191144389
279199000
274678093
274677994
274677935
274677688
274677623
274677601
274677405
274677339
274676984
274676897
274676752
274676664
274676472
274676306
274675989
274675760
274675752
274675634
274675626
274675604
274675578
274675367
274675007
274674993
274674902
274674894
274674844
274674830
274674724
274674410
274674376
274674264
274674244
274674194
274673884
274673864
274673750
274673599
274673585
274677920
274677729
274677672
274677645
274677451
274677237
274676918
274676895
274676801
274676768
274676631
274676330
274676290
274676262
274676150
274676116
274676084
274675786
274675730
274675722
274675620
274675393
274675389
274675330
274675311
274675279
274675277
274675138
274675023
274674806
274674771
274674760
274674637
274674631
274674360
274674212
274673742
274673492
274673415
242076472
279046476
279044262
279044130
279043606
279043268
279041775
279041010
279040293
279039645
279039359
279037661
279031317
279030856
279027002
277553603
276368818
274677593
274677463
274676483
274676380
274676108
274675765
274675558
274675508
274674478
274674240
274674002
274673637
274673474
270053306
270053302
270053207
270053028
252561060
252458081
252456060
252436063
193107082
167019879
14966248
279046356
279045952
279045678
279044872
279044792
279044346
279044158
279043148
279042565
279042515
279042497
279041787
279041689
279038883
279038775
279038270
279038122
279036968
279032679
279031413
279030158
279029110
278063155
278051485
274470971
271542253
270053064
270052919
252462149
252456051
193107493
193107485
193107132
191779511
191779460
190167900
174182815
155532125
109767511
101870528
279046470
279045758
279044884
279044604
279044142
279043761
279043743
279043739
279043106
279041863
279041278
279041108
279039759
279039569
279038549
279037938
279037834
279037074
279030112
279029114
279029053
279029030
279027305
278967944
277370284
276929564
276149541
252558917
252558738
252460370
252460274
252436769
252428819
193107113
173096180
171592700
158868353
102133141
101870933
90527984
279046566
279045828
279045792
279045094
279044026
279043411
279043343
279042770
279042695
279042589
279042563
279042323
279041905
279040295
279038058
279037776
279036721
279033188
279033180
279031012
279030886
279030146
279027657
279026065
277370509
276149415
252560679
252458204
252436049
252434373
252431160
252422187
252421541
252421466
193107542
193107200
176714878
172025100
116159268
90527961
279270228
279045866
279045028
279043433
279041913
279041837
279040303
279040047
279039391
279038452
279038428
279038036
279038032
279037650
279036711
279033118
279032355
279032309
279030874
279030520
279030034
279029781
279029671
279028871
274034129
271542247
263082606
252561296
252560657
252556677
252431222
252429273
252403614
193107467
193107394
191780063
191779987
171591801
96290313
96290149
279046260
279045920
279045740
279045576
279044530
279044200
279043421
279043358
279042904
279042495
279042187
279041661
279041657
279040691
279039881
279038454
279038420
279038124
279037990
279032159
279031096
279030255
277180693
271542273
270808324
270700433
252561024
252560653
252556994
252458139
252436199
252429279
193107378
191823938
171592167
116159474
116159252
101871095
94259795
91089758