279044986
279042705
279042541
279038240
279038126
279038078
279037806
279034030
279032377
279028972
278830968
278603667
278603651
275199435
274676791
274162985
273313471
273305183
263694278
263202178
258095572
249825906
248762557
225195247
197821205
195994050
195472271
191699524
121006045
115768386
113004808
58711542
55286050
48862978
42838971
2061543
647911
547157
421278
313653
279269978
279192215
279043542
279042824
279042689
279042301
279042055
279038446
279038416
279038372
279037934
279037754
279032966
279032395
278161007
277363230
276288263
274854943
274677807
274677777
274675828
274674782
274144013
274098835
273314620
273305170
253329603
205417034
203422618
197687704
197687642
197687603
197574632
191779436
94904290
87635097
68124435
59297360
513620
442344
279042315
279041859
279032954
274676582
270052977
203422654
203422606
195283781