191780505
274168199
279032930
279032998
191779811
489825
278730283
32196831
15842330
198562171
103474989
274677669
1616573
48555379
279030840
274142653
271294185
121089351
12671491
53806170
279043470
279045454
279044796
263208916
279032221
279033720
55286829
279038368
279037908
191621072
191780003
191780243
105664991
263097480
1586269
184244552
15842319
279039925
252714325
274676238
274675742
274674928
263097788
198562323
263097845
271293918
271293850
278804999
12671826
274118254
279031820
279033228
279038010
279036226
279038232
279036354
279035618
279031906
279031800
102758396
278153951
192450765
274677918
274674224
192908905
274677703
274677010
274673949
279042019
274676325
263097519
122273725
262706743
115787342
279033240
263097875
198562301
279033906
262046515
274142342
274142738
274142734
278727286
197531041
191780405
191780609
279045708
263104382
274675534
263097475
263097515
192908892
279033214
279032195
279033342
279037180
279031024
191780497
279026268
274677481
278730336
272558546
279030716
279030600
263097105
279033704
263098029
198562218