279071403
278056951
277837144
277603479
277574688
277555073
277554885
277548771
277548693
277544825
277544785
277544672
277544504
277544482
277544476
277544454
277544272
277544113
277544059
276643566
276641522
276196300
276156265
276147826
275699607
275229067
275045151
275002201
274804709
274118670
273392084
272848461
271132245
270682834
263440365
249575044
222723777
149346888
103210071
101745034
279261978
279030020
278818753
277943310
277943302
277915040
277603294
277554821
277554797
277544961
277544691
277544668
277544657
277544204
276648527
276178274
274588798
272035525
270682698
212425704
154002034
102133118
99435449
4682601