279155449
279043793
279043484
279040497
279038056
279036160
279033106
278885628
278819475
278815802
278719116
278593189
278574028
278574002
277574182
274385011
274384890
274384884
274384877
274143700
274143697
274142576
273323495
272916130
272532917
271456625
271311777
217515529
198996371
195283795
193101580
43751914
14977758
8849990
2848367
705296
518251
424851
424728
424718
279045852
279043972
279042239
279041811
279041683
279040551
279037128
279036587
279032599
279032359
278816455
278719070
278666034
278619277
278586058
278574020
278235898
277427687
275005480
274673008
274385023
274385017
274284287
274142242
271408284
270502127
270134908
263450782
253432001
195994085
195697009
195472327
191781283
102133176
95495387
46755221
4319095
2613103
2530165
367083
279155497
279133140
279071594
279043550
279043070
279041533
279040870
279040363
279037698
278819485
278818749
278790012
278788930
278777043
278727665
278722644
278718583
278714338
278707572
278063029
278053477
278015493
277779758
276048590
272532985
270502183
270134898
263179522
195472341
193109292
184801054
184781889
154010484
121635204
77222585
15673410
3968673
506011
421275
421232
279045030
279044538
279043638
279042149
279042103
279042091
279041801
279041470
279041256
279040693
279040621
279037816
279033070
279032992
279030824
278724639
278062841
277427484
276368920
274677469
274677357
274676281
270502189
270502187
270502139
270502133
263450802
263115380
262655374
248558643
198582995
191779269
121059194
102758499
102758495
102758345
101871018
101870931
53806192
51991139
279270230
279270202
279270092
279270028
279241873
279043791
279043082
279042159
279041879
279041328
279041160
279040657
279040253
279037512
279033174
278831022
278771843
278193258
278151580
278069159
277978242
277978230
277978228
277978203
276048694
276048570
274676760
274673019
274449783
274287373
263450686
262705765
198495232
195472352
195283722
192951163
50078774
14617224
2461259
526453
279175755
279038424
279037016
279031595
279029050
279026866
278995294
278785570
278774861
278770605
278714490
278113442
278069173
278062755
277580584
277427566
277352117
276462233
276016752
275941893
274673085
274673075
274672932
274144021
274144019
274142667
274142238
274142236
274142234
192450778
121635629
121064314
116567610
102758205
102133254
102133070
55286509
55285774
51991152
51990789
279270244
279270082
279155477
279046572
279046468
279042161
279041941
279041903
279041791
279041633
279041527
279041170
279041142
279040818
279040449
279040365
279037184
279032621
279028831
279027978
278816020
278069171
277978286
277978248
277978226
274677931
274673668
274673561
274281859
271269833
270053005
263071836
195531181
195482707
195283742
121635442
121063725
117985159
40033786
2043987
279261952
279133676
279071409
279067102
279045846
279041501
279038188
279033062
279032081
279031521
278818815
278788949
278776153
278724669
278718484
278076196
277739883
277461073
277427135
276048706
275970944
275941867
275941821
274676913
274676240
274674690
274143135
273303388
263057071
195697007
195696981
195472287
195283809
195283740
193101650
186692317
102133157
101871863
77222381
74569756
279270264
279270040
279269954
279042131
279042109
279041817
279041723
279041677
279041525
279041312
279040868
279032625
279032611
278943008
278627913
278586044
278151333
277978290
277978280
274677172
274676454
274673050
274673037
272558530
263099042
262795622
209399384
202490642
200976697
198996369
198996342
198996151
198638349
198495230
195696989
193880661
192951414
121065835
121065545
4301709
279042029
279041655
279040511
279030878
278969980
277978232
200976879
195472245