7496289
273713282
4059687
4059691
200852586
3979919
277553010
4059683
199739992
278636879
4977817
278012022
195545261
22411107
278863213
278972888
92551321
278320476
273532068
7496293
95886429
205617693
278278086
4059681
58493543
278489412
271411075
277938247
213861824
195545383
273716706
23609965
279062760
272353242
76688191
252714126
175724215
67477609
36061939
273602459
273958538
216867776
84108559
274919181
29829364
53980158
276685061
251980290
274945488
273874227
84254116
8297802
278778054
12600503
445642
279189478
213571970
7778475
11655496
277165837
201877222
178220024
278244183
248745934
270942661
207299225
192949241
9735473
276935674
277372906
276936319
127033010
277717107
181210075
274170042
278777992
276936444
277181427
195545335
2067407
270118928
277420877
187813273
4059695
263452067
262461136
275899505
195545316
272558794
24348209
125786413
574736
276841088
77745187
278683371
169312513
179993423
179216270
277489985
10751981
217777869
184496477
272913854
888213
275210610
277042956
271518295
277810940
54782019
273817371
273958543
276935819
205729258
92551672
273744746
277576844
252985887
277012663
276003438
1533437
277181389
277181417
179992639
276935899
275239600
253264588
278054754
277138761
249856977
276936371
276936195
276935925
276935767
276935690
277181499
277181715
276936786
167613959
273636595
181448120
54635814
202769881
206908646
274186015
273787088
277181475
277181629
277181956
22472034
206561405
58579799
277283854
276349330
249054533
274246275
206474383
276662907
277962252
83970207
127031888
255176108
274920005
276923606
207730002
177563761
249480482
1744447
213974609
3802147
276936231
276935928
276935754
277181511
277181653
172658694
276919945
528061
276940793
270768933
92004162
276935813
195545314
204847976
193922411
262875231
272255983
143144149
202769849
278979421
276936332
277576770
277181407
277181491
276936155
276936242
276935765
276935959
276935831
95994445
252004718
273543465
252855013
201703675
278525783
253686565
270975656
77221557
193450580
181924937
115254534
189639393
253631703
271479312
276936357
276936598
13383503
276936251
276936279
276936382
276936141
273822874
276935883
276935943
277181374
276935769
276936039
273928230
276935785
276935801
178228756
248633082
276935815
276935701
277577862
276935703
277181497
277181424
277181435
277181521
66878410
66667333
257786879
77745099
277181476
277181569
277181703
277181565
277181647
277181699
276936789
276936823
276936793
276936796
276936846
195667016
276936400
273662837
215746695
277181721
277181677
204049638
170780779
205691048
276043735
248654753
275870328
1322983
200763006
200628556
253150611
179988610
277012519
77220987
277348391
71957069
273690146
21516680
205542132
76208892
272616128
248705083
77122329
10857706
272353773
274028678
210965844
277870860
276936529
276936082
276936080
276935877
276935816
276935923
276935991
277181465
277181473
277181523
277181505
277181463
277181547
276936309
276936517
276936071
276936119
276936232
276936272
277181403
215390191
276936143
276936128
276935901
276935945
276935973
276936005
276936027
270712509
276935698
276935792
276935715
277181606
277181573
277181613
277181743
275763387
276936748
276936861
276936758
277181487
276936369
179983612
273151190
273720478
273662828
203846560
274882981
271423510
190608567
272916315
262056454
184496146
274895802
190608481
183225582
202769945
202388254
201891889
250349339
277174744
193715743
276437747
272605484
199941381
272872017
247465118
177081102
276936175
276936215
276936281
276936239
276936355
277576822
273952851
276935704
274191385
215581844
277576976
276935730
276935808
276936385
277181367
277181358
277181501
277181409
277181641
277181633
277181739
277181657
277181571
277181681
276935702
208632973
92010852
276936805
276936275
276936249
276936152
276935993
276935821
276935931
276935984
276936045
273460023
253461492
214835854
247305638
202475570
253384557
270463730
277181741
273989447
19918848
192987794
278878982
273881002
197157521
53253354
127299134
275899503
275592435
272883215
97217685
37165873
1007804
271534118
248237395
275340631
200615955
253360746
202854483
689536
128711667
277174742
278943876
278603706
276030584
119073227
165760821
277012678
278976185
279134550
255407033
276936438
276936447
276936449
276936531
276936403
276936406
276936575
276936345
276936381
276936425
276936375
276936478
276936377
276936313
276936113
276936079
276936097
276936157
276936229
276936259
276936223
276936253
276936161
276936106
276936191
276936284
276936286
276936150
276936331
276936260
276936271
276936321
276936315
276936241
276936126
276936116
276936136
276936219
276936290
276936193
212993244
276935919
276935851
276935917
276935939
276935775
276935947
276935794
276935853
276936023
276936043
276936033
276936047
276936053
276936049
276936029
276936025
277181400
277181357
277181415
277181457
276935878
276935866
276935768
276935859
276935799
276935981
276935897
276935836
276935863
276935874
276935932
276935846
276935824
276935845
276935849
276935998
276935955
276935841
276935949
276936019
276936041
277181362
277181372
276935763
276935743
276935770
276935710
276935713
276935783
137569795
276935745
249795459
273897677
276935678
276935719
276935829
276935791
276935857
276935739
276935693
276935839
276935749
276935721
276935672
205509479
277181423
277181444
277181382
277181370
277181558
277181495
277181537
277181577
20013870
205615684
277181467
277181397
277181532
277181430
277181503
277181589
277181543
277181455
277181605
277181601
277181663
277181541
277181527
277181648
277181553
277181679
277181635
277181737
277181592
277181713
277181735
277181697
277182880
277181731
276936780
276936817
276936810
276936801
276936791
276936813
276936781
276936773
276936863
276936856
276936825
276936841
276936833
276936839
190608362
252855004
197849328
172936858
217125730
272028717
251942847
177163761
276936399
276936351
276936359
276936282
276936440
276936088
276936102
276936090
276936147
276936111
276936114
277181631
277181594
277181599
277181584
277181545
277181723
277181725
277181747
277181667
273977304
178220017
273654363
185868338
275883529
210437380
263106943
204847984
277284010
177315415
176779764
177923623
177923661
202475525
205684532
177340196
279230481
194407346
202597145
200815436
127032406
193012906
221781386
274819221
279073805
270147269
279257716
68190514
274845494
735213
276935950
276936373
276935989
276935979
276935951
276935913
276936777
202329741
200793049
277738375
207997400
273894450
250349468
201877226
279267584
272155683
1670613
247405859
253360753
197116310
128711683
279197214
276405748
278533495
214603704
201702293
191915522
36565130
272914147
192844986
247429710
125729628
112193138
275943516
274880034
271967936
257855184
270714374
216464688
276280390
278325820
273989582
157711390
208433053
276058268
11874702
276685315
112190105
190608355
262515831
276936415
276936395
276936236
276936418
276936421
276936513
276936391
276936105
276936353
276935807
276935835
276935893
276935940
276936006
276935854
276935965
277181378
277181399
277181554
277181567
277181477
277181493
277181413
277181459
277181383
277181390
277181461
277181411
277181510
277181535
277181437
277181609
277181448
277181414
277181530
277181471
277181525
277181529
277181442
277181557
276936417
276936429
276936295
276936404
276936553
276936614
276936453
276936639
276936363
276936366
276936465
276936428
276936256
276936485
276936378
276936077
276936092
276936109
276936181
276936134
276936127
276936201
276936227
276936209
276936194
276936187
276936306
276936169
276936329
276936266
276936182
276936347
276936255
276936305
276936224
276936234
277874009
277181385
277181368
277738245
276936207
276936189
276936139
276936160
276936171
276935887
276935881
276935822
276935873
276935909
276935869
276935827
276935885
276935937
276935921
276935871
276935971
276935999
276935968
276935962
276936003
276936059
276942393
276935995
276936011
276935934
276936035
276936055
273459719
273897734
262570444
277576978
276935697
276935737
276935689
276935861
276935681
276935750
276935811
276935728
276935694
276935684
276935679
276935670
276935777
276935709
276935759
276935786
276935717
276935727
273980836
179141955
277181616
277181651
277181623
277181645
277181610
277181626
277181591
277181705
277184216
277181583
277181661
277181729
277181587
277181655
277181695
277182259
214599322
277181643
277181672
277181719
277181693
277181674
276936845
276936831
276936753
276936815
276936772
276936779
276936795
276936807
276936851
276936809
276936836
276936843
276936865
276936757
276936859
276936821
276936819
276936803
169362013
171237913
276594016
276935803
249890081
187850584
10863208
252866693
270544634
214916544
203200930
200614510
176812921
216335407
191628740
189468940
272558810
279175676
275147424
273510905
273580845
176909350
179496375
277284106
263241780
270486763
277012696
25770347
279262245
276936591
277181659
277181575
263584107
271423514
276934601
247346489
181461430
272352397
270836625
274170048
7496305
270702117
128711490
11507968
273309628
51957712
56026604
273818927
92764088
22548770
214164421
273634283
273284029
214163084
273356763
274844799
207092753
277421199
278970731
15462782
248862928
181781974
276005057
35043475
257848024
269961490
27978660
276799112
276059654
136020905
279213004
276936149
276936125
276936133
276936199
276936360
276936276
276936221
276936310
276936302
276936348
276936217
276936283
276936291
276936323
276936247
276936339
276936203
276936285
190608527
199976960
276935781
276935725
276935722
276935731
276935779
276935789
276935805
277576910
276935677
277576710
277577622
277578488
276935680
276935741
276935744
276935752
276935669
180736481
276936397
276936422
276936342
276936387
276936317
276936289
277181451
277181438
277181416
277181429
277181483
277181453
277181507
277181441
277181485
277181551
277181549
277181509
276935967
277181381
277181433
277181447
277181469
277181359
277181405
277181365
276936855
276936853
276936849
276936835
276936829
276936827
276936799
276936784
276936754
276936751
276936618
276936580
276936547
276936506
276936500
276936472
276936412
276936409
276936393
276936337
276936335
276936165
276936123
276936101
276936095
276936087
276936084
276936075
276936073
276935975
276935914
276935902
276935756
176779839
277181579
277181561
277181539
277181519
277181516
277181515
277181488
277181480
276936269
276936264
276936210
276936205
276936183
276936156
276936145
276936017
276936012
276935997
276935977
276935961
276935927
276935906
276935895
276935891
276935889
276935796
276935761
276935729
276936057
276936036
276936031
276936020
276936015
276935987
276935983
276935957
276935910
276935905
276935865
276935843
276935832
271781615
222662852
200521264
279200888
278628093
278025099
277735904
277581973
276936099
276919823
276038053
273959779
273304803
270790594
263102299
249535047
226627372
222662856
208320363
205540176
204871518
202604265
201293289
190289319
188322725
177755833
174627604
173760396
150555359
143144215
137941412
129748820
129138415
127032641
109109682
102552254
67574738
55298780
7164875