279189421
278971098
278843762
278682565
278572394
278491439
278170565
278119757
277923369
277397107
277356504
277024165
276823740
276227347
276159943
276159903
275332787
274845354
274770350
274669768
273718791
273531017
271337379
263980370
262733312
220682523
212212330
207217794
203883773
201845361
196001721
196001718
184419723
138934626
137852952
33543689
10379313
7832997
1533427
575950
279281828
279273124
279132155
279082490
278841181
278724542
278154870
277759473
277600249
277410044
275853508
275568266
275421969
275105161
274145068
273426143
272412129
272390506
272059156
270507917
264018582
251345244
248986323
229809650
198573178
184766289
179369038
174449880
174449878
163902730
146846342
137852982
135552437
115668463
101801591
67865487
41217861
37410507
5808793
1527511
279155601
279090879
278820596
278425186
278357202
276841004
276756372
276479792
276479790
276430704
276148735
276146397
275948034
275820930
275337754
275245434
275245429
274969749
274763162
274680759
274680460
274669770
272226136
271327632
270306415
263342942
262887571
260108081
249773417
216226699
206784504
205988585
193605374
173515991
90227346
89624475
33758313
6161649
5808797
570817
279188531
279171191
278967001
278930752
278632642
278457981
278429125
278109133
277567451
276949877
276650250
276356108
276236721
274836013
274680724
274365374
273896664
272390499
270210637
251772784
230009475
225268799
201494630
197920655
175798776
138934620
136941163
92010651
92004359
72459678
71321829
68002281
53825119
53433383
48613094
35010882
12104106
7283681
904256
601492
279229294
279162168
279131375
279127807
278865994
278755068
278616362
278229480
278228966
278036198
277860287
276724443
276649862
276158739
276135463
275820925
275024278
274667294
274056512
274029447
273868451
273678399
272835067
272832655
270212699
263119852
252887377
201012080
197953776
179745995
138038174
129138525
65082042
37410504
15642332
8306467
6926853
1387543
682843
596620
279280532
279133409
279132996
278696598
278445000
278370863
278014951
277344750
277032063
277019802
276685307
276582503
276445474
276024453
275854325
275350606
275033003
274989318
274763164
274160581
274123180
273421618
273310958
273203472
270794954
252053072
230201313
206330829
197971072
160779390
142833961
114578907
74457271
57768279
49204091
47321849
46825648
17610642
10174048
3071853
279235222
279173515
279162174
279132401
279103348
278966850
278950916
278860395
277344826
277168610
277043021
276908608
276456075
276387160
275924927
275924298
275737963
274932277
274764563
273910243
272162886
271968097
271725709
270771769
270726051
270116426
202840395
200850985
192322274
187644086
187231188
136013850
104049763
46825641
20161607
10604363
6214219
3750429
1717559
1419963
279286831
279235236
279112548
279065830
279006019
278989297
278860345
278399135
277873886
276889815
276116885
275807336
275576888
275075764
274945477
274595564
273456576
272852230
272497621
270704381
260981566
257866139
253474040
248792306
242124198
208122217
188947935
166525107
160149138
150546710
140120577
140012510
137852988
137432263
127033416
113707061
106460060
92002654
72933180
1450513
279273398
279131844
279112572
279085445
279085163
278863322
278832566
278804902
278383683
278316921
277361278
277347967
276155988
274822129
274806356
274393527
273664770
273452278
272390517
272200483
263195566
262865652
262394611
251920858
242131074
225906633
216213284
210414088
207035105
205899027
191976978
190608573
160788585
137997716
137467557
46772894
35196247
7887173
602978
374578
279269858
279246208
279219173
279162179
279112262
279101191
278804498
278616324
278227396
277581411
277522292
276660626
275655779
275623923
274989303
273667113
273558909
273534064
271793552
271152527
270306109
270246608
253275075
253265446
208677745
190128203
184779707
177169326
177165980
176752866
150999166
130170234
74854976
37134899
36702009
35575711
16076963
8461470
3048147
574759
279089332
279082433
279071805
278967663
278881366
278827138
278749578
278490832
277971869
277514065
276949869
276778804
276751101
276665214
276232775
276196093
276036264
275451984
274764147
274760265
274691874
274681190
274667283
274069634
273896943
273566413
273505901
271165502
261963804
216098481
206844673
195961560
188161180
187645011
181687303
147814497
95039243
44976177
19770229
603891
279269412
279103296
278972887
278969569
278868618
278844012
278830839
278584529
278381023
278098057
276949852
276777096
275130255
274799713
274558205
274187527
273690518
273577897
272442124
272302005
272152052
271314650
270680103
263107773
262821050
260293081
248704823
202610951
199168133
188967424
181656866
180966557
179915203
179799454
167935897
151967478
147056324
108753138
6491371
1339059
279186031
279112392
279017076
278966736
278617036
278371225
278327405
278238537
277743452
276895897
276364262
275236416
275013046
275008408
274765304
274727963
274498124
273515002
272465298
272048077
271981648
270786839
270625685
270213662
263584348
261810707
207401095
205973139
203953862
135322607
106781488
96029966
73791647
57964820
36701963
36564289
4503931
2996341
888553
374165
279268998
279245878
278894430
278884145
278827658
278713647
278616348
278438134
278429598
277555172
276155880
275854201
273713535
273468621
271628598
270767078
270703432
263584565
262473141
260818561
253655037
253411536
212038084
208289544
195741182
195520988
195510664
186141930
184647657
184476078
175167496
148073418
123574046
105229643
95039280
75829063
35575017
35290579
21575867
6812603
279132831
278722936
278484932
278350532
278124852
277043107
276754766
276666276
276388911
276166863
276164777
275794718
275160135
275122915
275039742
275008832
274946461
274921961
274593288
274566975
274357096
274005441
262368706
261025452
253313810
253306186
249033753
203892309
196514872
194131617
191282989
188071544
186815560
183684475
140174042
138049928
107124362
73611444
59362957
50253505
279269234
279268543
279268459
279044312
278967752
277743568
277393048
277383481
277233469
276161902
276089004
275075786
274988696
273713537
273585546
273164776
272852233
272419542
272303100
270773644
269988169
269987860
263295470
262909052
249026446
214828832
208285335
207974064
207502327
203200714
195111704
188548575
187238966
160438887
149656745
116141437
113070836
72592722
11419483
1746349
279067363
279048330
278539264
278497762
278484936
278463581
278149090
277463910
277417431
276889633
276777132
276117019
275715480
275238852
273823060
273493596
272526084
272045118
270700047
270294660
262782329
253305079
252398324
252051189
252028551
251442125
249007581
248643287
215296725
213936505
208253413
207421154
201568749
197624544
195715557
178093065
160438935
95039257
41931829
1527079
279269496
279039163
279017112
278863233
278831831
278478014
278321316
278059455
277936834
277924122
277408939
277038246
276640330
276491668
276435299
275882334
273384764
272983398
270770556
262733316
262526945
260922683
253321358
253232567
253042757
251418769
246954676
244301007
242435516
215914485
212357648
209388469
195520852
191139181
188066989
168303306
67871331
32075152
1986171
347884
279211802
278868568
278804247
278768717
278642995
278566355
278492266
277602770
276501886
276141713
275193514
274834169
274544757
274147342
272232490
270956426
270852663
270717348
262909018
248106845
217696694
213936456
207749739
207657447
201648735
196826014
195510594
183725306
179219292
178536312
177620466
165748631
164990688
159380723
141345262
137127962
106066913
3082817
537585
423257
279254418
279121282
279068889
279006069
278890531
278790455
278787523
278703224
278690858
278228728
277860131
276683555
276551007
276164788
276162739
276073988
275792754
275568049
274874483
274595583
272530289
263584350
260818317
260110643
257843658
253242475
251894031
247264054
208653029
208411808
208201231
188551006
176437863
167033973
141730000
135727711
72167949
3723281
3006273
484399
279133596
279000059
278819457
278761183
278357208
278043457
277743538
277741860
277615340
277374101
276089006
275254964
275043022
274964930
274760219
274459756
273786085
273503201
273411136
271968161
270488420
270465182
258928702
253461981
253263669
252063963
252040617
248767644
195924962
192187790
188331095
178032049
146577236
96291985
72185976
32352507
26454417
12495289
6491375
951003
278988541
278868656
278450819
278381018
278038964
277694820
275866144
275630396
275255472
275076256
274639956
274474007
274412201
274028290
273605134
273364293
272857475
272420179
271974331
271054174
270785843
270771001
270182306
262915104
262062397
255630401
253686568
253557656
252641219
211949514
207750945
206335225
206335001
204644062
175167461
137440408
137440405
77899572
34819234
32581742
278768785
278703218
277771975
276649724
276649439
276644785
276618302
274988649
274630819
274377245
274004830
273725390
273557953
273536960
273349018
272935938
272882475
272403668
272220610
271627487
270212211
253304999
249208063
249004524
248371819
247806949
247264066
230039294
214200514
209612297
207244983
196597218
173616926
142327115
91594191
71898413
37468682
22080353
635880
430358
278963543
278607482
278381025
277771367
277589172
277253357
277006571
274988719
274057932
273668932
273364296
273244637
271628125
270770918
270268939
263053646
257959168
253629153
249302336
248889419
247406195
226793770
215296729
215221449
213519672
211718882
201161422
191907682
184633102
182708659
179951586
179689606
179518493
174134897
162355089
140122299
138934628
136482688
84750972
55406088
279132629
279112590
279112352
278967025
278966858
278966590
278478027
278377385
278227419
277043577
276847730
276688149
276677246
276649696
275038720
274286589
274147353
274064565
274020284
273455998
262889751
262587458
257865752
253461972
252918906
225911228
199007622
196190331
194130661
191144123
190239054
186815478
186815391
184667495
175085033
171876669
36434179
36404202
35573779
6926841
279076497
279072008
278722938
278622329
278271348
276621222
276583440
275356372
275056981
275014120
274964875
274932165
274852691
274631227
273655327
273102203
272982320
272420024
270882915
263584541
263584476
262874986
262733308
253236671
249004540
243202478
215786510
215786508
178832514
176969657
149974948
95039328
69500591
40884769
37134830
36335963
17608979
279131977
279083494
278978834
278746292
277382590
276847728
276136608
274988806
273568790
273364292
273203598
272918607
272104445
270790186
270773945
270488982
270226987
270061590
260818554
253542458
252034918
248978048
244300984
215296723
209933478
203402437
203084192
192191693
188229260
186815324
186815236
186199777
161368449
137998990
137440106
67246913
58618770
57771479
38075190
32613961
279133562
279133170
278503568
278470693
278429842
277781097
277042453
276856514
276601665
276585224
276362769
275591669
275385312
274783434
274544913
272201345
272048157
270875235
270771716
262874961
261035671
242760506
215914481
209883101
203971907
203084064
196157760
188318745
176752858
127031739
106362336
102639891
77899569
59101142
50275304
32785894
14142494
12129162
1068870
569775
279131796
278598625
278046302
277342023
276952211
276831277
276356375
276262850
275076258
274988679
274760276
274760234
274122182
273356215
273246696
272309517
272167806
270924620
260968042
260941568
252865795
249604619
249602521
247265346
227659202
225209956
215296719
215296698
213936329
209925078
202329752
197544440
184048419
171811939
153920617
149781577
142047265
135727627
134983236
57768051
275083802
274532318
272195325
272032183
271542473
270770643
270756327
270258879
270246517
270243932
270241512
260941566
260941560
253044801
250110973
249220592
249009313
248686325
247887668
247321728
246958385
215296715
215296678
213936537
213936364
213936234
213936197
209932069
209926923
209923247
209915199
209911887
204803757
197347193
196410717
186702053
175811795
175721827
174589132
114968949
279206280
278483203
278306778
277553157
276612366
276474523
276412251
276345006
275771465
274941327
273896339
273631341
273577889
273452314
273420948
272240645
262648819
262394196
262303098
255478298
255349768
217627647
208064976
206560562
206377317
201160647
183909787
179690625
176294371
174588295
174586847
160677477
160438832
160384751
141677909
121210578
116188389
95221017
84075031
32731870
276412175
276075850
276044090
275538734
275421450
275048371
274743863
274391901
274319911
274319886
274173742
273913820
273906541
273713385
273244955
273244951
273215765
273170991
273166543
270789861
270773528
270772377
270772361
270771011
270770979
270770568
262909061
262664440
262062403
253629901
252596042
214828845
199122434
193062717
189557195
174605351
172475978
160392650
54763111
19370504
278700730
278691616
276762151
275337093
275084533
274751262
274558148
274057596
273713525
273646571
273244945
270772333
270771021
262782323
258806015
253557098
253268997
251274381
249607507
247949051
247239719
246748677
219157275
214930432
213590965
205809440
205692019
191808394
191808151
188707870
176896917
175445475
159766723
148868893
148596237
114945184
99056193
93753905
25811934
10560003
279277288
279269254
279269176
279269106
279257247
279132593
278802444
278050759
277778316
277464232
277462806
276898789
276808204
276674200
276164759
276065522
275866146
274713582
274412323
274394736
274355923
274147313
274028379
274020235
273913942
273646569
273631510
273170834
271820111
262691580
257958243
257958200
253321354
246952442
229780859
204041848
203843985
200520670
71898411
53652815
279295446
279295368
279295334
279295330
279274195
279269870
278907016
278724489
278632361
277425004
277383336
276583450
276583416
276583408
274145066
273768113
273639669
273522199
273479348
272186890
271234455
270745258
270437032
263809310
263584513
262875134
260795163
253265398
252410790
249667086
247446356
211949439
210163933
176752868
175167344
87443845
73664655
72173436
66105082
36701107
279301923
279295424
279295408
279295326
279257296
279173239
279162166
278988523
278819791
278617226
278571214
278117584
278113791
277991004
277936679
277030389
276630283
276544393
276422705
275974090
275731823
273656707
273216544
273056307
272911071
269981432
269845931
253631712
253412339
252574629
252040692
242076267
208065958
207830741
199705358
173903266
102802483
54769098
1732915
1732913
278937464
276933614
276924496
276667351
275804959
274988880
274073390
273552214
263809316
263584189
262875142
255605871
253542406
253399746
253300870
253265852
253253429
247264092
236854739
210960267
208411756
197601111
194857896
194095413
194004214
187865816
181895529
174624838
174211701
77221168
72335265
56274378
54750928
53825625
53253776
52631876
51850328
26475925
22080355
1367807
279268583
278486320
278442862
278003589
277456841
276765905
276702689
275264252
274875325
273914745
273656705
273482966
273456564
272234013
263584316
263584270
262062016
261943465
253271599
253237659
242982217
212357941
208650234
208650196
208644259
208327838
208327779
208286096
207280076
203465064
201089608
195866966
194339106
194096427
174599733
145966327
122521481
77221053
36701931
1527509
279315915
279314871
278860788
278760892
278229028
277938125
277871205
276857264
276353648
275145648
275053844
274394503
274147438
273895069
273725337
273552220
271524732
270823954
270774827
262656167
262062009
262044894
262044878
262044872
253707927
253258198
253137819
253079974
247264069
242627842
241654035
209899890
208066606
184649158
137999108
137997290
114945041
52421745
50399006
36700790
279070372
278746294
277770026
277347414
276586415
276581053
275677518
275626946
274877527
273656701
273645280
273587100
273461719
273454643
273442962
273421825
272879954
271725510
271661396
270926988
270772371
262782308
262782306
262656150
257958254
253626937
253412352
248773745
215376523
215376398
215376278
215376121
215052068
208065106
199523630
196518956
178110965
107465985
36313234
25811887
277375270
275084286
274033394
273849671
273459261
272051353
271339930
271339593
270503381
270453267
262909033
262062416
259326538
258219090
252727032
250110999
248880273
225906441
225380740
215545056
215296717
215296711
215296707
215296700
215296690
213936488
213936412
213936404
213936400
209921202
209917718
208776382
202329380
195201105
169447894
154248673
142237874
141515707
137503421
137430596
279174245
278717265
278208420
277837517
277606956
277501975
277417433
276683594
276643985
276581013
276364300
275243028
274794917
273943541
273568023
271435344
271198204
263419555
262783237
249662625
216285779
210137196
210137028
210114383
209929516
203902564
202329520
201568450
199615352
198592252
196598435
195505598
192547641
186815369
180609841
176212528
175721726
175721653
136942849
127210984
279280590
278729544
278028657
277810458
276504924
275566385
275039748
274762353
274558199
274028614
273577951
273294455
271302622
271187852
270789862
270786823
270774955
270772417
270772398
270770902
262817147
254079095
253410303
252011542
249731810
249697123
246956467
244690972
217577468
205986811
205695870
201598578
198523345
180602507
160392726
154248434
136482792
90353832
39838795
24765334
279306813
279269220
279268561
279268499
279211808
278966768
278966509
278760870
278372110
278345090
278294427
278229524
277931224
277878532
276594530
276191389
275331852
275189001
274881717
274598371
274028602
274028325
273717608
273442782
262803630
261005621
252401055
252051486
209612933
207643242
207639770
205696525
201932222
184045833
177253551
136482774
47321851
32894623
20954641
2063227
279295452
279295426
279295416
279295412
279295356
279295306
279288254
279287047
279269908
279269530
279269290
279269266
279269186
279269170
279269122
279268531
279268457
279132714
279112316
278967892
278966742
278966696
278966636
278860560
278761511
278760834
278760790
278714175
278616438
278529647
277515591
276580320
274894719
273678384
260818558
253263989
195219144
35313210
19865101
19861607
279017102
278761331
278610448
278520521
278165375
277374582
277327491
276604379
276405511
276308191
276135377
276089411
275145631
275134382
275043106
273574330
273286210
271492630
262875147
259483837
259326532
253363481
248767652
244306954
242770710
242629699
210968044
210164104
202958432
195919315
152535607
143010571
116139999
107561578
102806321
71980175
58615062
57768124
37216364
11632296
279186794
278966878
278635101
278503044
277972528
277497130
276862362
276609719
275024257
274989074
274876035
274833646
274187177
274175167
273892385
273682499
273221772
272558786
272245309
270836983
270507788
270468497
270117093
263584362
261943479
260108089
253360271
253358570
253305122
253265356
253262953
243096170
243090403
242732317
214200418
208223965
187202824
174207633
37468655
11342048
278806778
278610450
278227398
277583019
277477380
276908591
276908379
276753992
276674226
276653033
275008257
274161342
274028598
273727065
273690190
273483639
272526223
270102468
261943486
253237890
251274205
249176422
249007378
247582993
215052070
211924857
210955787
209901280
208600945
190537931
181713080
174261447
142218674
109776180
92004208
53703869
50731545
37216290
36700827
16592297
279269378
279241505
278377714
278111331
277388705
277044426
276908610
276801119
276767295
275793473
275236347
274947808
273685856
273645554
273641320
273448110
273352922
272236146
270772353
263584507
263584473
253557562
253557081
253265450
252887302
249052481
248837906
247264094
225264286
210960487
209177072
208650089
193565140
175445464
135727612
71898403
53254008
51565406
41261805
22482281
278990161
278989652
276380672
275987619
275079495
274368844
273717167
273478885
273419685
273215763
272880283
271518297
271222501
270790600
270770914
262767450
262062411
262044887
253234604
252664546
250076694
249031717
249009515
247406201
216296795
215296721
214933092
210137033
208678911
195951967
181170683
179913056
179234155
173903253
151540385
148870274
143144234
140981692
114945426
114944734