279134448
278969101
278969099
278969093
278969089
278969087
278969081
278969071
278969065
278498437
277996735
276257666
275538870
275274741
262860192
195649296
195649282
195649281
193978841
189940691
189940677
188714540
188057277
186880675
186880666
186880665
186880663
186112403
185055215
184419904
183058543
182541457
106185389
89701691
80937543
74496587
71052599
71052595
68580163
57842929
279218558
279210181
279160430
279124493
279008331
278969109
278969097
278969077
278969075
278761565
278761139
278575261
278508355
278095659
278001866
277018606
275188924
195649307
195649305
195649301
193978844
193978840
192453299
190857216
190857206
189945468
189945467
188714537
188057275
186880673
186880669
186112405
186112399
186112397
183038070
160837029
14949043
14750864
14699357
2040669
279275425
279236070
279160480
279160426
279122327
278992767
278967736
278093806
278001877
277730582
277463270
277269752
276916184
276897648
276548624
276271395
276135331
276091560
275425071
275379798
275188912
274544890
272830580
197636440
195649318
195649312
195649294
195649280
190857208
189945465
189945464
180961115
168114449
103404689
91325057
68431222
46749901
32220963
5569101
2040671
279244451
279226896
279226770
279184917
279160526
279062778
279008878
278969105
278893522
278842987
278761141
278575265
278228944
278228783
277984388
277872115
276294538
274007560
273678580
270803694
252912088
252078679
195649316
188057282
181980789
179945826
165205713
164486555
102268649
72002400
14949047
14303709
13330013
7676171
2465671
2040665
1073248
1010176
695485
483345
279160298
279022686
278969095
278251597
278020740
277962377
277749535
277380759
276349313
275188916
274941436
274107268
274007654
274005648
273887706
270790454
270228564
260819315
257537668
195649300
194950808
176550319
165038789
139271913
139270931
103404671
103404669
96512975
76558388
76176334
75437222
74496711
74408441
74404777
72002394
71052597
14750836
14699359
2040715
595661
279160498
279160076
278929101
278883734
278781339
278575445
278359923
278020798
277397240
277386161
275849432
275849103
273206753
270477851
270477827
270435665
252570509
240199067
216721478
213701678
212324104
195521723
193978836
190857214
189940682
187636949
165679244
151817772
110878706
103404673
87491595
76775236
72203798
68889044
59199699
58076538
57816185
57596737
2040701
591667
279262182
278575150
278020830
277533166
276427571
275849585
275818820
275609093
275052681
274951802
274434700
274007735
273719641
249463714
247938445
247879369
212324136
210399376
207565713
200617440
195649288
195521713
195520965
190857210
176550311
144923775
143164596
110478142
110471284
98636524
89701695
87901350
74496874
72572999
72002398
53269094
14753201
14709260
14699375
3557887
279291525
279275455
279262173
279245992
279204283
279203670
278854140
278229058
277984385
277533164
277397062
276898273
276233736
275849277
274992604
274826206
273666347
270072620
260819295
252080367
247905489
205606366
197670121
195662872
195649291
195210545
179541787
178219329
176550317
120461240
103404623
68881667
10867304
10600326
10282221
8442144
2040649
2004569
1989209
1703333
279250716
279229085
279175369
278251929
278226005
278226001
278225980
278225975
278225967
278225965
277346826
276353612
276286580
276074022
275769939
274948597
274617534
273885251
271570472
262691829
212580483
212489597
212489578
187843353
185944998
165220988
164534699
110970857
110461345
110460835
108067398
103400597
102130257
14949055
14751506
14699365
12436088
9688940
1403933
279262175
279259640
279228815
279218421
278225989
278225985
276920084
276916210
275849252
275405977
275182469
275062614
274041207
274040557
274005587
273961017
273960867
273960743
249463716
248990002
247831215
247816410
247811702
217422400
213701883
198091217
195522367
193978834
186880670
186112400
185659078
177776764
74613684
72207120
57842935
57604461
53709844
50779406
12436086
1891209
279280058
279279062
279242978
279242114
279235179
279228825
279226348
279226336
279209589
279160720
278974370
278907095
278604812
278604721
278225983
277881351
277533202
277533183
277533181
277533170
277313140
276898033
276898017
276897946
276622226
275769947
275235306
273181057
247749649
195649310
195649286
193137984
164374064
72002390
72000011
10775721
10600330
9688942
8442121
1891207
279243071
279191486
279069961
278251659
278225979
278225968
278020801
277943235
277346578
277311066
276683772
276603342
276488036
276289513
276284511
276284480
276223641
275769941
275193961
274896000
274150624
274150622
273385202
273308596
271538074
247940472
247940229
194525006
164789905
164433217
110468890
107347524
103404649
103400622
87904749
38189092
14699380
14699361
2040703
2040689
279175356
278070148
277988607
277755771
277397217
276916433
276916199
276353100
275849561
275849194
275412209
275200866
274895546
273858533
273637104
273420193
273308617
270767752
260819313
259513141
247680565
247380013
212489572
211312656
195522363
192036193
187843352
176550315
110966937
105661258
103524566
103404697
103404663
93208030
89763765
59433288
57816181
2040735
1502597
279296263
279278955
279218403
279217866
278992714
278974407
278855908
278616938
277533214
277533204
277533200
277506868
276887137
275820536
275819173
275813242
274992593
274834665
274040760
262694743
260819293
253689717
252079066
249463719
247905453
222662598
213488921
212324074
195649314
195649304
195527996
195520969
183066351
76658954
69644742
32217391
10282223
10251515
2004571
581115
279243068
279228783
279069971
278908102
278737750
278722286
278604732
278225976
278034747
277973322
277533206
277311093
277032710
276643911
276632124
275451659
275189058
274894904
274150634
274017496
252973957
249662616
242500615
195649278
193773446
165938550
164535192
164077308
160265947
91540540
89701693
78920342
57816178
38188973
14949702
14949053
14699362
8442135
2040737
2040651
279259644
279259641
279134672
278696435
278226003
278225998
278225997
278225973
278225971
278014044
277984115
277350081
276263682
276223679
275411692
275380067
275235277
271269831
249938264
247941146
247938758
190857218
178226077
164491401
143174408
103404657
77774393
76176636
72203557
61226362
59199829
59199571
57842939
57763340
38189090
32128895
14949051
14738933
14709262
1703337
279241791
279241727
279236135
279160070
14709264
12436087
110473372
146223076
275928329
274832595