279135832
278812692
277739965
277590083
277589681
277500164
277497278
277378239
276606291
276589907
276589531
276564488
274856445
274287344
262790005
262789988
262787506
262787495
262787116
262701140
254021962
253420671
210154938
210154592
190235098
183725279
155646635
48573483
12626679
2532703
442482
435220
426702
416640
416430
416407
416389
416377
338286
338167
279157682
279157508
279124598
279101201
279073539
279064935
279064885
278816123
278785727
278783756
278783704
278775320
278775006
278774979
278752387
278751953
278702958
277555522
277539585
277378373
277370118
277010656
276589742
274384971
274287321
274031250
272442011
253328443
253326004
210138249
199650471
193101760
190233715
180323708
560564
548497
526253
481061
416644
416429
279042707
279026764
278943036
278942938
278810706
278810613
278804799
278789826
278788634
278443164
277588066
277540096
277539711
277539700
277539600
277500033
277375284
276963258
276582370
275859516
258896782
253146726
217318074
209406024
184831286
115795367
73584910
55285015
44860462
25204681
19901151
781473
560591
420795
420792
416453
416433
416413
416400
416392
279185191
279155463
279073081
279042389
279042299
279042289
279030241
278819459
278810839
278792884
278789578
278785791
278785446
278777783
278777065
278775569
278772025
278754382
278713932
278160783
277835717
277808533
277808457
277739389
277581460
276962721
276564137
274384998
273317580
271347258
270058006
258133109
249876440
74003607
55285893
25002414
2565245
416381
416372
338278
279155493
279155465
279067278
279042205
278942995
278775424
278775383
278767891
278718563
278695356
278064210
277580725
277555593
277555527
277539643
277539625
277375300
277370355
276619501
276582631
275259619
274399603
274384878
274144034
273724884
271279318
270441316
253146808
184833352
184314022
7957607
442341
442331
435061
426573
416457
416452
416405
416388
331588
279139275
279069653
279068835
279031890
278943042
278793701
278777592
278775619
278774880
278707676
278511044
278327622
278230005
278015617
278006201
277808597
277540145
277539615
277539540
277499452
275569991
274449804
274384894
271356478
271350408
270502117
210530900
209401016
190231813
184781470
180320691
573996
460616
442330
435274
426620
416438
416423
416412
416354
279103952
279103947
279073719
279073654
279073528
279071775
279071713
279069717
279068867
279064805
278943032
278826849
278825139
278793892
278793890
278789754
278785782
278773557
278772076
278771754
278755679
278751712
278711749
278637814
277605003
277589821
277362983
276590071
275915529
275089177
274384882
274090488
271350759
262655798
210527540
210154524
200619518
34752586
435047
421277
279157570
279155495
279155421
279106013
279102034
279075973
279073687
279072086
279042527
279042507
279032185
278856326
278817013
278812760
278810655
278809570
278793714
278793640
278788945
278788615
278785622
278785574
278775919
278611681
277582840
277540103
277378265
277010431
276963328
275257782
274384979
274384876
273736743
272442024
271335729
271334680
271334443
3887625
421162
416387
279157523
279155429
279103941
279069699
278852689
278825120
278824289
278816675
278816030
278810291
278809589
278809549
278794519
278793136
278791497
278789830
278788646
278783762
278777781
278777051
278775617
278747192
278192141
278059016
278053487
277739967
277555653
276564630
274683743
262789515
262652504
210154688
191779906
190230174
26600581
553531
550125
435095
420774
416396
279199654
279154589
279154411
279143574
279139083
279104518
279104257
279103961
279103925
279101961
279076021
279073641
279071327
279066572
279066486
279064876
279031864
279031637
278826711
278815806
278812698
278810589
278794136
278793724
278787737
278776234
278776157
278774743
278718521
278714964
278609731
276963396
274683815
274423171
274384889
74551991
48582821
31895951
2613717
442329
279155471
279143648
279143576
279103967
279073537
279042593
278943040
278942981
278852465
278816821
278816806
278809523
278804930
278794490
278793726
278793680
278793206
278791737
278790016
278785708
278776138
278775615
278774963
278583806
278279839
277739935
277739724
277539729
277363240
276620020
276608977
275199626
270441133
253431897
248580658
208056450
49916029
3320499
435082
416375
279155475
279150331
279073598
279071348
279071316
279064818
279036697
279033396
279032717
278856313
278817802
278816307
278810696
278794186
278794184
278788943
278787765
278777550
278776475
278776464
278775921
278772082
278749549
278707810
278005509
277933636
276797436
276479725
275923067
274855010
274852517
274399639
273737941
273566583
273321691
272421948
262787487
97895049
91440853
91440713
279218577
279155499
279072090
279064929
279041282
279040866
278969952
278794450
278793722
278793676
278793201
278790018
278790010
278790008
278785335
278778162
278776904
278776472
278752039
278750022
278749850
278729985
278716464
278714113
278677029
278247389
277808571
277539556
277500072
277370382
274678047
262730695
210530309
210145468
210143739
95540568
74553506
44914072
490176
420785
279073734
279071405
279064919
278818690
278817144
278816658
278816623
278809637
278794448
278794171
278794159
278794154
278794148
278793685
278793656
278793654
278787721
278787602
278785666
278776118
278775625
278774751
278774745
278755930
278755906
278747180
278720594
278715266
278707601
276797404
274467966
274453688
274449844
273566684
262789931
262787664
262784899
91441784
52028559
50391800
279157502
279133474
279073557
279042469
279042207
279031561
279029933
279027327
278942916
278831071
278818519
278811048
278809837
278794478
278793650
278776435
278771420
278765374
278164381
278044691
276620160
276609185
276582261
274675902
274675271
274383617
274031029
273726561
273725261
273725226
271886352
271350637
271335350
271335107
270441413
190726704
184781727
180320195
2613719
318199