278638861
220663057
42459032
272058579
365780
161310103
48364403
367828
279258106
80142837
42459026
271317433
405634
48364407
216090588
278628034
170466693
48364410
187934043
278786010
365791
278146997
196150468
437393
59293803
80141516
80141519
196005879
273023483
71353273
7902329
77730766
198342218
189076562
29591064
357777
105231736
80141527
12107379
168367080
42459024
274728193
272396045
77721047
278703784
155049277
463727
2267173
208198119
871692
365800
3052703
42459030
33589377
2326375
365794
392568
51702499
81790989
29591072
272349560
177569697
48212494
437531
542683
48364409
102779441
241667922
435988
271317431
196150480
2267699
437968
277992339
193895775
178035278
253523742
187341868
445700
76526983
578223
366511
94172871
259568273
80142833
273151423
37798866
273260528
273257777
5869771
2326379
2326363
16238985
277396734
279242571
419610
37798687
68446018
73513764
553989
195161640
7435615
437740
277592413
278146935
192333236
54143527
252049461
34361852
416764
4327483
272396090
273383956
273257779
391680
279259628
27611050
68612044
34362360
26078606
178035286
276275831
170466633
24594278
91444412
208206737
392570
272402952
27611077
44859938
54122463
356767
392569
277966691
208206806
278860502
3051657
279246232
278729161
270302744
705144
202239539
74417737
215136568
36391953
257835543
54567410
77122331
437312
448839
23227942
208206802
468447
278831735
430863
5808785
247934632
50215748
2326365
278786006
11473824
277966706
253523740
170330475
705177
278713512
274067212
23432491
22110513
278957172
253361067
192950641
439907
209904869
198342219
208739191
381286
459468
373886
187600385
11718089
152187718
366508
36319794
69157643
392567
167613973
207643012
204057524
3052085
277966036
374636
373892
278737380
205506387
53303190
425098
273637802
177973963
77730768
241667551
206205064
355309
344047
752329
4327481
276834906
11861338
5829737
278775519
415822
278216574
273883111
174444172
195255574
445695
81790991
23943911
885834
391676
196579618
198342230
253523744
392575
403780
435954
260922663
277911379
32221970
170330477
68169433
32855257
252537646
279166579
14813901
278431664
195283616
247937018
276082126
11718091
54439445
225210800
262830071
79539093
278616462
228943385
257835549
180609961
217577359
199978240
705246
45321641
208906602
207643016
277911516
196488084
277609193
192333234
419590
73323668
177321525
273634677
247813954
117379266
437397
278757411
216090602
206491175
271964496
437973
247938077
443241
10271801
196217788
155049273
35725258
272310072
2118777
13833476
278147401
705091
271317441
253523746
391682
437405
278600971
445696
433373
167613861
49659774
214759096
199889968
259568275
279237014
407585
392561
526718
198301349
247935574
57349250
252032066
425112
437725
392562
452330
430861
398941
7435613
257847628
440901
152769234
277717673
278693140
3052043
182307809
182091470
278454859
177752933
252855045
251514734
200617450
192950649
84583401
253621964
49564296
253621825
257835545
279243349
437577
526719
209388639
273637150
885624
1059518
403771
68279898
273511566
475930
705174
392559
262862340
92010896
179736569
242651032
204069253
253665950
270744988
2789625
273886569
187600379
272639289
39357643
200023620
82385170
263084897
1217935
181808927
273023441
253113506
44812552
255176210
247219487
91419389
55179349
247557277
171891480
2326377
526720
277283861
95039329
437705
279246936
433380
272918190
201856529
272352854
273011073
155356576
278618775
176245483
229806806
56306571
278116361
217207440
252044944
50215957
278147063
263955646
275236580
195161919
278713458
34362752
1059558
146286808
23226723
36569278
564834
366510
427639
451703
27610986
254019183
45123839
278713490
871480
10833204
365811
437969
273300153
1344919
427637
254019738
247937066
262812351
167610700
171810129
91419381
178944214
159733686
262812574
77231311
262812578
152780557
253053842
202152610
260922736
77231157
274599813
117399263
277966696
200016840
278695578
277607613
274217026
273458700
215147302
117399053
278696867
190558256
190701476
253095321
191812862
49069009
213691936
179736570
207336642
214150610
214871912
214816313
152187720
201477447
184410519
190529622
279267793
279267803
207643014
207643127
25000064
200851586
175847137
253665954
152521428
373889
207644458
216090601
216090628
953080
152205193
253468586
254093594
262387181
228717296
273980396
228901949
228923533
178605049
192949994
196765067
230322992
112555157
48266413
152187716
270744986
953740
9811219
12117367
176437903
277742358
275748193
175847152
207317601
200032402
214853179
228989217
170467284
214651503
50361638
190700597
248915716
278907277
176753051
99039335
160671787
278147078
252032301
275628266
180399949
102140426
198889477
152318135
198889573
247938415
180609934
195993407
247931413
36368651
2789623
36389357
247934483
278899141
278737418
274057441
259310972
263208598
279242090
2789627
279241786
278147373
262812054
273511508
208738927
262862188
273928628
36337000
442425
205606354
11861137
247238492
262862336
247270865
262813083
8310494
206488478
262813090
209904860
247199411
262812038
200941641
36371780
208779551
10271799
106362893
32899148
208779747
247376191
273634621
22110511
118582429
176814106
247816552
31253400
200941639
192333232
247199402
215045894
206488301
247238450
34380904
106362618
208779555
392563
10833202
262812048
262812754
33587348
248004319
208779547
273637227
391681
5808789
208917612
177563799
177202389
32976068
262830069
273511473
94172873
248004675
279243263
279166662
178569625
184217313
152522216
117379269
273597068
178944380
208062883
262812580
178944228
178944222
263483363
277845443
113038741
277845291
118419940
214487262
214829154
222684928
159728929
176029760
116048986
215141430
214829340
214829463
215141153
215141235
214590119
274096242
252354685
217641545
205707696
270744982
274146198
207332216
253621959
175839792
215141197
257864912
3052005
252830866
252855043
205695416
228848605
215174380
253095421
213691625
212564535
212561849
277717056
215989646
216090590
205811077
192949514
84321122
183251642
207503087
3257563
214853716
249592578
200016932
277973158
273637115
270541603
118419944
49377670
273387117
273667115
273666891
180609924
192987993
189492461
185225521
181808943
216435665
154880543
278500121
209905974
247199305
171812132
172422035
23221948
273418328
167613699
262812741
200941643
262830067
254019603
209388637
273453522
208917552
36337150
209904967
209282013
273636765
181689540
2326367
273511742
275993268
247199418
175833926
273636977
262812332
171810872
255176192
32899146
247371211
262812344
208642254
106362114
1610161
176119662
344055
247238727
179372231
252040549
273885313
68282054
32901469
53086335
200725301
247199426
247222055
117972140
208917244
177321523
208118281
262812752
178603967
180609926
253721580
262656153
152529194
253757780
273475158
99056486
51990203
213676602
201423175
201623049
262812576
127221883
201630409
102140612
102140462
260922716
179736556
272392868
251550006
202222271
214601669
68562367
215150490
272597263
176470848
214818153
257847626
254883800
214818123
253095187
190725757
247270705
260922688
198584747
41139527
205695107
68459943
214828522
214815799
274840703
274834933
278643145
74417743
68562613
213226000
253361065
175845361
201799013
212560909
52393321
215147290
182111074
213680767
255317220
213691825
207643018
277555482
254883793
375573
278370667
74855015
278075646
278116667
217387262
253621839
262792295
159727216
278148878
279268881
253113411
241667636
215136578
105663887
228989219
195993453
192950494
278147229
192948672
200016973
279279883
202010922
180609932
272035214
277874419
272598373
174933118
278723063
273551343
263957310
278075766
3725155
277761509
178475658
247557692
217387265
13833478
200941642
262813086
22978980
10697589
11861653
247199278
176127343
365810
275853496
208907111
273418231
279286813
72692289
47438229
58696230
262836367
262862326
204322827
215045892
22979457
101548454
254019762
36320136
8469865
23226994
2657457
171877380
273636999
222678945
2326373
173137629
279243413
279244083
279238046
247199307
247240141
273885390
262812060
10697585
208779553
106362254
278616918
273689334
247199393
106362274
279308655
208906547
208917285
208739251
247199423
262812746
273637798
73323664
247371255
279268889
273689178
201111179
205610030