279273245
279173504
279170838
279164503
279148199
279134162
278872157
278865586
278802824
277743450
277684246
277613187
277565055
277484010
277357535
276645913
276497195
276354289
275967015
275703607
275569214
275264393
273079628
271516872
271021992
270624650
253412206
248637882
216239568
203936486
199704708
194128927
173185776
146394403
106863962
73316970
59511811
24602605
567495
446349
279231940
279180576
279173537
279171182
279171176
279112733
279084824
279081371
278590966
278383719
278155748
278003382
277984953
277969689
277923337
277726519
277444558
277384920
277348402
276318688
275823415
275623135
274799602
273286834
271953240
271578911
270510857
263646454
263336130
263273662
248716943
195288797
185863040
149520285
73316977
66398385
52665709
574017
572912
415432
279181139
279180582
278866651
278423556
278169849
277743526
277410198
277400711
276493115
276464427
276303151
275551850
275516271
275088124
275022028
274870473
274847902
273951323
273228969
273101765
273057064
263510712
251769247
248292589
225961708
217154511
215940326
192360656
176753022
174293732
152710035
84950234
81237380
71090268
36613115
637749
578500
493641
445213
358785
279261821
279202561
279142235
279122696
279082148
279070644
279066547
278818970
277877103
277585334
277497340
277384927
276700280
276649430
276595379
275923527
275840533
275112898
275030538
274944424
274079468
274079455
273732384
271578939
270797888
270070900
255612267
250098082
241736508
225961775
225911229
202604496
181234970
174839231
172936224
142250307
102769505
20645753
558927
493547
279153954
279127314
279092266
279083771
279081434
279074695
279054351
279023107
278745573
278485243
278227799
278093875
278075974
277877833
277357580
276606295
276583987
276405731
276362838
276329072
276179186
275155399
274031710
263581111
263455837
262799768
253281842
252389450
251027428
249776858
230062088
225911232
196046928
192859199
192811163
110204575
94688238
2621921
686571
438331
279202556
279121136
279116621
278721973
278326689
277931455
277923382
277915309
277539551
277526887
277459550
277006865
276426673
276290982
276183017
275973794
275967433
275961131
275886386
275239473
274949821
274079478
273768316
272912958
272163599
213738283
207358447
192288289
189648346
173971068
167019723
125900355
95886624
75587490
42823446
25108474
778511
547855
505179
491462
279202554
278742868
278641526
278598548
278462633
278339501
277531478
276645904
275882587
275677512
275576436
275548485
275544274
274957492
274063913
273909699
271314565
271021994
270799716
270797886
270714482
270547226
270512466
270309357
254093545
252399640
249950119
213532618
212558301
193895860
185884492
181562730
129138602
107409160
54624820
21808429
7664746
548588
447581
446427
279096491
279083712
279074804
279074141
278828759
278751224
278728835
278606341
278359993
278001763
277926236
277840983
277444373
276666429
276630285
276181741
275886276
275466806
275263454
275127830
275078190
272284556
272059196
270975653
270716180
263754429
262433883
262432363
253281844
246161796
246161527
244289881
222661261
125097312
115254396
90227279
7693369
751307
516839
435682
278772019
278638075
278423558
277993573
277731041
277044490
276777539
276620202
276148176
275619853
275512711
275354254
275219927
274189300
273412071
271221030
267340946
263032607
262782529
262637132
253326611
252680298
250078649
250078266
247347049
244170425
230339359
229721622
196283404
194773142
184629959
182541247
182541222
179686470
154577302
100018202
59522935
553844
505095
486478
278965226
278569222
278320933
277384783
276149894
275502423
275359181
275183524
273621751
273166662
270978567
270810392
270538569
263455310
253307665
249950117
249739752
242077900
237608389
230066562
225385751
215773150
213738279
205111579
199916661
198898607
193895746
182112722
176522676
129138240
57486122
40933979
13939816
553846
477065
441352
438667
436661
435436
374388
279127305
279024501
278801037
278485239
278397309
278358837
278334628
278075521
276847121
276762298
276618371
276152617
276148156
275942416
275619710
275482103
275469324
273383030
273114480
271231116
263207595
263083726
253611127
251392962
248799751
248590480
203844169
195716031
192987869
192949097
158693861
128711559
124893036
767905
595927
541685
491747
442505
432415
381536
279202553
278908069
278731765
278730541
278444588
278357216
277991048
277838083
276753650
276425785
275731515
275036308
273459175
272369195
272245989
270142458
255299091
253414459
253229884
253229870
253113500
249277848
245228926
222661175
216388101
216388077
216387988
215773286
215720859
214909171
201431306
189642774
189366377
116249814
115254484
115254234
50476677
5975101
891752
422007
278306839
278295514
277961881
277253378
275512704
275183385
273888487
273886346
273714204
273308154
272168003
271125490
263596249
263101264
262782511
257868728
257846892
255299127
253629422
253611123
253535962
253344522
253237843
253237834
248546399
247775821
246161871
242424003
230339559
230158987
228992791
225385723
222676727
219157058
213684396
197830056
188375240
152751095
146396652
63935067
278626076
277907840
277501643
276152658
276028125
276024278
275961094
275857464
275620242
275603822
275600148
275595776
275396864
273880129
272058940
271416795
262693104
262693022
262670413
251027338
248799424
247910261
247586167
241736959
218761995
212424986
192950342
188513636
185882596
183550520
180987124
160907872
152532343
143960583
143793638
124893007
110961443
110918386
110916568
66104805
279290073
279186410
279186408
276546541
275908891
275248954
275187344
275176735
275022306
274953830
273880427
270828866
270828241
270818339
270683238
270490590
257865992
253147069
252861500
252675328
249776862
249278274
247583431
247349646
216175029
215561704
206477760
202782088
196532419
194208858
194207543
167615357
132304182
125897271
113914804
113914644
107707586
87991410
8826664
7973694
279290113
279290075
279230776
279224458
278061410
277880312
276933893
276306265
276148168
276148160
276148146
275586901
275573604
275538812
275359724
275297431
275295663
273119762
273038902
272392773
270798999
270714847
270441340
270308205
263372578
255299250
253629771
253444585
253253410
249779025
248716959
222695906
218737338
213997949
213966554
177758382
132304500
106206471
767914
638921
279301018
279292658
279243808
278496953
277420254
276762135
275849608
274360713
273686868
273273383
273166664
272915516
270773526
270512701
270126604
263483264
263455350
263453690
261957964
257767912
242078354
242078349
229980540
225386677
212567718
198779912
197620431
197354149
192950609
182487515
174575895
167981116
148729686
138342334
137375243
91419681
69177755
37793571
11819293
521441
279296529
279296430
279277175
278882103
278769013
278743564
278490631
278453969
278097916
278031235
277350415
277228051
276925951
275090740
275048576
274910842
274828590
274047142
274031735
273880006
273163752
272059170
272058846
272058789
271320522
271070929
263581122
263104097
255410220
253631305
249662747
248636308
247999803
220656685
186279125
180853818
179981738
179058899
93838226
72281613
278569226
277873809
275261395
275261262
272369199
272048193
271961445
271329025
271325370
270771867
270715949
253635572
253611125
253414753
253344524
253344520
253307669
253281840
253237814
253232069
253229876
253229874
252131836
249858575
248882339
247947989
247718724
242078351
229968834
225385663
225385659
225210485
222676751
215720863
214889691
213973945
177976026
174575951
137432141
108326692
279236920
278826784
278578840
278459037
278381020
278357171
278194600
277570924
277418505
276051651
275948710
275314853
275185604
274987252
274067275
273639272
273295581
273220279
271913930
263563142
262655129
262655101
262652397
249779685
248683173
248536667
248531084
246945333
201600171
195563248
184886759
182461438
181990976
178085376
177770803
174849174
154283956
132302867
108914309
59528375
276527641
275323045
275261510
275022467
275021979
274831428
274077861
273880107
273409671
273341102
273052404
271540690
263485151
263374537
253253193
253197365
253197361
251772742
251027336
249777443
248214838
241994705
230202677
215773209
215746141
207358526
205744371
205563317
202064500
199911352
194770539
186273129
137503464
111233430
108877799
102767092
66104789
66104785
20644460
1051178
276824509
276684469
276665699
276634644
275943440
275929700
275618771
275618547
275587299
275587102
275586865
275263257
275185468
271135611
259512031
254078644
253253191
253213481
253147071
248758039
247949106
247586149
242793588
216282709
215727657
213887338
213738290
203898850
201561983
200969750
199902268
185498509
184475292
183551260
180987027
180853396
179718754
77221650
15241771
10766265
279300984
279300864
279300830
279290115
278057934
277743950
277174332
276148164
276148151
276148121
276019796
275993136
275603604
275494613
275275776
273019455
270838554
270799267
270712234
263679040
263454554
262791648
257765101
257759795
254085776
253253319
252854309
242499713
222716297
222716294
222604438
218738424
215773077
215720720
214836168
212489480
212476335
196021771
177976407
177973958
279290105
279289144
279000001
278722111
278572399
278505414
278424883
278317512
277993570
277961860
276645910
276617135
276427167
276369511
275112944
274145491
273312370
272962212
270747818
269973477
263558535
263454551
263453756
258567610
257835551
253401800
248523294
213973020
213738298
208118203
190506321
184633081
182980635
163021291
57505844
44182804
7973418
7887142
596752
574012
279314618
279296426
279296424
278770396
278721955
278607945
278466376
278249784
278249075
278008406
277997476
275786549
275406861
275074164
275002796
274943287
274908745
274172048
274107458
273786793
273450829
272912741
272059098
271953212
271953199
270711384
270057435
270057415
269852637
262455456
253631464
252130425
252043610
242107217
199914879
191427585
179685836
128969196
74201302
62754129
277873934
275302777
274961907
274951810
273868530
272043434
270463866
270116231
268726758
263098388
259512976
254078642
253782696
253611129
253414589
253344616
253344526
253253199
253232071
249857916
247935541
242078485
242078483
242077908
242076172
229980238
229968632
225210499
225210497
214095077
198894915
198292848
174291604
173755247
115254508
98183865
66788407
66743041
66104781
279280402
277600879
277514824
276641493
276405685
276079826
275210587
274953910
274832625
273284957
272030173
270955081
270708442
270179756
255299155
254124099
254085746
253237856
252558234
249693730
247759891
246944301
246161886
246161883
229804044
225385661
225385655
225210492
222677055
222676749
222676725
222676721
215897964
214197718
209431962
206873278
205744565
201598496
194335298
59523631
277915332
276149999
276028024
275961103
275513026
275022518
275022221
274832683
274077929
274056020
273678135
273219015
271953218
269983789
262667326
262570151
253446026
253355329
253136010
249950121
249776860
248908610
248684301
248640540
248198509
248000659
247949376
247586165
247548429
244318152
217510157
217499413
212440958
181908140
174307988
174291593
154365597
154001682
124893227
124893032
279232487
277860395
277509103
276585176
276451017
276316784
276003858
275603706
275603502
275359138
274121043
273913328
273888513
273714202
273645621
273562936
272442982
271534831
270636861
270147257
253394030
253393996
253307914
253267085
253267082
252576572
248797977
248543183
247910633
247823269
215897962
215221629
180721043
155620181
115254542
90523501
66743037
66686058
22641696
279300835
278436118
278244004
278155899
276925624
276800327
276427764
276083041
275731522
275342794
273668910
273294171
273227662
273166672
270785757
270189100
270138520
270126610
270123363
263566871
262725687
253631227
252854313
249855934
248083722
247347262
225195192
215727056
214732016
214096278
213738288
207358669
188321394
177860492
177266307
174224253
118536536
116188707
92454878
52331718
279296533
279225647
279148201
278722089
278721984
278682204
278155912
278130583
277923271
277775135
276896539
276386930
275840728
274826949
274356483
273620461
272048197
271986226
271359586
270831191
253318997
253252813
253227549
252714284
252099106
243043331
229781424
225195102
214823330
192949075
180985608
136403528
128817623
115254426
92096342
60392164
48983133
37793536
14712410
8027763
278567993
276457199
276086241
275339996
275044923
274916978
274916848
274912941
274909618
274909084
249693664
247336733
205828424
205810083
194464985
194464580
179685848
173752905
36601583