278805060
278615464
277994714
277922688
277891396
277873316
277580953
277565314
277553629
276739980
276737472
276672265
274544035
274098378
274082773
274082689
273638434
273638202
273637349
273310501
273304098
270394936
270375854
263440241
249780667
212356426
193367133
193341071
193310172
137944437
111186649
111176544
106515028
100384459
97875363
97822880
85096818
499002
498823
496238
277994435
277915035
277778086
277739404
277553905
276740644
276139283
275108040
274544072
274471177
274118694
274118692
274082777
274082775
273640731
273596906
273596505
273596438
249577877
217317988
215263957
209399948
193419134
193334799
177928339
138219934
138149636
137854853
97845223
85095903
84574835
55286902