279232462
279162157
279143624
279113722
279019397
278816201
278810625
278756735
278694957
278663242
278590520
278521784
278500644
278295146
278070727
277045718
276849579
274458938
274458341
274327420
274242080
273636807
272000023
271320333
271287718
270883265
210143417
200851522
199747163
195801673
188940814
187827445
185873054
162865518
161008715
143226165
94347317
68392386
16084263
9810500
279185964
279165241
279019393
278928729
278859545
278842435
278840060
278819560
278724201
278723597
278722020
278521766
277776208
276415841
276246253
275611542
275510086
275243828
275104696
273434650
272649567
272000019
270734386
260819797
253396857
249089756
241899645
216203823
205694867
189336447
158235710
105231087
91553053
90328964
67865666
47469955
24490036
23088719
21367457
1674183
278851662
278632652
278632644
277545494
275961334
275912132
275218115
274751560
274160600
273621278
273043920
271391660
271320336
249876834
249694290
235728512
206676975
203864202
202604256
201045772
198414191
196058112
189336448
186862155
186669701
175798774
175526811
164336673
161426368
159484590
159482860
153521878
90624603
90328970
76127840
75696178
44017497
36560764
19913965
17477287
278848305
278837588
278723588
278714430
278695575
278633868
278625962
278012035
277598054
277393076
277354776
277199441
277021246
276834808
276502548
275912133
274364242
274189623
273839334
273790689
271965791
263388837
262837520
262793780
259563862
255352519
250020300
205928390
202854534
196938979
195299498
193586388
189336452
145634343
84457157
48523410
40933989
36710315
8306438
1508585
279008135
278725097
278089608
277480044
277393103
277021371
277005660
276929215
276738843
276429271
276289981
276248001
276118146
275827704
275677555
275453465
274993843
274069900
273787459
273444208
273241465
273202446
273200125
273197831
263515809
262525435
252892397
249855529
218736617
212462564
205694865
201045771
198302147
172206434
166647288
84454869
79104678
77702166
63587070
37890747
279191158
279185908
279019396
278872458
278777909
278723594
278723553
278723552
278151943
277256423
276799705
276379543
276377308
276160411
276079779
275243822
275138628
274053106
273596557
272879984
272112009
262733292
203864185
200779089
200616826
199739988
198414891
196938981
196409868
171549980
165700192
148802195
73190736
56511985
44984262
44976181
44017480
36710372
14645349
1738471
279214796
278819559
278765967
278685764
278637525
278631730
278619823
278155918
278121165
277498231
276799661
275613240
275490489
273839244
273328583
272059148
271442677
270790548
252892403
249089728
241899619
206784508
200852588
196515670
195954748
186495460
185873057
185006253
181699650
174896121
148008757
104049765
91553061
80657330
67966432
56094152
55462655
52329762
47438215
1989625
279216094
279165251
279090113
279082275
279071352
279071258
278878696
278092552
278064759
277567630
277393154
277253589
277199447
277026809
276450529
276423466
275882412
274682734
274614178
273921649
273476679
273282786
269899198
262781023
262733306
249664612
248655933
214773792
203905201
185808998
180230979
178522444
152743081
149974918
126596580
109489136
53095301
49002482
6107997
656524
279101219
278777844
278712847
278151941
278151939
277976756
277393098
277310785
277310775
277273167
277209876
277019603
277004460
276746763
276625099
276479928
276379545
274195843
274172498
273921642
273838622
273398276
272363642
247858740
219160928
210277449
200851525
199747155
195291866
177922632
153625053
148802210
143861675
125729483
91553063
72611607
72212471
44803361
5569253
1731793
279066172
278833506
278670957
278632671
278151157
277498967
277212874
277212646
277198196
277194448
277017710
277004466
276849410
276738933
276736446
276247878
276120825
276117447
275890858
275083438
274554757
274007609
273787465
262692312
254132122
249535227
202961367
200779140
193586399
185006277
175526790
167019481
155256370
146274025
137341098
137260154
137252281
108563975
95866315
11884017
278945703
278092857
277393112
277393102
277388165
277379068
277199156
277185387
277004462
276969537
276120815
275961330
275882948
274924695
274847705
274579082
274567293
273597904
273418799
273085487
272597301
272425541
263207354
248656096
216091440
205984025
178954861
175526815
168899485
167019497
146274127
142418456
88917596
87963943
84454871
74628930
56020650
49459956
17961817
1731797
279008138
278833508
278714014
278620575
278616278
278049706
278012588
277431186
277393118
277212866
277210556
277210220
277208264
277198997
277197125
277170565
277041568
277026861
276849426
275822374
274639508
274364244
273839364
273434608
270757951
263047755
262451819
253620234
214493597
212324421
202961421
199747161
177312711
160671698
59107035
57763998
47438237
47142045
22039781
11370512
279209347
279185181
278715057
278714844
278620569
278616800
278155913
278150565
278070700
277977048
277339285
277209044
277208984
277208907
277208163
277185038
277041439
277017765
276853128
274370251
263980753
253042203
252912208
248293645
247287423
247287419
246160191
241821082
241667309
205808513
201892206
199106301
186968085
186862153
179063945
116158317
114457912
77702131
34553368
1036602
279279996
278777911
278712126
278431482
278192526
277750374
277173338
277021163
276756675
276756669
276414619
276120855
275138629
275088897
274945486
274327412
273921644
273838307
272554898
272165518
258095590
242652929
214096663
202961359
198643647
196938988
173837569
167019483
163902722
142433771
138342264
125724932
79409010
67865279
66512252
62373330
59397199
36702019
22172749
6932279
278996502
278848606
278631743
278595713
278247982
278150553
278147656
277353352
277348498
277271593
277212982
277208710
277208298
277208288
277208112
277004474
276605237
275912130
275822332
275603111
275089303
275083416
274546189
274057604
273958539
273850413
273649757
270478521
246644779
198295918
189387788
185654088
159482665
146274041
140094774
137486368
84454873
56094176
39820798
35010886
279056309
278863108
278722029
278695581
278645121
278579721
278150557
277981969
277810746
277393084
277349717
277310735
277240698
277213192
277212870
277211983
277210724
277210032
277019643
276969539
276847662
276738966
276713884
276700445
276482094
275955926
274963421
274195791
273838099
272565006
271495374
252892399
249988063
249952950
248661064
147988196
135347611
106349557
94903583
15686459
279226340
278569301
278138208
277813015
277310737
277310691
277260076
277213126
277212954
277209619
277208856
277172037
277029929
276702873
276234313
275948762
275348192
274993845
273953461
273534577
273417539
271580727
271330417
262875363
262701142
262302914
253101029
217899813
208192200
198414181
185498376
178572201
175437125
154160977
148008771
119253009
36083772
28266473
21334260
14643407
279237024
278715363
278326706
278151203
278092915
277503942
277393072
277382393
277310724
277241096
277211313
277210290
277194340
277194323
277185704
277173229
277171948
276956952
276849402
276847664
275381091
274877520
274379566
273889279
273878988
273475324
273461328
273459322
273458432
270126624
263700813
263515805
262733318
242411298
222607912
191217659
183375636
174518895
77150295
39532066
279082431
279071431
278796406
278755192
278717289
278486575
278327572
278117024
278115802
277967937
277437350
277271826
277210524
277208932
277029939
277019623
276756680
276738965
276736323
276075005
275814370
275243829
274764747
274720661
273718802
249896667
219134713
204421373
202604443
201892292
196203069
177886270
134628097
96366368
89911839
51949398
51903721
49716258
33492445
32737035
279185163
278785992
278360781
278329126
278092611
277379543
277209467
277208972
277208940
277208172
277208170
277199025
277019721
277019389
276981302
276956561
276625091
276502251
276348354
275853501
274777032
274602495
274474197
274028735
273690562
273428159
272571716
252794853
248087869
247444181
225912602
208403335
196219981
177340037
171549956
160664948
141501932
40433264
1822057
1731799
279226360
279112110
279066166
278848337
278760774
278493729
278074205
277496246
277362412
277276542
277239089
277209900
277199518
277021240
277013715
276887375
276736408
276598389
276376941
276365533
276289474
275548713
275327758
274682772
273838873
273716859
273596545
271994888
270815186
253101027
242282052
242076207
242076204
214602903
48541702
41556872
32168010
5348101
813931
701856
279017953
278712873
278642788
278617382
278360778
277468790
277436916
277393088
277310729
277310442
277214192
277209784
277208664
277208382
277207936
277198900
277198714
277186358
277185427
277185170
275711317
274822109
274777049
274575723
274557347
274391192
274104984
273787460
271162870
270745086
270116172
263861724
259563850
241981786
210143421
205336010
200941051
90619025
49273648
33030550
278716806
278713368
278628036
278169548
277539716
277437078
277393116
277209623
277208614
277208270
277208168
277199387
277196699
277195424
277170703
277029919
277019533
277004402
276802141
276674188
276594749
276161188
275543553
275083444
274612100
274187015
273838738
273698610
272431244
272271125
271126652
242657127
205471985
196219891
194568558
193737040
193062680
174933101
5569255
2386575
279226328
278760816
278760624
278147873
278114059
277468794
277386994
277386502
277310779
277310496
277240866
277214785
277212095
277209046
277208645
277208396
277199523
277199349
277192973
277192861
277184707
277173254
276800975
276736350
275603147
274314028
273838043
273043911
272583403
272301405
269897823
262821957
253150104
249874816
207914888
200679625
175149073
91544569
53806022
1610019
279226354
279102308
279102268
279071329
278712969
278712957
278249595
278192154
278150705
277480077
277393148
277355216
277353378
277310723
277272167
277198408
276552199
276414565
276081784
276037988
275939390
275283188
275148183
274777002
274730555
274315621
273838433
273658404
273201099
272318373
270686912
270506134
214113314
208565591
205113444
204631066
184334882
169193031
51564885
35601082
279001596
278906630
278588088
277976456
277613093
277393114
277356707
277310738
277208372
277208166
277207690
277198778
277195590
277186811
277186569
277186414
277171931
276809976
276247869
275507313
275297062
274469091
274078089
273839263
273838923
273407746
263104508
263096597
262733293
249220419
242086270
208070588
195954693
189461041
179367621
174002949
148105958
43363465
1565659
279006005
278777907
278679830
278677075
278092475
277921658
277354586
277310711
277310685
277213796
277213436
277209998
277208870
277208822
277207756
277199493
277198170
277186354
277022224
276800939
276625101
275220233
275004456
273838141
271973825
270115239
270111916
269958015
263385525
248661264
186204576
184227407
177775362
159484600
105366563
77777078
77221887
35344948
1731779
1731777
279019185
277437074
277374518
277349681
277349085
277310751
277271625
277260102
277258911
277241198
277214361
277210598
277209984
277209768
277208462
277207876
277207712
277207678
277199319
277199295
277041497
277019595
276956624
276738955
276625102
276016549
274474237
273653934
273498118
270421252
218736614
217500566
212324102
205808200
202840393
150997928
138183256
104272493
88913813
1731781
278725095
278155744
277983881
277911415
277737602
277395975
277393156
277393090
277353458
277214028
277210728
277210257
277208538
277208228
277207846
277199405
277198947
277196609
277194133
276800910
276369321
275832271
275113952
274777123
274178502
274170730
274118565
273947381
273419027
273417272
263077737
254179655
253168542
253116071
252892322
205537649
205233611
185813139
137569780
130921694
279241715
279236254
279102252
279071426
278737694
278242052
277780998
277769685
277430074
277409794
277395941
277310436
277212871
277208484
277207842
277199293
277185423
277184339
277171881
276394163
276120839
273839150
273838800
273838499
270116255
253293272
249659262
209349381
202961361
146272702
127032860
108130481
57172871
47438245
46772991
20134983
14447244
10366397
2716771
446532
277496226
277354829
277349743
277310747
277260046
277227473
277214469
277213736
277213004
277210669
277210644
277210246
277210124
277208832
277208658
277208594
277208296
277208186
277208084
277207776
277199456
277199403
277198648
277197171
277196809
277196663
277196657
277195694
277195497
277194288
277194192
277171800
277021673
276956650
276947031
276736450
274056283
271497964
270884313
152549323
279112270
279102228
278292343
278160866
278120883
278092901
277209920
277209838
277207703
277198496
277193986
277033531
277019337
277017735
276847658
276801195
276746842
276639753
275943404
275915446
275327644
274777133
274563068
274378241
274118088
273937149
273890633
262662628
253048266
248766942
225215560
206053714
205113442
192950183
187913772
176522801
146491457
108501246
92551798
33543679
277496236
277472225
277393092
277354652
277353735
277349071
277349045
277310759
277227351
277214379
277211013
277209978
277209597
277209372
277208758
277208392
277208384
277207642
277196567
277194184
277173367
277171768
277019488
276954023
274174747
274063717
273823017
273522431
272419665
272409504
272269833
272028788
270744124
270181862
255339189
225195460
209901314
207825481
158698998
40933981
279112366
278966772
278214572
278152054
277984499
277812861
277472025
277428002
277407074
277379553
277310440
277258737
277199201
277195653
277193930
277184903
277184671
276478836
276029983
275453464
274777134
273729665
273708529
249257309
208634782
199106305
194568586
186877004
186495462
182849297
155635824
155555983
146225672
137430604
113791354
87720275
56432637
11713553
3480269
787056
279132145
279105314
278814996
278632653
278036766
277968368
277437126
277354674
277276573
277210060
277208162
277195370
277173444
276527702
276241898
276076036
275320906
273890468
273889176
273839268
273838796
273838247
273837818
273522628
270711970
270501988
263693092
253662560
253297614
216091442
210524752
159909085
159050453
95039285
91544360
77221318
57325628
46759650
9810492
1731787
279059099
279001901
278873131
277908049
277674777
277393133
277393125
277386697
277258729
277239140
277214915
277207904
277198765
277195658
277173219
277019692
277019542
277019541
276924204
276746756
275793976
274550302
273889117
273249709
271193476
270769141
270633929
270455615
263028480
261803493
225906672
205417553
194183479
188993745
167614522
87962188
82518894
73352067
32901544
1731817
279237901
279120266
278035226
277777704
277607611
277441634
277393132
277355217
277355212
277345353
277271741
277184915
277184862
276719355
276588064
275327756
274373574
273551359
271319402
261803476
249353495
243033241
223448402
209900516
208739255
208565589
205863234
204771714
201712776
176943658
152743079
148105397
138182318
120161811
84562961
75697495
68553735
42458992
1036594
701791
278863258
277743965
277464238
277354588
277349723
277310755
277224738
277213455
277210534
277208922
277208506
277208444
277208160
277208098
277199397
277199221
277198858
277194334
276736464
276451572
276275257
275832273
275083434
274845221
274561691
274375073
273889509
273887803
273239006
272308656
271788360
270113890
215152781
200673125
110448024
56669816
54512940
50397192
48541486
6591717
277973729
277936280
277349069
277349033
277258559
277211822
277208788
277207892
277199173
277198981
277198640
277173198
277171873
276800949
276736430
275067551
274890622
274862905
274423665
274384926
273889825
273678500
273093751
272147704
271145636
261967459
252794863
207639272
200004417
193586387
186496842
184495554
184247607
181185057
155550600
116142159
76175422
55282834
49641155
14168902
279250772
279059108
278277438
278116564
278012615
277575650
277436919
277393096
277310693
277214807
277209389
277209038
277208354
277207910
277199271
277199189
277198474
277193526
276956970
276956868
276736428
276736355
275678819
274777109
274776994
274635356
273890357
273838129
273552651
261986232
252859788
248250886
215284527
208273232
206182067
192949231
192673560
146226406
106243541
787042
278843923
277353546
277310743
277271531
277258881
277241154
277241138
277240798
277240650
277227256
277225803
277212628
277210708
277208966
277208924
277208612
277208562
277208482
277208308
277208302
277208230
277208190
277208118
277208020
277207986
277207760
277207676
277207666
277199415
277197229
277194490
277194316
277173567
277041456
277019413
277019333
252801071
222724089
197605815
183891652
279105561
277515470
277437146
277406933
277393120
277386701
277349063
277349055
277349027
277341925
277310498
277310464
277276537
277258745
277214994
277214037
277210386
277210356
277210216
277208666
277196683
277173230
277173146
276908439
276411986
276165605
275975314
274613242
274194509
272405255
254180644
253227896
247925805
202780633
201687542
179757847
179232074
176296186
160658756
95075201
279162227
279116037
278524361
278360784
278360780
278248020
278070305
278022712
277372916
277276567
277041540
277015291
276674122
276636855
274447956
274415054
274377176
274118134
273713792
273346953
272382613
270126584
270103779
260108258
254078895
253720853
252854198
252853806
248755538
242101865
219156904
205537691
178302169
138342177
113791512
68511007
56512147
35170712
24850334
578799
279132372
279056299
278883278
278713109
278147858
278092545
277393080
276391004
275970876
275606522
275122268
275077028
275076161
274140975
274064773
273838697
273838199
273837672
273706471
273670776
271450244
270300541
263395193
262870395
262799954
261808651
259456024
253444128
249355189
217500572
214004669
207278807
201424047
196938997
154160974
147976281
146226435
103865029
77702159
43476273
278907281
278722278
278712755
278704634
277976520
277437122
277408663
277258923
277227444
277213427
277209457
277207866
277199217
277186795
277186628
277186612
277186518
277186352
277185542
277185433
276736401
276674216
276061182
275600998
274958052
274125917
273839408
273837627
273419900
253444114
214584794
210513777
204337995
202961517
195573633
192951129
175526798
70767957
47321845
1733329
279059089
278833819
277539366
277208192
277193735
277186538
277185104
277026771
277016461
276394336
275905490
275711343
275415487
275341940
274639510
274545312
274084788
273889159
273838754
273838714
273647213
273547185
272935288
262550957
261803503
249526817
214584796
206481209
200728529
190355223
137444777
109592682
91985952
77032144
48166628
35129471
20134764
885402
701733
701699
278745633
278431653
278238443
277555278
277474756
277355224
276951954
276802033
276736269
275049709
274466208
274281545
273890550
273890335
273889435
273838401
273838030
273637527
272409589
272403561
271257225
263990304
263990183
252139031
214493588
212284692
202243082
199747157
198462861
193586393
185006291
184334894
169324944
154454171
127031887
118582408
77753787
49550295
37890743
7887154
278959589
278893628
278880049
278790510
278786815
277874379
277854293
277276549
277214783
277209253
277209022
277198752
277171897
277019613
276956732
276956697
276834081
276640372
276414551
275613237
275189864
273890311
273889716
273838195
271780083
271407626
270062680
263058767
262664348
259793599
252574370
229962335
229962114
200779093
198123068
176898756
176736088
132302635
105171095
75991338
277810411
277496282
277393164
277393161
277393144
277393142
277393122
277393073
277386705
277386699
277379575
277310760
277310717
277258787
277241158
277213400
277210436
277210420
277210338
277209752
277209742
277208806
277208719
277199483
277195650
277195446
277195390
277195340
277184836
277173241
277021425
277021378
277019367
276969541
276954098
276929241
276746852
276736389
274777139
222724132
277600209
277464234
277450694
277354951
277354772
277354590
277353461
277349707
277347798
277310486
277310430
277271483
277240642
277227368
277227284
277227232
277210986
277210978
277210684
277210410
277208490
277208236
277208103
277199511
277199413
277197103
277194308
277194165
277041518
277021593
276736958
276736404
276736385
274628776
273534116
270744398
207565815
164329594
127031996
36710187