278747088
275090767
275090668
274991994
274677901
274677562
274677487
274677274
274676891
274676672
274676645
274675999
274675726
274675474
274675401
274675263
274674732
274674629
274674600
274674302
274674242
274673718
274673611
274673215
274673211
274673199
273095702
271441858
193107570
192988764
192988558
192988533
74539046
74537060
25205264
6679275
3642339
2137885
323644
323619
277180755
274677471
274677361
274677168
274677052
274676057
274675490
274675456
274675105
274675053
274674965
274674641
274674198
274674113
274673935
271441860
271408244
263103190
215293732
193102122
192989294
192988813
192988738
192988708
192988635
191779180
116567377
115968042
115967954
91664429
88809543
76251146
76152791
25204362
22984884
3642343
3642341
3338085
2131643
512911
277180543
275090693
275005586
274678078
274678021
274677754
274677701
274676861
274676529
274676051
274675337
274675313
274674878
274674838
274674480
274674324
274673907
274673640
271441854
271441808
263209604
208056395
193101764
192988746
192988704
115967843
103475187
92023983
70770845
55809861
54513253
50361770
50361761
36711007
25205930
6625383
2131639
550691
323605
318051
276016774
274678013
274677014
274676219
274675818
274675532
274674880
274674822
274673744
192989142
192989119
192989095
192988712
191779520
116567189
116158790
76153065
76152679
70765552
53806092
50361794
22965142
323695