279057070
278997061
278917025
278707611
278632024
278616702
278231010
278159167
278159074
278158530
278153234
278138839
278138540
278009409
277008732
276383522
275849388
273637537
270684095
263389179
261969118
215560728
206361193
197588267
197588261
197588259
197588249
178240498
167019828
146272372
146272058
138934622
138934615
56189698
50904584
49180343
45358849
20918802
19712570
410045
279112538
278716547
278492673
278242239
278158444
278153525
278153270
277344222
276555991
276354293
276354282
276251701
275926407
275925854
275707174
274618163
271798394
262860191
262860187
257779922
242092376
206145232
205506379
204803600
197588251
196291984
178240504
138934624
138934617
138934612
107010424
105231136
71078803
59597447
49180362
36586946
19274878
1518767
472461
418960
279277157
278952181
278716278
278716253
278713181
278616740
278159504
278101875
278009395
275707232
274863827
273341096
262735052
253444143
248703265
248004857
242504862
230138341
225171462
197687469
196291942
192949814
151950366
146226369
136482535
127564520
116048684
95220734
73521899
73521493
56189699
45358851
33368669
4701011
2802019
979483
836208
764032
418983
370741
279132891
279132754
279131870
279112344
279066174
278802450
278713003
278616344
278153382
278148622
278138394
278025147
277170082
274423411
274423392
274423371
273670862
273441096
272392501
271476836
206145378
205973414
204771726
204771696
202961325
196291974
192950408
171584546
138333287
84872787
58708285
20483689
14502481
9795054
2732717
729384
505378
418933
376020
350252
278891090
278878170
278759966
278716535
278714588
278603704
278492511
278475646
278446103
278158684
278154355
278153212
278042158
277717032
277447218
276846569
273670758
271315525
270799834
270490725
262860193
215556362
212213147
208778410
207642361
201687281
196291966
196291939
195961278
192949400
178240496
174607985
105231131
91832843
82937017
49502467
14169763
6875661
859306
348054
279229134
279112560
278969800
278872855
278712933
278635397
278304050
278236402
278153699
278153479
278074207
276289955
276148733
274946281
273870869
270107349
269947093
257779927
252389424
248880522
210273796
206361267
204803629
204771704
204416881
197588263
196292012
196292006
145145050
136060406
108280512
105231167
100285170
91833045
51030711
39358094
21031333
2537155
1735669
729389
279132736
279112584
279008144
278967129
278713348
278712148
278616744
278280304
278158915
278153210
277807947
277770504
275399543
273670784
271817132
270703128
263988039
252389429
222658852
206145331
204416879
195129479
186157560
176080847
173477530
110441416
105231144
100285127
74307132
73521491
67390616
31970497
20008060
19712576
19401266
6641403
418927
418926
417823
410073
279132607
279131741
279056045
278966912
278878043
278715723
278712941
278159575
278158772
278153683
278153549
277984514
277834499
277827537
277463510
276251679
276077015
275849387
275707230
274895415
263104479
262860188
262338121
262043925
249938223
249032810
248267231
206874068
205697191
150956757
136482533
74342180
59202395
21031343
2802023
2732719
505370
410072
410068
370669
279167385
279005570
278967367
278890512
278844194
278830685
278776532
278712815
278241064
278158526
278153719
278153547
277045499
277043456
276621165
276610186
276556002
276382676
275738098
273341114
271038516
270712523
270107337
206145376
205802193
204771712
194451796
192948924
177703743
176229366
174605395
101649311
82936901
74342176
58729293
38110397
4257525
454335
437508
383739
278966485
278715713
278715373
278715333
278714463
278707766
278616398
278526159
278280162
278153048
278152988
278128750
276119239
275746535
273670780
273341140
273341110
270107357
263209830
222658846
198591703
197588269
192950751
185851650
154862145
151950558
125089582
105664024
102807948
91833053
91833039
86418059
76454292
73116944
16422545
10319063
5490961
505349
417836
383741
278994914
278883298
278241175
278128783
277592445
277582975
277344193
277172175
277171687
275917984
275548417
274783326
274418772
274360689
271516195
271315550
262890901
251773366
247723497
228984873
221710369
212326027
212323636
205808609
205807417
205697139
201687276
146273327
113634131
91833050
55422179
54997677
51348628
25000342
11247900
651409
417847
417837
370679
365847
279273336
279133488
278715633
278715009
278712833
278712823
278153737
278153717
278153252
278153142
276569167
275061785
274019122
273637512
273400800
272358842
271817138
262065997
248266979
206145321
205506521
204416929
203843847
200010684
197897236
185006480
178240543
86418002
86417689
71316691
51348593
26440282
20426351
10191367
2783091
2783087
536175
439323
376026
354861
279247549
279132489
278852839
278713239
278315068
278153558
278153474
278138816
277716957
277175394
277134351
276354855
275707224
274471500
272305707
271948706
263101568
249347944
247256770
219134827
215560730
207033418
197628230
192949459
171586361
151950583
146225324
145144844
110884709
109998056
109186942
74451299
73521905
29820830
20918796
541336
482322
418943
418941
417859
279112320
279056047
278716280
278715321
278153246
276527975
276522493
275045886
274823538
273932102
271555018
270107262
269946748
269946692
263207499
247723454
219460695
205809577
205697124
197897260
191808464
106693398
94597186
57694076
50904592
50904586
39520038
36590802
20332470
20332455
19274710
546605
454232
450344
417822
373288
370990
366516
355152
347969
279133456
279112428
279102318
278969730
278715775
278715035
278635419
277344187
275774144
275457558
275122311
275018466
274423403
274020617
273699743
273304747
263964642
247930760
247902085
205809567
196292036
175700902
167019820
165626694
147341459
103849467
71682256
54997681
19773715
16422558
14502395
13624102
9796535
505376
469947
418957
418936
383740
376195
365854
279153088
279112302
278878331
278878203
278871030
278847928
278715735
278600536
278153569
278153523
278153472
278147971
276587041
276077081
275747211
274457961
273901405
273135208
263209225
246772944
230138345
215556072
214837177
208778453
205810053
192948875
171586271
145145056
137503309
86418123
82936667
58729299
49105857
20918804
20918798
19773709
15350502
5722017
651408
405253
279132911
279132573
278907299
278716276
278714650
278712944
278617048
278153374
278153026
278152996
278148001
277344188
273504098
263078536
262890909
262662814
221230978
204416913
204416891
201693196
196291938
190502182
180749716
157783907
157118169
136482464
115246661
108280753
87632531
86417971
86417784
86417683
20332476
19523501
14502493
10191178
939097
505354
454334
417834
279131989
278830803
274946267
274872687
274372031
274020543
273730979
273377351
273181968
271246057
270906918
270711528
248880719
248880701
248880699
247566577
220663059
212484335
205810061
204301996
196291996
190502357
188534637
175700758
146276236
146275526
96710492
77328452
73521901
58729295
13686969
11652752
2732721
2537153
729394
729382
418964
418928
418921
418920
279059464
279023725
279023378
278864199
278733158
277174865
277167679
277135135
277133416
277131871
277129058
277045327
276349671
276319393
276005040
275916489
274777341
274141011
274141003
273610432
271245797
270744251
270717834
270716253
270704184
270703039
252392137
249659392
249659390
247722518
215733035
215556561
214731860
212324406
212323647
212323347
206360986
205809477
174608116
73102465
279269806
278871018
274823552
274823527
274457957
274457953
274118116
274118106
274118104
274118094
274064715
274028339
273372287
270745716
263964612
263103874
207646032
207642363
206335264
206335247
206334944
205811640
205810047
205809972
205807415
205707594
205704769
205697135
205697116
205697068
205696146
171586136
137441746
137131493
136483072
119309681
111107382
111107375
105231458
105231242
278153499
278153495
278153482
276280889
276105649
275218781
273135845
271135873
271135819
270988439
270436810
270209223
269946896
260808432
253475494
248978165
248461199
221713275
221711953
217471618
217462615
212324233
207335367
198823656
188492822
177703740
177703667
163021287
163021152
161409224
137432941
91089442
90866056
80365787
39357824
14303646
13624109
7543667
6355209
6214723
279289576
277550591
277550228
276938611
276399750
274823558
274444949
274444087
274141009
273461814
272497422
270711526
270711516
270704382
270436651
209389864
207643957
206482202
206482196
206360698
198127402
196291972
195283622
192949648
171651764
167114227
95226201
91832864
90866060
49105841
22560124
19274708
14303641
13624107
2882663
2882657
2385183
454376
454369
384553
279073901
279064256
278881488
278881441
278600974
278600855
278592605
278592537
278592382
278482977
276380966
276128541
276127062
275739328
275738818
275066193
275044944
275044548
274626264
274613946
271485369
271328728
270478970
251775040
251773651
251773499
251772809
251769380
247058953
246208344
246208333
246208303
246208103
246208088
246208030
215641713
214731916
188487012
72850932
58853896
279222694
278890461
278878258
278870670
278800584
278198092
277833687
277827509
277550280
277383537
277136720
277031159
276165602
275738445
275590648
275590646
274635483
274173491
274152014
273921386
273293832
272407208
270787995
270479028
262852601
262338115
251741558
249347942
249347895
249347893
249013613
213936083
203216168
173854591
169818234
139294247
129666101
103114599
102734052
102708362
279269724
279269704
279268765
279074453
279074451
279074439
279058530
279058504
278836391
278716284
278208596
277375999
277281918
277041340
276777670
275739227
275697982
275697914
273670938
273670870
273670854
273670774
263104208
263103120
248266478
217897263
217145507
208778463
204878363
204641775
189635488
186692842
172422266
126794180
110677191
96927774
67041054
55101313
50322463
22650022
279269648
279269550
279268615
278716588
278231018
278153555
276965829
276640297
274823514
274823512
274823501
273670902
273341094
272305711
270717321
270253648
270253642
263208584
249668387
249664542
215560752
207642359
206482174
206335473
196579466
195993356
192949494
190502298
190502290
185851655
185851634
185851628
171585957
106348832
58708563
31250871
22560117
20332457
13624096
402325
274418358
274064719
271972839
271237115
270886456
270745176
270717235
270712511
270712505
270703130
270189169
263680494
262890899
249389888
249033174
206481112
206481064
205809579
201687278
195993455
195993451
195104338
191808444
191808254
191808163
191808078
191808069
94597231
73108416
55000017
36666253
34747500
20332480
20332467
19401260
19401250
11353614
437926
417835
417806
279132921
279132897
279132611
278890370
278716515
278713267
278712921
278617228
278616402
278541436
277446970
274597709
274195841
274045040
273699753
273400963
273400713
271305103
270922849
269843704
249019575
247568083
247448694
214493617
206335341
205810269
190502337
181808907
160836745
116972205
95220088
87632483
48982375
32217750
21031329
20332463
11353617
795490
572605
366513
279269058
279268695
279102328
278907203
278866023
278761453
278761321
278760778
278714662
278713135
278617212
278616510
278616428
278616358
278443288
278153470
278147927
274096587
274045014
274020547
272830073
272305917
248880709
203843828
192949508
190502194
146226386
146226361
86417678
77328446
58992127
52699763
31515919
31514611
20918814
19523114
19523108
795504
454226
431481
279277171
279132966
278969668
278848285
278802400
278761533
278761137
278761111
278716584
278716234
278713338
278713221
278616602
278153621
278153404
278153342
276329218
274872689
274096553
274045018
273400941
272830067
270832151
269946760
263209518
263101050
263100956
263041145
253444120
206145415
206145238
199970044
196058131
192950741
192949435
192948877
186369522
177860540
176080920
65472204
279132796
279132405
278969684
278716576
278716347
278715968
278715313
278715021
278712783
278153172
277591836
275552668
275552662
274374007
274020541
273879025
273832103
270182434
263677375
263101012
263100982
263098889
206145390
206145254
205973462
199970712
198285112
190502196
186369230
177860548
134222579
118877585
111711676
95220751
95220143
91832919
84872552
21031355
10196199
1724657
279102302
278860593
278713113
278629817
278627813
278617380
278616858
278616522
278508159
278507973
278507835
278507570
278153376
277591561
275552664
274872667
272305905
271541952
270545612
270052401
270052379
248723262
247567242
217895800
217895696
190502310
190502174
177860546
175526846
171581135
106349466
87632514
86417909
83749264
58992071
58708233
45358910
35445730
572606
439971
279005562
278966920
278761535
278761421
278761315
278760596
278716545
278713209
278713023
278703343
278627771
278617300
278616834
278616482
278508001
278153396
278153344
278153182
275302573
273238780
272830348
272305923
270714779
263304029
253293582
250020078
213787754
206145403
199969552
195104351
191630417
166084665
136482459
95220735
51479682
24165705
24165695
2783089
439321
417825
279269548
279269228
278761481
278716194
278714000
278713342
278713084
278713076
278712907
278712775
278627773
278617330
278617214
278616636
278153456
278153208
278153177
273304763
272728904
272254984
263677395
263100174
247239896
206145461
196579440
192949874
191823860
182851123
169377644
157118092
100285187
95220093
58991937
51479663
49960751
45358843
38110517
37794097
20918824
2297583
279133427
279133116
279112456
278713269
278713103
278713017
278712135
278617092
278616924
278616860
278153623
278153436
278153430
278153397
278153084
276555486
274096585
273699755
273400857
272305899
263207593
262792335
259310962
217895933
207811611
197897258
196579430
196180836
191808714
191808319
146226382
108280526
100285174
86418054
84873158
36590806
25980253
22653234
440005
435704
279269644
279269604
279133144
279132732
279112368
278967191
278716555
278715319
278713138
278713088
278712905
278712895
278712865
278712845
278617346
278617172
278153677
278153220
278147907
275552642
274872639
274045016
270182479
270107322
263179423
263100909
263100043
263078574
262451683
206145409
197897264
146272589
146226359
87632476
79449981
59597445
51030646
45358890
2174051
2174047
278966712
278716511
278616840
278507881
278507581
278147905
274713763
274195847
274045024
273304799
270717674
270704235
263677397
262890905
248723247
247938877
217896698
215733033
212323425
206474398
206376441
205809583
205694730
205574079
199969196
197627881
195624188
142419134
137504620
119698504
96616526
77328448
55062811
39523309
37793654
20337445
440006
439286
423872
374975
279192723
278871026
278714982
278714612
278697116
278241388
274064134
269899186
257869208
257867910
253444116
253089375
248723254
230138334
219134821
216724605
216360789
213936087
212484641
206376437
205807419
205574083
205506337
205506334
202243076
192950315
192949344
192949336
177274817
165627312
136482132
77328503
58903227
48592464
31515234
16422596
14303648
764033
428401
428257
279305897
279301305
279290902
279290884
279290867
279290847
279246694
278865986
278802500
278712785
278198294
278153418
278137703
278116055
276555888
274713765
273372189
272305769
270744224
270712134
270711590
263104717
262890870
253444096
250230845
209915439
205973420
205574077
197687455
138333766
138323592
126832097
95220746
22643292
22560157
5490923
1524359
750372
750368
428405
278716240
278697122
278158861
278153515
278128856
276165456
275849285
275006009
274945953
274872627
274735487
274164654
274105014
273551263
272830105
253468341
249688448
241667985
219134833
219134824
216724609
214730928
205808635
196291952
196180874
194451782
193976661
192950380
177274833
176522960
169818591
115967761
90798791
77328494
51031054
1987953
1315587
482308
475942
440710
279132712
278635384
278320930
278109661
277539321
274901214
274901194
274872673
274863823
274020537
271660799
271660797
263102371
249664334
247938394
241667981
220663061
219134831
219134828
213936143
213936054
213562359
209379516
205802236
205802195
204301989
180851247
178240460
176080827
169818048
78905629
58903223
58903213
55478029
53995827
19773717
19773710
428427
428250
418924
279250800
278715359
278635383
278153567
278153527
278153100
277358805
276251673
274945938
274597687
274372090
273413904
272830049
271433692
257857028
252714264
247564814
222658850
217899384
217899305
214651509
207281078
207281042
205802201
203084426
196180890
196180876
196021553
193640159
193497506
177274831
169818024
169817926
151950562
146271818
145145771
107409634
58878431
55478045
55478022
278716330
278442546
278158549
277045189
276251675
274901270
274901212
274872683
274563092
274164658
274020545
273716702
272830003
263102334
263102297
248703269
247568107
222658848
220663055
214730926
213936021
207643965
196180888
193508431
193493908
192950357
171580708
169818068
169818014
169817990
127197621
115246722
114885592
95889468
77328489
59202398
58903209
35862121
11248158
5821361
279192864
279189694
279057870
278881368
278603998
278489148
278484199
278483751
278475258
278471573
277550156
277550150
275737384
275048548
274690193
274613317
274613065
270480164
270478187
251768683
249013611
248928307
247058315
215641710
206605570
206180430
197900256
197826254
173911161
130172166
114944465
114905417
114895999
110204788
94887011
94886599
52678661
25979979
11265113
11248025
278678858
277920789
277833716
277383571
277361727
277344770
277318434
276965761
275742396
275738350
273767794
263179425
262338117
251744028
249938510
249347946
249347891
248977659
247302618
213936421
213936323
213936292
213936223
213936177
213936041
207335231
207335130
207334005
191808694
187011115
174606461
129665925
114945332
113628553
110887541
110204557
109765202
77222027
71093660
26439587
279136302
279074425
279074423
279058540
279058528
279058508
278890655
278713206
277770506
274823586
273670844
273341124
273341108
273341100
272407221
272305787
270173268
270107270
263208270
263206680
263105092
263100006
225210753
219460768
219460684
217898409
217896766
217146827
217145664
196058129
185851621
171586376
171586335
146275469
113000899
106348541
95226219
55000013
51664121
450397
279269684
279269668
279217745
279074459
279074441
279074437
279074429
277411885
277376013
277138976
276348191
275697726
274872619
274678767
274597715
270815180
205810051
205807413
197966532
192949720
192949682
192949500
190844161
178776974
174608333
174606547
136060417
127022587
126957298
126765497
91832870
58709027
58708626
55284257
55101296
51348616
31970507
21759921
19712594
1672709
278401878
276103928
275917558
275842513
274713690
274064721
273372283
272967879
272255412
271245929
271245573
271245229
270713523
270712312
270712310
270712308
270712128
270711997
248880721
248585399
214661958
207646034
207643953
207567595
206605511
206335253
206335219
205810059
205809980
205809575
205809475
205697166
205697153
205695238
142417932
138333540
138183935
137436783
136482716
77222348
278967716
278967149
276501287
276054273
275584372
275114042
274141005
273663303
271135827
270988443
270988391
270744220
270717356
270717350
270710364
269946636
252062306
248977542
248266770
221713087
221708595
221707548
217462250
212324251
212324237
212324227
212323649
208778519
206482297
206474471
206335251
206145260
206145258
198269428
171586025
171580909
161551903
136482298
113045757
15829734
278871034
278871028
278871016
278871012
278153537
278153503
278153501
277019869
276836924
276626416
276250629
274823562
273663382
273663026
273238782
271156888
270717840
262906162
248978113
248468040
206335217
201852221
192950929
180749910
180749866
180749850
180749699
177703649
163021160
161553236
161383729
142417934
138333551
137432943
120471873
73526636
63846991
58709029
31970501
20918794