278764247
278498439
278491643
278160731
278040916
277600882
277595775
277580400
277580219
277410740
276882255
276826230
276826175
275622250
274143997
274143133
274142252
274133465
274125833
274118518
273796130
273796107
273796102
273323404
272532896
271311773
271254047
271046316
270306063
270304205
267342548
263265697
262973768
262970648
210154830
209388125
193005465
102687784
16689408
14926106
278882101
278785280
278607752
278160760
277739881
277581471
277581239
277580768
277529157
277375187
277351696
276826603
275616492
274364260
274144025
274143157
274142683
274118483
273796077
273308619
273302712
271377933
271269837
271191916
270340701
270307028
270305683
270304635
264052312
263081906
262046306
249947254
249945265
249854555
192048420
185274411
102641895
97550009
95541304
2044517
279200929
278717720
278711707
278489881
278194306
277962234
277739978
277739398
277352613
276963232
276826864
276826727
275941569
275878480
275259958
274144042
274142665
274142505
274142356
274141951
274114501
273796114
271725791
271316012
271315715
271255723
263387393
263265661
263265622
263118580
262046789
193762494
185296414
158562744
57796289
57772436
52155996
51971308
7203081
3739341
279200920
279200908
279199658
279185193
278764130
278720681
278705543
278643021
278601783
278042875
278005777
277600615
277581400
277578741
277534965
277353067
276827079
275616336
274143281
274133476
274133294
273796142
273796126
273796104
273319697
271313024
271311786
271046230
270325348
264060439
263395191
263265692
263076121
261113147
250074923
218748165
196560719
190238541
185307511
51945887
279261958
279217432
278885586
278825422
278719613
277581456
277427105
276860261
276826910
273796140
273796138
271378995
271312458
270306803
270304294
263353725
263056512
262895737
262803826
262795850
262744998
250063130
185290012
100517610
100021796
52183052
16708391
15193396
2532685
2465339
2447827