279138811
279101188
279100158
279046096
279038200
279029122
278810660
278607292
278591258
278525930
278525818
278514951
277778949
277375461
277353052
274675914
274674204
274142228
274090300
273323400
273313494
273311130
191779654
95039338
92004434
92002595
91998914
91998865
91998730
91988557
91986410
91986110
91985686
91985488
91985442
91985424
91984693
35859725
2848369
520128
279083765
278731811
278731789
278443166
277872738
277739894
277739415
275483936
274099310
273314655
273313467
263076979
248734242
195994046
190289240
107427997
107427973
100384446
95249909
93296940
92004215
91986700
91986691
91986578
91986228
91986198
91986133
91985585
91985440
91985387
91985331
91985305
91985249
91984977
91984957
91984887
91984742
91984702
91984671
66228978
279269972
279046570
279037726
279034891
279027377
278765372
278765348
278731809
278278647
276450984
274891629
274677290
209390342
195472263
107428005
92004150
92004142
92004082
91998826
91988254
91986463
91986260
91986204
91985960
91985932
91985500
91985441
91985417
91985315
91985164
91984949
91984874
91984623
91984608
91984605
91984592
91984590
91984576
90411001
12517804
279038462
278192258
278053571
278005956
278001233
274099027
273911345
263450780
203422664
193000383
192951161
190252485
107428039
107427984
95250516
93296540
92004422
92004410
92004391
92004389
92004199
92004152
92002641
92002627
91998957
91998838
91986419
91986275
91986123
91985971
91985684
91985600
91985431
91985370
91985150
91984889
91984868
91984716
84304850
20689592
279269948
279044464
279043819
279041971
279038402
279038324
279037200
276957854
276849269
195994107
54423046
25980652