279017457
278730254
275597181
275587155
274677938
274677317
274674542
274674524
274672951
273305298
272442970
272438353
272431618
272431562
272430935
271289481
271288753
263098527
263098492
263097779
252583819
252583569
252583143
252582241
252581895
252578774
217289897
197652350
192951313
192951283
192951181
192173975
122273748
122273686
122273661
102132965
74451720
55286486
49378815
41514356
279017459
274676532
274674098
274673522
274672884
274144095
274133695
274118653
274118649
274118512
274118502
274118500
274117536
273305164
273302643
273301890
272430890
271294554
271293638
263097891
263097544
263097510
263097503
262859983
261798584
260795261
252578223
252563776
191779424
186693075
183727656
122521809
122273651
107004625
107001864
74535516
12672492
2499543
2202829
2163535
274676827
274676478
274676388
274675734
274675081
274674820
274672901
274672874
272441638
272439426
272438239
272432444
272432277
272430752
263097676
263097660
263085367
258666899
258636358
252583609
252583310
252581671
210514110
210514097
210514048
210514046
197620711
197388097
197179016
196221002
196220835
192951400
192951271
192951139
186691829
122273588
122273562
122273560
122273511
2163315
278882235
274676067
274672949
274672882
274143662
274143168
274133693
274118651
273302357
273022584
272442843
272442622
271444151
263098490
263098476
263097486
263097477
263097461
262068280
262068269
258673195
252583655
252581778
252581299
252580522
252577246
210514114
197652404
197530393
197388089
197388073
196220994
192951171
171653833
122273577
122273518
109852119
82387582
74451590
2163341
274677337
274677116
274675385
274673931
274673730
274673405
274673006
272433249
272432925
272432292
263098539
263098500
263098105
263097212
263085373
258666932
258634948
258634781
252580151
248789417
210514131
210514129
210514103
197530410
197388085
196220922
196220841
192951213
192951191
122522022
122521919
122521879
122273643
122273590
122273570
106996582
103475131
74451701
55285158
2202961
274677144
274677056
274676714
274675993
274674868
274674282
274673490
274672947
274135250
273307902
272442245
271294630
270073035
270058083
263098461
263097855
263097785
263097670
262851811
262790227
261101613
259485196
197652376
197530452
197530432
197530422
197388154
197388153
196220904
196058204
192951505
192951408
192173802
191144410
186693290
122521812
107004727
87044906
55289420
908259
274677419
274675824
274675560
274673811
272439219
263098480
263098429
263098074
263098047
263097715
263097658
263097182
263085418
258666883
252583949
252583076
252582904
210514127
210514065
210514055
210514042
202961811
197530450
197530428
197530404
197388163
197388087
197388034
196220996
196220929
196220845
196220843
122522027
122521739
122273639
122273575
76152818
55286932
2208169
2163105
258637677
210514053
197652317
197620729
122273572