279242605
279045986
279045904
279033376
279033234
279033152
279032870
279032850
279032842
279032619
279032369
279029875
279029773
279029723
279029214
279029176
279029158
279029144
279029043
279028839
279027934
279027749
279027715
279027393
279027311
279026999
279026912
279026886
279026738
279026681
279026629
279026282
279026061
26170008
2390159
2202849
2183547
2163385
2162041
574246
279242749
279045888
279033266
279029982
279029935
279029929
279029913
279029893
279029887
279029885
279029879
279029833
279029785
279029765
279029757
279029701
279029697
279029660
279029658
279029632
279029192
279029178
279028933
279028911
279028841
279028803
279027932
279027863
279027687
279027485
279027467
279027239
279026591
279026557
279026398
278730126
274815921
274383974
2208337
491130
279033142
279032824
279032663
279032371
279029941
279029903
279029851
279029783
279029769
279029626
279029180
279029156
279029128
279029068
279029059
279028921
279028912
279028813
279027930
279027665
279027373
279027367
279026890
279026814
279026774
279026436
279026274
279025955
271955679
183052238
513597
489779