279065834
279043224
279042237
279041983
279041503
279026460
278816426
278816228
278793228
278713920
278098359
278064179
277555671
277540011
277012437
276860246
276860147
276420640
275852759
275842264
275484259
275105452
274168524
274168357
274056128
263068382
250101197
250059546
215604512
214935209
213936788
198569060
141813777
139336772
76250643
50702280
14948130
714241
485276
442336
279157534
279073706
279064909
279041939
279041130
279040635
279033262
278885671
278819510
278794146
278793728
278791931
278511130
277534746
277370400
276963554
276882140
276827224
276149659
275915652
275842203
275101674
274991728
274168010
271272323
263057666
262730773
248557134
215604827
214921526
214766360
210155071
202494969
198495129
191922207
190707226
138558658
137442781
2530651
1599605
279262013
279262005
279200936
279200932
279200926
279200890
279043380
279043198
279042878
279042838
279038098
279032419
279025711
278816843
278776417
278722638
278719722
278717707
278627825
278586066
277555554
277500409
277499668
277370529
276963305
276149669
275915946
275859466
274167563
262876985
249875854
248789314
200976867
195696997
195472323
192450672
190708747
140752646
103378845
45176072
279262040
279199660
279103869
279041310
279038040
279033184
279032131
278818811
278816681
278816393
278809155
278776425
278769890
278747102
278722669
278715498
278229924
278112678
278058869
277539613
277534975
277499414
275852214
274673035
274540950
274274189
273990255
273330854
271269998
270808378
263067953
262744819
262567689
248587287
248569591
218748176
204449389
195472358
195283785
102758297
279262177
279262063
279262003
279157687
279043008
279040625
279038170
279032653
279032343
278864220
278863192
278809690
278716183
278607326
278113342
277364406
277010687
275852676
275842368
275258657
275199293
274675674
274673947
274190770
274088964
263395438
263200525
262643228
253350321
248789427
248703394
213949424
202961825
195283830
193880859
138581425
102133004
88043569
12596364