279046578
279046430
279046360
279046310
279046176
279045968
279044748
279044356
279044276
279043382
279042647
279041735
279041537
279041481
279040980
279040783
279040717
279040387
279038895
279036733
279036671
279036657
279033312
279026609
278969928
278831008
278719126
278707818
278628379
277739703
277373493
276462249
274676514
270502239
253182409
248789368
208056431
55289422
34752153
714214
279270216
279270014
279046472
279046416
279046298
279046166
279045592
279045096
279045006
279044146
279043817
279042201
279041805
279040990
279040713
279038196
279038034
279037826
279037596
279036591
279036162
279035194
279034667
279033392
279033048
279030554
279029142
279027831
279026224
278969940
278769824
278731817
278062799
276462217
274677771
270052979
206248710
203422660
198285217
191921894
279042119
279041973
279038250
279037140
279027547
278830974