278879662
278763291
278422898
278154524
276998452
276831296
276779202
275874040
275539115
275339959
275137842
274383965
272059130
270714532
250741588
218749858
217174025
198091173
191144274
179772504
173360406
173360397
118719969
102763891
91535184
81790995
68065791
58839646
41161743
33091433
33089107
33089100
33089081
31993281
5569131
5009055
4795135
597235
436988
374791
279274232
279269690
279268517
278817698
278616566
278508307
277976722
277551068
276502165
275215546
271474568
270786201
270766676
270302260
210118453
184475404
178733381
178505416
177887858
164920773
137863857
102766483
5731915