279246106
278952173
278826998
278730318
278714404
278459483
278304175
278221115
278095564
277465692
276975552
276912993
276612395
276612385
276546978
276546966
276427725
276424989
275148730
275082320
275051301
273524629
273304943
273167079
273135862
270125239
263384940
263323893
263100010
262464238
250109990
249934579
249388991
203841107
190608508
124893015
77221269
50736014
44251095
2362879
279274782
278994755
278320258
276636187
275431718
270977139
252677111
252334201
250228883
249388150
2804401