279229075
279212053
279196698
279180578
279059191
278968568
278968566
278864818
278678166
278403959
278238307
278188931
278065905
277923293
277563225
277461574
277461572
276624333
276620455
276581620
276147857
275107679
274853702
249768859
225912339
215888416
207782671
205148094
192909304
176560456
168234704
157579054
112825941
91544546
90257133
76837849
68586411
49723340
11885886
7178007
279166776
279144631
279024605
278793140
278787575
278571421
278239879
278239871
278192149
277923532
277923463
277911823
276450449
276147865
275107702
275107359
274853708
274123067
271792215
271475044
271442683
271234418
270883256
263387401
263387397
262734515
249766007
222662774
216402758
208198121
176127768
168586763
102381212
69337684
57865429
53716217
46914228
11885888
2120581
450283
279226332
279019413
278695023
278681304
278630002
278350890
278278126
278238285
278119618
278073422
277923438
277426163
277254701
276952615
276950247
276624352
276450618
276450465
276192718
276147845
276147733
276111481
276016799
274063842
273978602
273823578
273645478
272425560
263387400
254085411
251930476
246855001
212326389
198577348
194456437
186634750
135411628
69337680
49252832
14082575
279209397
279145608
279145228
279144719
279092783
278959401
278801736
278737608
278737270
278610844
278359288
278296037
278170847
278093699
277729290
276626050
276583664
276538474
276147836
275266819
274029245
273524549
273459877
271125383
270798830
263639681
263387398
263040737
251384751
248247875
247290870
227054946
215888430
214095091
199121044
198692549
187952545
184896977
174162809
167615345
279173222
279168818
279134849
278992226
278969232
278732937
278295129
278170877
277600845
277445800
277352644
276591177
276240573
276155857
276147709
276091286
273624386
272232843
270058331
270058318
263799915
263040619
253313225
253307363
248779150
247319307
246168105
242721616
221274755
216009024
214493585
213954585
209405905
204761769
198565577
185435632
167615251
57898772
26139486
21903189
279202158
278969588
278959440
278676246
278673509
278596582
277850863
277552618
277542638
277352723
277352473
276664920
276147725
275541931
275107900
275079597
274844635
274844375
273460655
273249110
272431247
271998019
271218579
270798025
270770108
263955824
263453607
249767555
242618038
225947035
222662283
205901824
203228487
198779766
187308737
177767602
168071590
160607242
87642242
41265450
279000130
278676975
278541052
278325474
278253071
278049438
278020700
277597875
277214549
276450638
276382122
276154204
275101649
274101103
273431492
272431266
272251330
271122218
270717699
270136402
270136226
263799827
263799784
262636251
254085223
248989619
248267501
241996987
225208996
206762968
200038980
192411800
174155641
163169927
160796244
143916862
120471858
107664671
69337690
885158
279124571
278959596
278577343
278576654
278529591
278239868
277911825
277907971
277465850
276735089
276565476
276552144
276238897
275743038
275233847
274170112
271585755
270790176
270121295
262648782
257790404
253420119
251391661
251384256
249668269
222660953
214046870
199263900
199102781
198565309
195653748
194098686
186704364
177941792
164223273
163170856
163026571
158773348
87642026
16230836
278357239
278327458
278230105
278119586
277729126
277459806
276626028
276610523
276330971
276164804
276103699
275301024
274864447
274056524
273258475
272640252
271389443
271320100
271220549
270711337
263972926
263452719
263395244
263097085
260928551
260811258
258668152
251925369
248783185
219133422
215141194
203846335
203763645
202283294
199963042
198571322
198253805
178831490
174151656
57898770
279289987
279134326
278738819
278737382
278728847
277540129
276897438
276240544
276147713
275861840
275280635
273667111
273472472
273458402
272820483
272165197
272125432
271370338
270989078
270989069
270179151
270147156
263972419
261967577
260275966
253281119
251817979
251274340
251254391
243158518
242013355
241978615
215913947
205894415
203144164
196523718
185807502
184897049
176736455
173449325
279302944
279280780
278381016
278305682
277835904
277452980
276491021
276306572
275743970
274856713
273899745
273544793
272890895
272536654
271958150
271957648
271234524
271190746
271190668
270789931
270758439
263972630
263809311
263437678
261803662
260733958
258668092
258667806
257867961
246167572
217767121
215746200
214093796
203840952
198572166
194451370
184218185
145207612
129138372
74216605
279139316
279121466
278230095
278170874
278038839
277462352
276916068
276814774
276159020
276094078
275744358
273458616
273260679
272238359
272238233
271340056
270983021
270845181
270267644
270147280
270127872
264051810
264051650
263809314
263097089
253305827
251917507
251900164
251881638
248499366
248417514
214000421
213883133
203760057
201114909
198577411
198571418
178496441
137375729
112520761
279309401
279093370
278969216
278531941
278359941
277729132
277565375
277017868
276153098
276147700
275887807
275400761
274365665
274251736
274185810
272982303
272322235
272165195
271158335
271064512
270800143
270711335
270098610
269159035
263972800
263799544
263412471
263253674
253264080
250552334
215888061
215221572
207295083
201291899
198523447
167970787
163577790
140221876
130841716
25001801
279282154
279166484
277729134
276652019
276043548
276020832
275778333
275019370
274052298
273243298
272890811
272083557
270791566
270791147
270725793
270716271
270098654
269954174
264051848
263437776
263097083
254188110
251926815
251848974
251384718
249953015
248877528
242616583
215732933
203278203
200520544
199049469
198724096
194397506
190550430
186242148
177273179
171624224
105366565
279306885
279291984
279283394
279277046
278529553
278358839
278075964
277907845
277650669
276478795
275962072
275744552
275079643
272322303
272165133
272162052
272061047
272044658
270966331
270964746
270711333
270098672
253367688
253367577
253107110
253098403
252387285
252385616
247943420
247935145
225941643
216867176
214088063
209870731
208191810
207344561
192708076
178831331
163792337
68774260