278818764
278804795
278052598
277995020
277915060
277554573
277549111
276806428
276716830
276669626
276653612
276653164
276139482
276123514
275875564
275146528
275146520
275115002
275114918
275107987
275107897
274779590
274776507
274775059
274680752
274669790
274134512
274124215
270812074
270812072
270812015
270812000
270811990
148073416
148071116
148063803
148051856
148051639
139947425
100378520
279207284
279206660
279206500
279206286
279206166
279177340
278808479
278098819
278098517
277983680
276139484
275869441
275146352
275145433
274669885
273392071
272123006