278777958
278038433
276809860
276379298
276028575
275948240
275705567
275625147
275617564
274610923
273714482
273388188
272348939
272284984
272077440
271453414
254085725
253631584
249089906
246971522
222657291
221229996
217462248
215779856
208682480
207760599
207515285
167421844
162111182
160138336
158762486
145511903
135552426
76279889
70016682
66698344
55589742
52275103
374205
340167
278755810
275994454
274858944
274825377
272497584
272352138
272348941
271249518
270747307
263103445
262570466
262570067
257759903
257759792
253165792
252880508
252766863
249167888
249021357
242075351
242075177
241766812
222657594
221271407
215732975
215118042
209905819
209349690
206205518
205695219
204076856
203202131
195468314
192559762
192459046
185903869
167615443
152549343
125929735
508816
279236721
276900127
275993792
275298795
273710642
273388390
272228172
270878617
270838559
270441723
270164497
270161994
263103449
257915341
255349756
254086190
253382108
252854088
252389337
252298621
230079538
213930027
205747798
202526470
202242238
201796366
184217976
180987511
171292229
167615349
146486573
92551754
76732673
320319