279043538
279041895
279040838
279040543
279037740
279006282
278813529
278810692
278809161
278809159
277943343
277864260
277778388
277553676
276739412
276716751
276653733
276123371
275878513
275876019
275229258
275229099
275107743
275031026
275028844
275028678
275020854
274779656
274625459
274587374
274583555
274551275
274524736
274120233
271510765
270541387
270527793
205966312
161395963
114671480
279045734
279037780
277943789
277943410
277778465
276717996
275031016
275020975
275020827
274552520
274471047
270859169
270859155
270746623
114671227