278966752
278884438
278616906
278616824
278148974
278148956
276956528
276956442
276956380
276956350
276956347
276956266
276956196
276956192
276955996
276955988
276955901
276955818
276955706
276955704
276955670
276955638
276955620
276955613
276954363
272247035
270107075
248113478
212581643
184226422
56696848
41068354
41067266
41066053
37977092
32753213
20703811
3233287
2812299
584201
279269742
278884439
278700364
278616952
278148962
278148957
276957102
276956454
276956355
276956286
276956248
276956108
276956092
276956056
276956028
276956020
276955973
276955904
276955892
276955867
276955855
276955797
276955626
276955578
276954366
276954338
276954262
276954250
276954091
276954018
276954011
276624676
275994682
275180372
229803831
173185536
56697259
41068352
39307375
631713
279243776
279243418
279112424
278713398
276956538
276956492
276956446
276956443
276956412
276956365
276956333
276956287
276956236
276956214
276956072
276955936
276955931
276955884
276955757
276955750
276955744
276955707
276955550
276954311
276954305
276954270
276954138
276954016
276954003
276953992
276630097
276624743
273406131
271356286
270773680
270772289
270771699
127032836
127031434
39307792
279246876
278906824
278148980
278148964
276957149
276957098
276956477
276956474
276956464
276956452
276956430
276956353
276956326
276956318
276956104
276956093
276956087
276956067
276956064
276955976
276955905
276955872
276955838
276955814
276955804
276955715
276955714
276955696
276955686
276955672
276955666
276955660
276955596
276955586
276954400
276954268
276954258
276954140
276954110
3318059
276956503
276956490
276956482
276956476
276956460
276956439
276956434
276956428
276956422
276956382
276956359
276956343
276956327
276956308
276956298
276956294
276956292
276956282
276956270
276956264
276956258
276956250
276956243
276956216
276955968
276955952
276955948
276955942
276955939
276955924
276955918
276955869
276955863
276955860
276955851
276955830
276955807
276955792
276955790
276955780
276957130
276957126
276957118
276957085
276957081
276957079
276957065
276957053
276957049
276956313
276956227
276956208
276956194
276956138
276956106
276956095
276956088
276956070
276956065
276956058
276956054
276956051
276956011
276955986
276955972
276955754
276955728
276955725
276955722
276955710
276955650
276955641
276955634
276955612
276955606
276955593
276955592
276955570
276955562
276955554
276956044
276956042
276954388
276954382
276954375
276954372
276954362
276954336
276954324
276954316
276954302
276954296
276954278
276954266
276954241
276954207
276954204
276954193
276954191
276954172
276954156
276954136
276954134
276954126
276954120
276954114
276954106
276954089
276954087
276954082
276954075
276954054
276954034
276954033
276954027
276954010
276954006
276954002
276624522
276624483
279269748
279269638
279268954
279247703
278967822
278967419
278884303
278884302
278860419
278713552
278148982
278148978
278148972
278148970
278148968
278147253
276956505
276956190
276956188
276956182
276956143
276956083
276956039
276956004
276955880
276955718
276955647
276955572
276954064
276624725
276045943
275994684
275994665
275180353
275180351
275180347
274847589
270789792
109109595
48978972
279246778
279246620
278964216
276957151
276957089
276957087
276957077
276956499
276956486
276956480
276956448
276956432
276956416
276956394
276956204
276956177
276956132
276956098
276956080
276956047
276956046
276956001
276955982
276955962
276955896
276955826
276955822
276955796
276955784
276955776
276955768
276955762
276955752
276955731
276955699
276955673
276955636
276955590
276955564
53607626
276957073
276957071
276957067
276957061
276957051
276956787
276956545
276956501
276956484
276956424
276956410
276956406
276956401
276956400
276956374
276956363
276956284
276956272
276956220
276956099
276956026
276956014
276956008
276955998
276955983
276955944
276955926
276955887
276955885
276955874
276955866
276955858
276955630
276955579
276955576
276955566
276955558
276955552
276955548
276954408
276956714
276956470
276956468
276956465
276956462
276956242
276956240
276956212
276956210
276956206
276956164
276956142
276956136
276956128
276956126
276956117
276956085
276956073
276956029
276955979
276955959
276955956
276955954
276955934
276955909
276955908
276955877
276955834
276955827
276955801
276955788
276955777
276955759
276955742
276955700
276955698
276955654
276955627
276955597
276955588
276956396
276956386
276956322
276956316
276956302
276956278
276956273
276956260
276956230
276956224
276954406
276954404
276954402
276954398
276954384
276954369
276954334
276954332
276954330
276954328
276954322
276954313
276954300
276954290
276954287
276954282
276954264
276954256
276954252
276954246
276954181
276954180
276954152
276954142
276954118
276954080
276954076
276954063
276954047
276953996
279269784
279131828
278713478
278617050
278616604
278148976
278148954
276956497
276956357
276956321
276956033
276955919
276955662
276955601
276955567
276954412
276954346
276954326
276954294
276954276
276954272
276954244
276954161
276954154
276954148
276954123
276954104
276954072
276954008
276954000
276953997
276630165
276630062
275994658
272185484
271916246
270774787
270770611
51033767
32219329
276956507
276956471
276956450
276956184
276956179
276955894
276955824
276955819
276955810
276955800
276955786
276955774
276955772
276955770
276955740
276955737
276955724
276954410
276954396
276954394
276954392
276954386
276954380
276954378
276954368
276954358
276954347
276954344
276954341
276954340
276954320
276954304
276954292
276954286
276954280
276954273
276954259
276954240
276954150
276954013
276957153
276957132
276957120
276957116
276957100
276957075
276956996
276956775
276956739
276956597
276956495
276956419
276956384
276956373
276956361
276956349
276956339
276956254
276956246
276956232
276956198
276956074
276956061
276956032
276956024
276956016
276955999
276955970
276955963
276955938
276955916
276955811
276955694
276955681
276955668
276955656
276955622
276955573
276955560
276954390
276956426
276956417
276956408
276956404
276956398
276956390
276956388
276956371
276956367
276956341
276956336
276956335
276956290
276956267
276956256
276956234
276956202
276956122
276956009
276955692
276954176
276954173
276954157
276954146
276954143
276954132
276954121
276954116
276954112
276954102
276954099
276954067
276954060
276954052
276954045
276954041
276954040
276954021
276954019
276953994
279005629
278860448
278761053
276956139
276956119
276956114
276956111
276956036
276955978
276955966
276955958
276955950
276955946
276955930
276955920
276955914
276955911
276955882
276955854
276955848
276955841
276955840
276955836
276955832
276955806
276955794
276955782
276955756
276955736
276955734
276955729
276955720
276955657
276955646
276955640
276955623
276955618
276955600
276954051
273372426
278967083
278617412
278148966
276956345
276956172
276956124
276956022
276955876
276954248
276954096
275994664
275322250
275284440
274846770
263243567
200727340
127591483
13311742