278812317
278693131
278628341
278075763
278074382
278074020
277600276
277587073
276313580
276244828
275726256
275360630
275296454
275185873
275089912
275033471
274930285
274928135
274919986
274873541
274807850
274798145
274719769
274557911
270715961
263596496
253239718
218745286
217511379
204610437
202034310
191077718
174558194
173673969
173093729
170094958
168559528
145300492
120068539
69644752
277555095
275890262
275326573
275236087
274989966
274989780
274989600
274989489
274884642
274820211
274820182
270686434
263639377
263561798
263369982
253362330
253239711
253097458
249016549
217540035
215748829
215748827
215727231
215725882
215561702
215561694
214823936
214595244
199763422
197821133
197418093
192948992
189466411
180581212
177264274
171070385
151950460
139496241
137423647
75284537
277186534
277186532
276853126
275890314
275778495
275738267
275442828
275296456
275072700
274949093
274926086
274885797
274820243
273497651
272450950
270799655
270651442
258668387
242759264
216285765
215727233
215725884
215561692
215478867
214823966
214823940
207337164
207192351
200862306
198294746
194521189
189177345
185449965
180967489
180581029
171470035
160286887
160286689
145288035
134594877