279143585
279073740
279073055
278825227
278818772
278817876
278804862
278768966
278765475
278755928
278727587
278724923
278713386
278707795
278194765
278052642
278029160
278015819
278015520
278015408
278006169
278000381
277983957
277975578
277941037
277890861
277835524
277835293
277769722
277739974
276356383
274287366
273369096
273368921
273368914
190739671
190254113
142548043
142417002
138225673
279262171
279176087
279135348
279072016
279071411
279010258
278740189
278729995
278727508
278727428
278722655
278717601
278715897
278714668
278194619
278111899
278110312
278108405
278067781
278066449
278066025
278055472
278004855
278000925
277975259
277837752
277744081
277739963
277375791
275109496
273367721
273367596
273367508
273367493
273366264
249387499
190707059
187024116
57785448
3613643
279204685
279177278
279175245
279154554
279104140
278817011
278816901
278815482
278811034
278740130
278727598
278724449
278717705
278707781
278589564
278532186
278445004
278307692
278154550
278111839
278109731
278096590
278096239
278052447
278015688
277995843
277940486
277554758
274287381
274260929
273369149
273368983
273367577
273367542
273367462
273367397
271132153
270677460
214731974
12118956
279176563
279151816
279071322
279010065
279010025
278720574
278719934
278707791
278619372
278194757
278052136
277883167
274462558
274420207
273367612
214769691
195472273
191780693
90527799