278632468
278532360
276478596
273475487
272830161
263514082
249532279
247937053
200616680
182465325
181924230
108231100
91544358
74953487
69219927
58932959
56116720
41073709
41071538
36312692
20424656
15631944
11649069
11368891
9688954
2801999
1749193
1651899
1563587
1367091
1016178
831788
777540
684735
602825
573954
507060
506643
437682
421018
279308522
278056679
276490018
276484638
276478604
276478600
276478592
274185274
274033175
273457179
273383700
272407081
272407079
266954446
263209695
263206780
254092777
249772404
198799258
181925516
181924165
152515916
137481858
92551480
77015849
76125993
62648448
54675397
42325725
34752133
23436607
15638202
10729739
6622907
2406261
2345567
1826667
1820063
1256493
544824
279310057
279310048
278214414
276478608
276478602
276478590
273434640
270797892
270300537
253720877
253691038
252639234
242411344
209430431
181925866
137419734
92551838
92551803
92551667
74622772
74622473
74548214
67088653
59170478
49716254
42843028
40940131
36940215
34471330
32726443
30156558
20555544
19751702
19292330
15624232
3143135
2406289
1535537
1415641