278169550
277357556
276079787
275858444
274146224
273910319
273892319
273820055
272391438
270714527
261958943
258509069
252456572
248978325
248555097
241899722
208565585
205942263
202604415
192475873
181673782
181449074
177270351
171477383
171095756
116406688
116406680
68267309
52413566
52386309
52386283
51286688
21949090
12786687
10413223
6081047
451723
437217
431196
355287
279151797
274145810
273161374
270747326
270300655
270188895
269946614
262692749
253601234
253601228
253282138
253232571
253230859
250077742
248555141
230331888
230331648
230148789
217125639
216213283
209176454
202604285
194568674
182783875
181928943
178217979
177339531
176827864
171746982
91105574
48480347
27962197
595953
554818
540818
531484
416066
396285
343864
316870
278740271
277775297
275987469
275316662
273869174
273670830
272358973
270879468
270213842
254092667
253601230
253282179
253226670
252912090
252585685
247896900
241899638
217123732
208565581
207376536
207297311
204923107
203069552
197150683
186689911
186256478
185006435
177117527
176168253
137423755
127033296
124893072
91561490
74035517
58209243
48480352
46106000
34560529
540815
439313
275890784
275323298
274911636
274249160
274170786
273869212
273678395
273535940
272285042
271531606
271233200
263104737
253282173
253230886
253230856
253230851
248075104
247894173
230332003
230331737
230148768
229970308
217125837
216462259
206628999
186369349
181928852
171874198
170165698
163458963
146226509
137941371
127033279
117315714
84596260
41068985
34742895
10671563
571356
571332
274171037
274019091
273817488
271421452
270490087
270145367
270071868
263209029
252877276
251885279
248555107
216213426
208565593
204378264
197218622
178329685
115254292
114204395
68392396
37169512
25188568
22269761
11310011
10833326
7980318
954328
828635