279042990
279041927
279033394
279033202
279031784
279027845
279026846
278809827
278764737
278717561
278707670
278497834
278496260
277877067
277583200
277583003
277582907
277551604
276419790
274675622
274674860
274056356
274042184
274041060
274037635
274033015
274032636
274032182
274032012
272435539
225195205
206248712
204941556
192988603
192173979
53924715
36316044
2865499
2061837
338992
279270150
279042818
279037734
278668569
278498114
278053421
278017481
277983860
277770791
277582750
277549284
274676297
274673025
274143702
274040568
271477014
208056427
208056397
200976747
199540470
194086836
193737130
193101554
174182742
102758213
49379009
2865497