279201963
279097452
279071325
279066375
279066348
279064848
279059153
279018244
278904227
278477367
278462804
278111329
277739896
277512237
277489032
276796632
276267333
275627321
275361103
275332768
274932819
274411010
273670898
270699972
262977989
257848293
253284241
247412722
214493090
214122715
209601948
200727248
195801645
195192104
190751010
170490702
106362617
80920029
5821831
531118
279202007
279066365
279066360
279064870
278945055
278901900
278812177
278809094
278292228
278102532
277589302
277504700
277326524
276487065
275174254
274797515
274499227
273022021
272372265
270789665
258509039
248208240
248206704
243300466
207563860
200726553
181782906
181782887
164534285
100285558
96289774
95866375
94851869
84698738
56602776
55420893
44604648
7706030
7644882
402682
279241201
278882065
278641670
278451311
278325189
278151861
277403402
276807845
276559309
276506938
276414745
275022845
274904614
274440227
274118150
273167565
273119192
271121393
263483724
253657494
253090970
251394899
250077792
243300285
210138117
209871113
205840387
203122576
203064715
201855074
198537334
198223868
194784249
192950931
189035372
103794760
95866422
95866384
73631657
51971290
279292266
279282779
279265314
279262227
279241199
278811736
278076798
277838219
277745345
277400810
276636258
276348611
275943591
275924390
275594040
275145322
275014435
272846178
271350723
271350391
270971955
260402435
258509095
253346380
243808361
243808354
243808352
209613213
199957913
198228619
193910734
181782970
181782935
177234550
120183215
95866394
71682528
70796562
515842
366388
278801858
278013708
277838015
277575654
277504679
276886392
276798505
276636787
276522026
276127308
276121727
275520445
275490973
275014672
275014663
275014437
274920848
274797178
274694281
274064755
270268756
263841552
258509051
257866383
253629680
253346386
253346382
253346376
248365860
243808357
210510562
210402018
209863881
209848818
199101369
197647896
196857346
181657152
95470774
11314516
279169768
278808395
275818495
192376840
157579052
56736330