279262317
279084632
278689560
278138437
278138308
278138307
277483574
276849977
276174668
273122475
272599100
267208813
262800037
262590359
249019188
201004709
195624212
187829813
182799603
170330473
157195759
127844785
71907868
69705126
16284286
16284262
16284260
15267827
14100920
13624047
13407561
10737029
10693887
8021467
5907393
3241599
1659965
1343693
533806
475974
278809685
278241699
278129045
276922437
276658897
276182224
273731518
273355439
272853956
252098205
247048779
195624198
195624182
123514467
77982975
75947308
74263953
73108961
73108438
59198835
49502453
49080582
46626746
40750238
28731903
23209131
16284284
16284266
16284249
16284245
16085828
10640993
7379837
4050665
981938
542922
542917
475355
451553
365878
279106105
278138753
277483590
276853602
275855166
275020952
273518759
272362042
271626215
270660910
249663533
216226704
202179744
197725971
194104234
190738012
185850547
73108432
59198831
41430710
37793576
36474716
17048313
17048311
16910411
16422556
10641027
9994117
8316469
7076385
6449425
4050663
3494347
2463233
1478903
1348643
1343687
1085578
584048
450735
279106127
278241349
278005100
275020967
274664347
271144223
270925471
248939112
242972563
217519627
195624136
181122303
176132394
176132374
173033433
59198841
59198837
59198829
46626757
42275424
24984591
15437442
14493797
11276962
8461474
8458236
7175641
6669495
4472583
4175367
1659971
1659967
626874
601408
601370
475353
449596
442115
402447
373763
279106080
276965108
276526129
272371725
272362025
237287256
202179742
202179737
195624139
171549970
162839003
162100190
140221877
129381088
77220816
73788222
73686632
73108424
66948967
59198833
51232678
48363505
48363473
48363456
19415205
16997842
16967470
13455076
10641007
10581269
7637312
7237923
1315599
1076432
1076428
650545
475327
474341
449597
348144
278776142
278637714
278117594
278091470
276857478
274867729
270703322
267179067
267179063
249663541
214076412
213749071
206321313
181122329
181122289
102779661
96752565
96739489
73593778
72850377
54014397
47438253
37794271
32314539
15634596
11341058
5907401
3212477
2297655
1343695
986235
748161
682544
541256
454874
379007
369526
369203
368623
365801
278117186
278108275
278097676
277483575
277483567
277401626
275885025
274858822
271039810
270790647
249388590
249388571
192116924
190738018
186454368
180399894
172471716
171217534
169489774
167492754
120458588
74269731
46626763
16085832
15598519
15258012
15186766
11413587
7379857
5001937
3665163
2213325
880718
577132
517309
485454
369195
365892
344518
339758
278573562
278128842
277383696
276058712
274857547
274857058
274856735
274848353
274724315
272938248
272470641
271732356
244864568
243025183
213741534
199179228
195624155
187829820
179063969
111582623
74263957
56191519
48981786
44627526
43815624
36399661
32592661
23241113
20421650
16422526
16284288
16155644
9994488
5052265
4412407
3141733
1938911
1697665
454148
341587
278320308
277467395
277383835
277383709
277383705
275603168
274919332
273928593
199737891
196021628
173772285
155907711
153858693
148810223
108391341
96750892
58696244
44627541
25074977
19699922
16284258
15604119
13602714
11341044
10581281
10576562
10188255
6449433
1032618
972403
860778
704204
653862
600318
574627
570754
545224
532324
487760
365881
279019400
278128965
278074695
276320133
275825029
275209905
274919289
273935271
273659371
273537593
271423273
270749783
270507919
263396091
253148942
252591335
242810294
204090607
181122308
180850991
179755535
163149459
145145626
77222567
74263959
72646203
49745322
48754412
32220597
30792958
23240943
13329848
10581369
10576566
6842369
2119665
1669903
579901
405890
354860
279258167
277565537
277213783
274867137
274858204
274857261
274392885
273791234
273659358
253148944
249663539
215039770
203770627
198355492
190608412
179063961
171549972
169981358
127844780
124698570
116753367
110627334
105744915
97550305
56745161
49204081
47460873
22643368
20561637
19499744
16284268
10739411
10650589
7024639
6997501
1783831
1076424
407669
374106
369204
279064272
278672001
278116561
278109141
274857760
274845345
274328294
273732115
263392776
253542440
248936412
214103392
195624200
190738020
179513309
141173556
112075614
112065654
109298256
92993878
73108963
73108433
70031800
58621735
53935618
53871754
50904570
39362522
16257923
15604114
13452827
11508510
10641017
5146403
4257517
1783829
1069534
689662
686843
361509
279062653
278075669
278012469
275742098
274890539
274847821
274842630
274618446
273719495
272363646
270749786
252699875
207389210
196320724
186445991
185941020
185940497
171574052
135552431
124716403
122521468
74544776
58621732
55171004
51104230
49745308
39362476
23209062
23209012
17987241
15960786
10581283
10576560
10191769
3935887
1939717
787665
556295
453789
369370
278075632
278043085
277459571
274848389
274848358
263986491
252550223
249389101
249019180
247307634
217638652
202611205
197849146
190608750
183506922
181122323
178031705
170959348
165704194
157194670
137547977
80944304
52576657
43815638
34748783
24397415
15427261
11803428
11341056
10581255
10576564
10576556
10429205
3935891
878066
760453
621464
579956
355119
337236
278749370
276659549
273457185
272371367
263698169
263698165
248939188
248755006
202179740
186879905
162100210
143938504
127844783
114937963
111582633
108390475
96739515
50904572
47273274
19914541
16085834
10576558
7636721
5982841
3088895
2247319
1672719
1374425
1343685
980618
747553
725189
648053
621422
579385
428856
378951
376684
369198
366847
279116021
278815310
276750330
276623876
276327680
275585919
273877019
252671510
249388672
213703182
198111034
198084532
197964805
197735366
196320702
195470046
186636382
184860959
169818352
169818032
163165214
163030227
130031318
111579997
110022033
109910743
109397685
96739493
92551839
49640861
42267619
10581263
10188106
7973245
686856
487763
487448
442114
433291
386182
279258155
278320286
278320284
278042703
278005732
278005085
277401664
274826208
274407241
273786545
270268437
263763506
263396059
262665568
253058456
214493522
200651533
200617541
190755669
127844772
106206473
73882392
73553840
50238465
48363495
10581271
10581265
10576740
7976720
2067663
897744
807021
474343
433294
393989
393728
385723
373765
365797
338116
277045729
276855717
276846551
276160733
276139928
275020955
274547953
274547784
274544164
272412683
271590211
270924650
270130065
263754457
253563223
214493474
213701427
210765546
166079536
165703639
165701147
133248385
128711479
71670726
51232789
24780223
24771719
17048303
16085844
10690208
4060971
3828605
2130089
1420367
966558
602041
562913
487759
454153
386175
278320288
275422715
274919290
248962871
248936081
215981960
201296291
198568509
195624138
182983714
179063938
176550325
171549936
124708877
124498018
113528255
110627775
74211548
73593772
56191513
42750212
23209150
23209128
20421660
11341062
7554393
6568401
1478905
1034324
986231
972401
880776
704181
621463
517384
454143
391063
382612
371075
365798
279124010
278573730
278280545
276148739
275271361
274094402
272371704
253629351
252135814
249388829
248558670
247997191
217695666
203598230
201004690
196780407
196021480
190608805
190608709
175534379
129382208
116750012
111582629
36298479
14100928
10690206
10640997
9842467
5001941
3715801
3212475
1215681
898582
897912
859057
725199
562916
542912
448861
370723
279247903
277589786
277045941
276148743
275855067
274890509
274857823
274857668
274857516
274857115
274855981
273654017
273272927
272458831
271315123
262899581
262899561
252098096
251773368
248558665
248558659
242443767
203087285
200616864
195841045
190608793
184860939
183539000
178031731
178031689
178031613
177774604
174294024
163169758
133934018
116753648
115552815
99056409
49961040
41876140
279273664
278685754
278320339
278320323
278320312
278315575
278315567
278315565
277963494
276327422
274586961
271128064
270955353
270854072
261949647
252699590
252649283
252576574
208289507
206110020
205414529
205414484
204436292
203846106
203844795
203231435
193898669
185718219
174211265
159829013
139594414
74544708
59334597
55508612
43801517
36747261
34745986
16087115
2391163
1656031
279273670
277869213
276546658
276367168
275271359
274692679
274613934
273638807
273638804
273637508
273233736
261979591
252050565
249388511
217123562
215661104
212600186
205414428
203392943
202782491
201829059
200721194
199532596
196338950
195470630
190546635
183497043
179368313
124749948
114945466
114945372
114944991
114944775
114944550
113528361
109600951
92552140
7554205
4719875
927295
278679473
278678949
277404224
275571227
275550062
275407199
275407103
275377518
275251985
272832556
272832492
271997354
262527168
253257933
252396332
252099710
213701934
213701586
203288324
198967570
198112507
196338876
195507476
195470030
167615359
160367279
139239164
112058742
112058266
112058092
112057457
111976624
109592602
91148363
63183061
55181929
51984871
51233897
22647378
3141735
279307802
278093631
278037851
275060923
274919330
274848355
274848351
273912391
273535893
273471107
273082195
271993467
271993461
271993441
271360700
263558370
253058441
247981995
216214050
214493514
214076408
200718809
198569104
195624221
195624166
190738010
187829812
181122301
178031657
171574058
73108949
48363481
48363471
19401267
11341064
11341046
10581267
7966360
1986527
410674
277938562
277733892
273786797
273596870
248939454
186636776
186636023
177570622
171574063
169818476
169817875
75947310
56511845
56014152
55525238
54632689
49309262
48363454
42749812
38758819
38139078
21023910
21023898
21023895
11227944
10576552
8014516
8014508
7966358
6640689
5886177
4132809
2783955
2297519
867438
704603
682328
621344
469557
278508317
278508179
278508075
278236733
277401387
275839488
274042653
273736021
273726601
248976416
248936146
212321701
206144685
200651401
186592092
184692391
184692095
178031615
167473602
112077302
59198839
48363475
43837855
42750015
42749937
42749890
42407717
38763143
32040282
30792956
16087117
8014512
8014506
8014500
7973243
5154567
3172035
750377
278320310
278320276
278155053
277963492
276734139
276734129
275602882
275057849
274852685
274175334
273731327
271993455
270715140
269894935
202331755
200726586
200649591
194124744
190608728
175560682
155932557
155907754
116670903
75947314
55143763
55142471
36493720
34747234
27532178
20421632
19699930
13828940
10581323
2297535
2297533
2297521
279309620
279309615
279309567
279258187
279255648
278757714
278320351
278320345
278320327
278320280
278320264
278230891
278105885
277995333
277510390
276655137
273568751
270992621
270883258
262783975
252098209
207502963
194103817
180006957
155041496
87642541
54123451
50430904
49550297
38143346
23424481
21023902
19699948
13444062
11814240
11413590
10693215
10581273
7966362
3088893
278749377
278020691
276850031
276850026
273278926
273241137
270993005
263958209
263698221
249136371
248755034
210765545
210138122
201308343
56408671
53935729
53935727
53770203
49550299
49204083
44983213
43815629
36996222
36710748
16085850
13637691
7976718
7379905
7379881
7379853
4257511
3024657
1753903
1753899
1697189
1644879
1343699
602048
540371
393722
279268181
278014046
277717422
277613518
277510392
277510388
276933970
276849982
275603337
274317070
273596555
273558067
273355433
252794817
249272931
230021196
214597691
207960067
114467219
54123506
53935619
50430906
43815632
43810556
43810555
28199617
15186768
12269391
10833360
10137153
8451374
7379885
7379865
7148429
5914509
5143877
3899095
3663063
1754449
1343691
276883051
276849995
276482074
274892831
274613348
274613074
274613072
273716213
273240803
270662054
267179149
252099708
249252605
248755028
217123635
215727081
210765553
203957144
203472214
203449596
201829140
198194469
196338862
189182681
187186856
185941891
182783848
178736622
144524722
127032389
114945383
114944417
105768927
96773414
34751159
13530760
13377549
9341397
7976712
7366101
278901233
278679491
277858691
277735022
276177435
275377548
275377503
273637529
273424328
272477731
272476837
262527003
253213516
252550221
249603293
249278196
249013137
248654813
244303526
225206482
222663267
217648890
216226695
213703945
209349365
203227291
201686837
196339385
196021597
193707451
179775481
114945800
114944305
112066232
112058506
109596467
87436926
38191980
38191102
36760746
278320337
278320306
276405621
276405598
275036914
274855925
273909771
273866755
273843860
273677806
273585318
273122340
272476702
263571117
252098367
252098201
248558673
248558657
248558654
241998116
225212240
216210794
213703575
199532592
198928595
190537586
187829823
186745151
178031679
178031621
146365683
127269058
117828358
117824859
117161152
51652849
48983015
42265027
34749023
29349074
278826884
278320343
278315554
278052702
277839858
275855111
274872531
274857832
274857130
274555027
274195285
273357135
273122213
270852729
269988755
262899533
249489559
216296784
201039286
196856597
194129036
194125360
188657629
186591213
186232911
178736614
174435284
169818528
163167854
163032019
138379951
116750469
41084644
34750940
34749300
20637942
12027670
10581371
10187759
4697085
279028067
278949880
278115686
277045727
276477647
275058578
274857503
262053174
252389382
252389090
244767214
217123728
213691760
201099452
195624203
195509810
190738008
190537756
190537682
170957628
101931937
87981871
59334593
56205271
54431687
43801514
43801513
43801509
29567811
26060385
20421639
19699936
7966361
7966359
3141741
3141737
3141731
927289
927287
927285
278497693
278320296
278320292
276898265
271307027
270838600
270707639
263387430
262874067
252099706
243057838
214493460
203957355
199583041
199536493
196382168
196338869
196338861
195624192
187341360
186230739
182797650
74747648
59334607
59334603
58625934
50904582
49378486
48018644
20421648
19699952
13828942
13514207
7803964
6449429
927291
806542
413912
373361
340691
278320294
278020965
276595140
275878739
275058601
275057829
274892964
272371440
271993477
271993471
271993469
271993463
271993452
271993451
271993447
271993446
271993435
269894933
249664600
216214234
200651848
200650684
190738006
179063940
175146841
169818808
143945740
115754245
110627624
56511846
48018273
20421668
19699934
11341050
10002572
10002570
7950412
5052267
4050669
365795
277401671
274848390
270703325
253058440
249664333
248937139
196851312
195845049
194959322
169818320
169818228
169817970
166033497
162865516
162100187
73108430
62633906
58817744
58696240
53750148
43262277
43262265
20561641
19914552
17587115
13686963
11728318
11341048
11146025
11146017
10002574
10002568
10002566
8014518
7992252
6199073
2783961
2297531
1465785
986233
278508315
277445083
277401724
276617026
273731158
273597167
271327730
213741475
194406494
189664068
111851311
73108436
58817742
58817740
58817736
58407385
57125103
57124251
56509266
55170061
48980851
48363493
44627528
42749400
42749361
39358340
38110600
36698070
32040288
23209154
15690058
15272086
15272080
11341060
8316468
8014504
2783957
2297525
704609
517259
279309606
278776132
278773698
278760207
278508294
278508108
278508038
278029420
276103413
275602886
275571074
275058495
274856932
274195546
273602560
269894923
248939142
219147004
202328306
196337569
195470625
176132390
124596870
96739484
44153069
42749520
42261691
24984583
24594269
13828934
6504329
4133035
2783945
1783823
972399
931103
867428
517244
517239
470193
279258177
279258170
278507851
278320349
278320278
278315577
278315573
278241534
278138771
277541403
276734144
275591928
274372896
274353650
273736611
273731214
273726923
273307139
271993473
270725732
269894943
269894941
263396073
214106534
214076423
202331666
202329352
200651009
200650416
199977117
145145726
38768007
19699942
16087108
10581367
5052263
2789637
2064593
1478901
341213
278694602
277923334
277510384
276897587
276851013
276849992
275278299
275272052
275020969
274420620
271218584
267179139
263698229
252794834
210444563
210418463
160578144
137941644
129138558
116753497
77221293
53935721
53935685
53935680
49179892
43815634
43815622
20642787
16079286
15186756
13637697
13624063
9341406
7976716
7976714
7379895
5982837
4412409
3556897
1585265
278815314
278749483
277984450
277984430
277483594
276700594
273892089
273240092
272881011
270465845
252794836
248755024
217143494
182557961
160445750
152805145
152784017
137941487
111582642
53935664
53770039
44983211
43810565
15186764
14273548
13637688
13624141
13624055
10690200
10405962
8307669
6183941
3212473
1670619
1664587
1644873
1644871
1215679
870565
615886
276851009
275436740
274893011
274612468
274088723
273568740
273349052
252098116
252050558
252050557
249388833
247446334
215727096
215661519
215039785
203957188
203472633
203471585
203467592
202016405
201308037
196928841
195624167
180218209
163543485
159978609
144514998
144449724
114945157
114945029
114944535
114944528
36997510
13637687
7379861
6512153
5982839
5001939
1343697
540405
276405580
275088496
274613813
273966816
273637501
270773210
262836840
262822059
262734499
252550227
252550225
252099715
251929302
250072576
249013141
249013139
247401470
244332561
217123698
216226713
216226697
210423883
203472682
203472070
203471959
197672001
195845673
190608757
182301053
177633679
169818384
169818034
169817843
157080163
114944585
111938261
109601260
54926174
22646340
7950276
278208550
278024973
277807685
277589575
277135139
275595733
274869885
274869724
274866741
274857589
274857157
272476889
272476800
272476787
272476767
272297723
263567504
262899527
262699240
253236260
252098207
248773753
248773707
225212254
205891681
202805915
191764392
190608755
178031635
169364031
165700121
155972474
146366145
116754196
116752162
107336583
74544735
63469903
49873864
49873860
278320335
278315571
277398178
276525943
276160692
275550018
275407226
275307608
273928543
273888805
272739317
272358923
272307303
272297686
271993995
262528457
262527104
252098359
252098342
249388549
249278131
213702668
190738014
182300537
178031647
169347292
166079534
137537250
109591165
84936389
57815452
52804417
51232793
49745294
36760888
35857707
24402436
24402434
621358
621100
278691905
278280110
275251991
273983039
273161061
271285354
261949666
252763993
252763732
252099713
219200134
217637346
203320088
201844011
200998622
195827260
193898647
190081107
186615411
177484434
171219087
166079538
136812788
127844778
113759673
92551781
68720221
57041750
43801521
43801519
35862133
19871043
11449728
8458230
5912383
4236281
3157649
3141739
1656035
986237
278280250
278042887
277458748
274848364
271993456
271993445
271993439
270774493
263387421
217515070
216213998
216213740
216213601
213973699
203213282
200650916
187829817
162521923
161964361
155896189
114492474
114465753
109874593
75947321
72970904
72540043
59334611
59334591
50904578
48363490
48018269
32040281
22367401
20421694
19699932
10576568
7554343
3935889
1938913
569624