279286857
279259680
279235256
279231788
279217771
279143614
278966904
278848275
278760908
278716218
278713624
278469220
278025278
277779459
277722827
277722344
277606233
273135679
273091575
273044174
272920483
271784299
270254687
242751720
215544672
210401903
199896021
196944533
191575510
190601858
170708207
159050447
96289898
91515694
80613608
75630601
71948009
70016680
55302745
37468754
279287113
279286891
279260289
279260288
279231808
279132659
279132356
279131596
279073209
278967868
278871265
278790457
278760678
278714950
278713570
277555367
274055794
272919728
272360135
259513003
259512690
253057490
250099957
250077311
214924235
213992021
213691905
210127524
201934512
201932991
201856109
200617242
198126596
197899508
189558460
167613519
118890459
53495947
36701542
36700908
279300796
279269443
279269264
279268992
279250990
278760642
274659406
273228310
273196661
210138324
209610664
209601032
209413823
208137093
118582598
56267222