279181737
279131499
279116215
279106124
278279802
278070588
278070583
277740492
277730059
277728917
277581147
277138844
276755249
275947118
275529324
271782938
270437942
270249779
263968708
252711705
217954726
217889878
217777993
216470988
198084584
197740119
194164785
186230533
177154451
176212628
160793052
129852704
75585399
75581011
24165991
24164876
24164871
17764853
9810498
723363
278562086
278562084
278070591
277520060
277313270
277279726
276379121
275739116
275706166
275419204
275122073
274956148
274075260
272127574
271660178
271435014
271316879
271308078
270789623
270508462
270216015
259310976
225210796
204339642
199171396
185448038
181517839
173716900
165165767
148601880
146482230
77756383
77105808
74683867
67349495
54348312
50479155
24165114
24164882
730963
278378555
278378539
277346889
276379114
275752780
275706230
275706073
275529090
270814423
270169391
248329232
225386660
218736619
217926760
217917780
211934409
208070648
186633624
166192406
138911635
127482644
127031902
103400946
74458320
74457740
63822864
53731152
53721378
53484697
32071043
27177876
24165752
24165566
24165468
24165449
24165132
23134374
23134368
1747351
576266
279006086
278562100
278070636
278070473
278062693
277839372
276926728
276798890
276777722
276379115
276379088
275706428
275126220
274889799
273649741
273374173
272237229
270468491
249938498
222621337
208070549
207768444
199898491
194406244
189600444
173715925
172147098
165700244
165118636
163170688
92010253
76527976
68688355
68088495
67349491
63822868
55284434
24165978
24165310
24165087
279260412
278794720
277944581
277381935
277313258
276755247
276616483
276379126
276379090
275540836
275529151
273821817
271999136
270790797
270477835
270328281
270247216
252711679
225386600
199484046
197676873
195668898
191980654
186636282
181454086
174578324
163172142
92010783
77221344
55468282
53484942
53269692
50340112
44858216
32071041
28638679
887803
722054
686545
555947
276798922
272598228
272218925
271452300
271370060
271071469
270767861
270470082
270445115
270081002
250058862
250020197
249938699
248329251
217963778
217910172
217890125
217887550
207948620
206560990
203401983
199171762
197751352
196022914
195670258
194406476
194406025
194165014
191081233
184918822
184512870
175655124
122661982
96305992
75618660
71892388
48754738
23134740
1374397
723372
279259067
279132970
279132563
278794714
278562095
278562080
277862395
277531327
277165750
276810357
276379068
274987133
273953330
271364547
270436100
252162085
221255330
208070634
184286586
181446715
149781065
149520313
111536310
111200915
108555018
87630865
85560387
76259916
54671639
54639338
53721571
32071982
32071851
29478068
27980698
24165535
24165516
24164509
24164483
4184751
278562088
277370030
276379097
276379096
275191179
275126374
273818860
273686901
271660164
271187848
271099716
270774938
252913261
252882043
247705561
225386748
217945334
217890352
213524875
197775388
196050318
195573763
194164854
194004470
190125696
189533705
181789500
180001088
177158848
174578249
174308908
164935854
148629145
77231616
77222555
72534344
58130569
32071855
32071047
26707901
278794722
278775864
278562082
278293107
276889525
276379108
274057487
273849816
273599555
273472872
272597237
272358137
271190449
270812634
270803929
270790417
270469214
263767641
248329247
221233834
208907812
206124615
198186982
197677424
185006427
184410420
176768335
173730438
163169843
148600482
77221879
75540172
69175499
67349489
54748133
53721026
24165545
23134360
23134348
355109
279306051
278562092
278562090
278399990
276379123
276379092
276379072
276379066
275706189
275126673
274170475
273982539
272830283
272237235
272144168
270099536
249697062
225386620
225386488
225386457
217937924
217934383
217931639
203841146
201346775
195271338
193212466
186632639
186626948
160814548
158408619
129852706
77220925
58130544
55284110
54671647
27577520
24165584
24165330
24165263
279311578
279306047
273398521
273261890
269951374
252679944
252674813
247441861
105218650
74490642
24164428