279243104
279104040
279104038
278768791
278768729
278567914
278495084
278241324
278158745
278158082
278138468
277780812
277554493
277554475
277344219
276922440
276828130
276653138
276524232
276123469
275757287
275254033
275006074
274468055
273655412
273204957
270466770
262590428
212213151
212213139
212213137
209605860
201846112
201592099
110447690
85625486
67712887
543003
542996
542976
279269472
279059103
279022834
278966483
278768757
278760746
278713314
278713201
278573828
278231008
278230916
278159423
278153557
278128942
277526072
277019980
276525334
275254036
275078194
275007889
274863838
274863829
274449945
273252594
270794832
252575130
216001260
212213159
212213133
195955620
184521890
180230983
173553270
146274276
15212374
1647119
599654
599650
543012
542959
279113564
278617340
278170954
278158710
278153607
278065322
276583185
275006682
274863821
274863814
274828175
273445732
263119517
249374013
248755014
209605870
209605868
204615571
201004695
197596680
196292130
185005985
173553280
173553272
173553266
173536151
173536148
146274269
110595948
87857970
83038162
76056397
72027536
38110441
13105198
2438581
1446609
516253
505603
441917
278969860
278760782
278720089
278716052
278716050
278712759
278573887
278229982
278159175
278158364
278129117
278115989
278066256
277344208
276851011
276525384
276382425
276140030
275206265
275206255
274895707
274889584
274863817
274618710
274377706
274120575
273346786
272597311
262477186
253468296
247290031
195573564
193979609
118325481
75332414
20956539
18002162
719724
581022
578785
279058911
278966843
278772386
277774348
277452867
276568751
276568743
275483226
275227095
275006674
273949086
273949031
273620985
273620983
273620965
271738999
271360779
271118207
270853989
263970098
263393037
253468335
253468311
206840679
199970122
192950119
184101372
183487766
175533707
162025603
146274604
146274596
146271972
146271734
108241195
91574141
77151194
76051999
731236
650004
279250813
279166504
279082046
278969808
278967163
278761561
278761437
278616738
278152992
278108957
275206244
275006675
274717765
273978119
273894857
273789493
273655512
273620949
263451886
253468304
249374015
247019504
196579402
196292121
193979581
178032452
173764545
173553276
173093702
165992289
152880129
109998507
71683085
71682465
18003062
10673037
10673024
10673018
542944
411345
279243246
279093687
279017961
278979031
278967485
278760786
278714474
278712114
278672179
278573755
278321479
278158498
278137863
275158829
274772420
273978508
273464178
273378784
271954421
271846207
271314881
270790818
270064333
262852709
247681277
213869391
196292119
192863094
189940722
173553268
160553365
110595930
85924606
66779655
51106343
39518905
4628723
578792
578567
441919
279092010
279022844
279017945
278969626
278967099
278945109
278716222
278715019
278158543
278138353
278093652
276478242
276174678
275946126
275006684
274350396
273978553
271660904
269957407
252892330
252357183
246772840
216001228
197337704
196292163
196292016
193979586
185889846
185653991
165992279
125913763
71682455
71682446
55522807
51030890
34752041
15067427
731222
447185
355353
279121884
279092123
279022822
279022814
278760698
278714928
278241619
278159185
278153428
278037716
275010736
274922232
274579153
274579092
273609180
271846189
271580585
271381799
222723732
215147317
213574327
212960244
212314828
203093935
199969914
196292152
196292096
196292068
182834087
160553209
159484708
144934451
91652037
91650120
10833320
10673020
526176
366947
354923
346672
279286941
279092125
278945030
278768724
278159616
278159004
278005236
278005127
277554489
275710350
275616403
275245439
275245436
274988452
274670803
274120669
274097504
272466476
271964753
271846119
270676995
262017287
253318999
249766498
214752713
212314820
196190295
185908806
178262406
160553202
128261426
90743198
58828012
47799401
18097929
16023258
4060947
1548699
729193
362687
279269818
279063473
278790783
278713352
278637770
278304102
278292674
278241342
278241274
278153258
278152984
278138850
276634193
275158839
271845877
271342421
263988922
263703199
262570403
249535141
249220243
213571972
212960248
196180707
194786308
180400022
178032743
174896156
174896142
165205851
165188753
133573584
110595937
96594889
87960325
84884205
76057471
20332449
442487
442214
279257697
279202326
279134426
279017068
278969778
278966501
278768715
278761503
278714944
278702061
278321494
278113107
277728701
276478259
275206282
275006075
274826836
274801886
273409416
272305030
252892385
215147452
215147307
212314806
207317633
201892896
192950187
176024688
174086072
167019768
164272720
127204031
114885691
70692020
63187269
54626457
50215013
4628751
2158705
578809
278967534
278967447
278720065
278713364
278462305
278321197
278230964
277984326
277858926
277045478
276922455
276828126
275267719
274887999
274707443
274120536
272832704
272419695
272148104
272046292
253471994
251443935
249972105
249285877
249180906
249151210
242085610
208739123
207281369
194568656
174933094
160553324
144934441
117374759
111537675
105700406
85626323
6199607
650001
578580
279105449
279017939
278967027
278768727
278712938
278712851
278213653
278159310
278127940
278117152
278116034
278029215
276922430
275616404
275006677
274869204
274862785
274670673
274617964
274120538
273894755
272420834
272307336
272305845
272060540
270677773
252635985
229703281
216406324
213846634
209905817
208682521
180609938
173553274
152656304
113527729
43773723
15212372
970358
696299
278773684
278713065
278712915
278617038
278030961
277916348
277451375
277416198
275967058
275878754
274889513
274423417
274019114
271800669
270898268
270700194
269946938
269946616
263113970
262451748
262078179
262043718
247935746
192948994
183487773
167019857
166084239
144934443
129766807
73727257
63187279
58709099
23425789
1052858
884234
592042
580457
455898
355354
346670
279257452
279058988
278966973
278772434
278712809
278321232
278241202
278138610
278128934
277984346
277516103
275616405
274988454
274107780
274084692
273978356
273585167
262570338
261967917
249220254
248789046
214595459
212314834
210116388
209867941
203084376
196292100
194568552
181783139
180230967
160552998
110595953
58441480
16260029
11079890
579420
516283
498140
447179
442481
278715665
278680955
278153673
278117318
277777589
276828124
275186925
274863813
273870873
273445724
273135914
271846457
270962632
270714088
270060654
263392872
262569827
253306940
249238871
248733052
215555380
214199733
212960178
208608163
205708104
203846390
190827079
183487762
144934439
140482456
138140699
127180694
77965578
71682545
20578314
18001809
1940363
625109
588190
357008
278848313
278760850
278715751
278637778
278158880
278153533
276583121
276568744
276478255
274733496
274563101
274120611
274120600
274120561
273978959
273978606
273620935
273549070
273059031
271135879
270906850
270898272
270898240
269946648
263103778
196180900
191808213
174933092
146273451
128256835
111579987
105544154
91652105
90126249
70692016
3038885
634178
578787
442433
355341
279132131
278760987
278760726
278714814
278321498
278213643
278153360
278153308
278117196
277858989
277169466
275948469
275158830
274626251
274579098
274579088
274369200
273602154
273524651
273287412
272306579
271954364
270113078
263592728
261967434
252639860
225938654
212314832
209561576
195541303
192950508
192950199
185005806
167015945
137793583
134390310
108311415
51198858
11898727
526173
278969618
278848273
278840058
278760630
278715293
278702223
278680947
278616300
278153691
277931357
277344206
276700185
275592546
274999634
273870877
273341052
273218699
270796259
270700151
262570278
262078177
249220266
242504904
191808278
174933097
152646872
77151198
70624665
18003514
15069498
1052856
1052850
654950
597315
578777
442427
417152
369209
362278
354876
279154006
279121874
278967886
278761484
278714804
278713247
278713041
278530844
278492789
278321843
278321207
278280513
278153266
277504523
276376128
275822067
275006670
274430319
274166166
274120573
273649751
273341032
273127042
253444159
251275878
217696751
212960258
199176561
173093685
160553278
160553208
91251995
90660823
90125420
87993223
76747024
592097
580459
578572
417175
278916907
278760854
278241721
277389381
275207271
275206900
275172799
275172676
274920900
274614069
274590930
274389791
273393405
270503923
263455787
263046785
249972365
249603322
247963919
247936772
217765773
213489436
209906121
209905766
209867953
208652900
208648804
199011639
197955187
196021689
194787928
194787765
194787611
194466531
167614349
156001623
152705123
114945714
55525244
579452
277043503
275731751
275244153
274670648
274539797
273949084
273949082
273787410
273585130
273396705
270659815
270113209
263704277
263100037
262852684
249934832
249603644
212567868
212440966
212438590
206651094
205985255
205966557
204027123
204027013
203591340
196021685
193258935
181149312
177630748
177189437
170338549
169818002
169817880
169817869
152546708
132304306
120183621
114945588
114945488
279120280
279120264
279075831
279074269
278153635
277998029
275423185
273951796
273839881
272658163
272309681
272309652
272297786
272297758
272293623
272293473
271799322
271118671
263118690
263046051
262731393
261967893
261967891
252948426
250076686
250071701
210134610
209298952
197227264
194819045
192949922
192949908
192949834
177642930
170766691
146226327
138932465
111582651
50248646
22650031
278716553
278716248
278714790
277180871
276523182
276522706
275599866
274553745
274318057
274073026
274048546
274048493
273888117
273166094
270992509
270059838
262731130
262569986
251465392
250072499
248799773
247723521
216296823
208196290
204878446
204878410
203200926
201600012
193715741
191649598
186165422
182149393
180308355
179916148
176024851
117315765
109958847
54422735
49592569
18117921
279267969
279267953
279267951
274909640
273963017
270693455
263455789
263114093
263114082
263113962
262570224
262570078
262570044
262569915
261967341
261967323
261967316
261967253
252714210
252671985
248774296
247981265
207697450
207645133
207503123
207503071
204170404
204141113
203950132
192459127
191758863
185175683
185005909
177616355
176926497
169376017
146273455
114367158
20438035
279268855
278482513
277400935
276382585
276355144
275387640
275150178
274886267
274884720
274646534
274394886
273937987
273278237
273241808
273043019
273042923
272420801
270768085
263294990
253059951
251335630
249536304
240626797
217145035
213676501
203845599
203845169
197885205
196338892
193045264
193045258
192950553
180847847
177887733
177887731
159484699
109960267
90117167
74747656
50705348
279293467
278280236
278241679
278153641
277514765
277452861
276077001
275913489
275125149
275125097
274920847
274456027
272307221
270853984
270439914
250026024
249802433
217145326
209318405
204068849
204068815
203846545
196320722
195566918
195525267
189536235
183487768
178603088
145399596
139670130
130783433
127193852
127193846
118326098
118325479
118325472
108241192
101325467
90738227
75332660
277938002
276932598
275258485
274377703
274377700
274377692
273169308
271971019
271287792
271286133
271221416
271189078
270925436
270854022
270442392
253471966
249768930
214076453
214076449
208604232
208289464
198296800
194789828
187011308
187011206
174216914
174037891
167931232
159484698
93754487
91553664
43176183
20332461
20332451
16023247
2563923
2213275
2107619
355352
346671
279269606
279269440
279268679
279022914
278979039
278713944
278712835
278616794
278616502
278616350
278153476
278153466
274901198
274777103
274670884
274377698
273916345
273820736
273712456
273085405
271516219
263179445
219161864
213886862
196292088
191808458
185991822
185006073
176753058
174896110
139235283
91573934
71682426
69360610
58166241
40723150
32220197
14606562
14606518
10673022
279281032
279269090
279112372
278966624
278761121
278761041
278712827
278712767
278616808
278153064
274922228
274670738
274563099
274360728
273948941
273551275
273291837
273085443
273085429
272419795
262451709
258215787
253293570
249220262
242504918
209349639
208271118
192949214
185005818
171586308
147570515
106554575
61312453
50705350
20957844
20436876
17016827
13105163
646714
431519
279281034
279186775
279017058
278969762
278967631
278716246
278715926
278715761
278715027
278616724
278153216
278153136
277416149
276091032
274670866
274563103
274195861
273609178
273215910
273215748
270700161
270224433
269946934
262569897
261967925
253293673
252892375
252714218
252099100
247681013
213886858
185005971
182306292
130756434
82704612
75332411
73727259
25905934
20477454
442494
279274822
279269382
279131941
279074457
279017078
278979035
278802442
278761569
278761253
278761226
278760995
278760716
278760692
278715998
278713311
278712891
278153140
278153076
271107399
270700147
263702998
263303989
263179469
263041058
259310799
253620263
253293566
242076131
208739105
203843882
196338165
185005901
176752853
167019845
128254782
72702347
50215878
20460678
10673028
631212
279268849
279132093
279112550
278768789
278760832
278715982
278715955
278715709
278715347
278715335
278585972
278153134
274589776
274423382
274120522
273341066
273117764
271846410
271846195
271441626
270253603
270107067
263041131
263041119
262451750
261967907
242411305
225959837
222723618
209430442
207281253
203843884
195573554
71682287
63563515
61305484
61300679
53469506
1013156
442483
279269526
279257893
279112478
279074421
278772364
278716054
278715733
278715609
278617290
278617262
278153402
278148007
277416192
273909735
273341026
271846463
271342431
271098920
269946994
269946640
262451705
262078215
253620276
252892379
252714148
204302124
204302114
203843870
196180713
193045305
191684058
185006238
185006061
185005941
146274779
66539633
56845929
20438387
528168
431505
279281038
279131961
278967473
278716304
278715953
278712841
278616786
278616560
278616304
276364053
273978639
273551293
273527877
273238444
271846459
270453669
269947002
261967931
261151746
253391307
252892377
215136586
215102422
214809846
212960190
210134576
207971154
192948962
185005856
174321518
171580887
152662399
75709922
71682684
60472937
50705358
50215803
23831039
20438640
646720
279269280
279268815
279268487
279201938
279073207
278967199
278966563
278802434
278716040
278715011
278712892
278712875
278616976
278616666
278153150
278148015
277416190
273878986
273820744
273609188
273298556
273238472
273238448
273203457
273085427
270796354
270224417
262569935
258215810
252714318
247681082
242504900
242411319
197337663
193045169
185005999
185005975
180399871
176752927
14606527
279269166
279188034
278979037
278966525
278907333
278761455
278760758
278760578
278715942
278714392
278616652
275196845
274960172
274423388
273978558
273712454
273117743
270796261
263803806
263703195
262451738
261988701
252714152
214076443
205707937
205292354
201088279
201088212
197544431
197530299
197464978
193928263
185005973
185005944
166084227
159484710
113000873
87882580
10732290
431508
279301307
279292319
279287064
279242701
278804505
278761018
278716300
278153619
278153485
277516085
277506069
277460103
276929009
276828127
276039048
275089307
274563545
273850728
273377473
273277396
272557056
270502042
270107098
270107043
261995662
252412060
246856895
242504902
221698621
212213155
212213149
212213119
203095268
196292018
175533521
174037880
170297942
143147506
102431112
56026608
278969654
278967812
278713235
278321415
278321080
278153687
278153146
278153102
278152970
276423427
276391971
275842577
274120555
274084782
273620991
273085413
272112327
271846135
270101604
263097552
252713731
230138343
222723727
213787628
212484543
212484487
200774802
199176571
195993415
194463099
194183543
178427368
174896148
173481390
160553242
146274452
129138211
91552409
87116530
87116523
279247108
278761396
278321546
278321542
278321460
278321454
278321437
278321115
278230988
278153565
278153543
278153228
278153018
275189119
274166935
274084796
273476274
273162431
273085419
272496289
272200242
257835571
252892300
250451582
249374038
248755032
247328701
194451715
193979851
192950230
177320144
174532102
172024921
160553054
146271864
90126251
77221510
50215618
1669693
742037
279247680
279235270
279145291
278966952
278966852
278907209
278907101
278760672
278716006
278713051
278702045
278321439
278321113
278153493
278153491
276621127
275158816
274579157
274579114
274113652
273620961
273472829
270926059
252649388
250813901
250365874
250229235
249390326
239144215
212484743
199970267
199176574
197620477
194183547
191808147
191320406
167019553
162025745
146271364
109765207
279269184
279154128
279112408
278966646
278713259
278713147
278713080
278713037
278321201
278321120
278321118
278153250
278153242
277174134
276524288
276176927
274412363
274113601
273971808
273620987
273471914
273297277
273295497
272496269
270925603
253350201
252638427
252272426
252247145
213936065
210513654
209318710
194568530
191808084
189940699
189940675
186495768
179445737
169377592
109998058
279145293
279132089
279058921
278969646
278966975
278907073
278715976
278715970
278713273
278713046
278712903
278712901
278702024
278585984
278321483
278315490
278153671
278153386
277458325
274579094
274560815
274526198
274149725
273620981
272200203
271968124
262504115
203084465
202485060
199970284
194183429
173360375
171651749
169377598
160553402
160553266
158983404
146271394
109765209
87128906
279290829
279145295
279132601
279059020
278966643
278760804
278713203
278713170
278321205
278153513
278153094
277554479
275774132
275480050
274988443
274828170
274526938
273943547
271953545
263047673
262792303
261967426
253319035
248789038
217276120
213936045
202604450
199548457
198897610
197620481
197464964
192950346
189940701
162025747
162025605
161541406
146271950
105673971
90126253
87120696
279112334
279112310
278969636
278716320
278713223
278713074
278321471
278321413
278153439
278153072
277554491
276659626
276393201
275774068
275581801
274084790
274084694
274077866
273434610
273162421
272335936
272200232
271953436
271845911
271135799
270205671
262654111
253619333
253444161
212314838
191808683
173536153
146271381
146270329
137941488
137510904
77221603
19763445
1647121
432074
277554478
275899307
275207174
275177517
275177366
274113646
271312338
263985944
262852703
251394038
249855954
249784237
248789115
242443845
226057036
217765920
215616984
212440864
208739108
208648861
207658950
207387834
201829952
200035520
200027954
196021515
194787511
194465212
193256706
192949934
192909264
192458970
189940703
189574745
187011143
186393243
177142776
167528658
146226306
137966144
279169699
278438180
278007283
278007269
277836289
277397147
274920902
274920888
274920884
273949099
273705747
273542885
273318989
271729586
271365866
270547262
270113295
262734393
261967889
249603319
247965703
247019485
247019481
209867989
208739223
208686242
208648883
208648777
201610647
200738021
196021427
195696276
194727781
189587797
177189166
176812398
138811531
113000878
113000863
99990782
279127543
279127532
279127307
279127303
279120288
279120286
279120272
279120258
278673526
278153573
277041336
277008572
276838844
274558395
273828422
273828420
273551299
272480378
272406501
272309614
270708637
263451837
263045394
262842754
262821012
252949153
252949064
244304215
221698613
205414672
205414655
204009122
198572112
179970066
179969628
75983610
74570818
22650070
19762833
2563925
279075856
279075842
276523296
274969399
274355946
273791182
272426008
271118786
270977594
270436271
270123030
263627923
262569927
262569835
262569829
261967422
261967380
261967271
253380936
252041151
222724032
208915620
207642609
207358993
207281190
207281178
207281052
207280931
194397357
189688997
187011413
184495843
180720684
180233390
176024869
172314057
164240364
109692935
109691619
52576687