277596806
275519737
275193301
275188494
273962069
272358133
271075215
252884459
252884438
252884430
252883171
252882938
252882893
252882856
252882852
252882837
252882660
252882658
252882642
252882596
252882540
252882490
252882486
252882466
252882443
252882439
252880162
252880142
252880138
252880095
252880069
252880048
252880043
252880029
252878096
249938105
249937712
224164920
217489904
66747406
278831630
278006095
278005980
277750372
276798737
275000982
274660036
274060492
274045229
272371928
272292337
263560084
252884422
252883251
252883247
252883142
252882876
252882858
252882823
252882794
252882703
252882499
252881909
252880156
252880133
252880079
252878143
252878139
249938087
249937924
138914295
138910840
87419421
82386857
75655592
71683034
68544641
68544620
60392357
60392212
279016835
278718831
278147185
278006035
278005984
278002262
277338644
275721764
275216032
275210808
275009748
275001008
275000992
274986436
274746299
273134197
261942706
252883177
252882862
252882831
252882468
252881864
252880031
252854571
252559090
249938367
249938317
249938214
249938052
217493006
217489857
139255697
139237228
138913774
123490320
73207082
71682142
69322557
68544650
63670642
278136281
278092889
278092821
278092757
277499359
277330146
276375087
275822711
275791718
275134823
275031975
274566713
274060472
273200849
273023496
273012491
272450232
271445817
252882839
252882534
252878108
252878104
251742404
249938253
249938135
249937907
249285990
210137334
202961504
202961467
202961391
198285065
197062969
191140331
82386510
71682496
71682149
70624697
68984143
67041101
279221817
278251978
278006002
275863420
275803999
275710822
275250831
275134742
275000980
274989334
274953278
274549663
274526402
273881380
273442373
273337359
273023600
273023256
273012582
272629808
271979898
271646515
270988421
252883332
252883114
252882882
252882811
252882792
252882536
252882474
252882437
252881862
252880097
252878091
252854590
251540701
249938252
249938104
249938097
164275028
275250778
275246673
275001062
274953232
274949257
274792554
274641706
274146510
273932553
273881452
273430923
273337213
273335614
273246734
273023629
273023310
272571424
272472417
272471909
272469088
272430648
271645440
271520203
252884472
252883314
252883295
252883277
252883249
252883144
252883090
252882954
252882516
252882494
252878135
252878086
251455809
249938331
249938303
249938156
249938071
278562053
277499350
277318166
275188492
273960615
273337184
272430031
271999175
263790837
252882946
252080293
252080251
252078098
251742383
251742062
248582221
217490154
213965430
203499015
202961671
193770306
165206495
163737781
139253092
139236806
139235809
72851630
72769198
72769174
71682200
71682122
68984150
68544652
62875325
61550355
60395718
60394784
60392151
60390779
22648774
279232609
275770142
275626082
275591573
275591521
275438802
275401530
275133531
275024461
275010083
275001056
275001038
274994115
274949273
274553403
274513160
274471669
273337261
273337236
273337227
273335090
273201151
273128768
272994982
272468728
252884368
252884326
252882860
252882827
252882652
252882621
252882472
252882458
251551897
249938377
249938299
249938201
249938125
249938074
76378784
278006115
275855080
275710788
275224397
275216562
275083050
275001024
275000984
275000968
274953709
274534808
274513032
274060488
273962008
273623685
273337348
273335133
273200838
273128577
273128485
272167182
271660906
271557867
271540453
271307563
271075251
252884338
252883291
252883132
252882932
252882878
252882809
252882613
252882449
252882447
252880066
252559404
249938380
249285879
202961635
278092861
278092793
278092773
278092741
275401701
275269366
275263364
275134811
274956198
274374098
273442198
273214322
273181562
272857677
272562494
272562251
272450871
272445764
271073917
270214593
263790845
252884387
252883106
252080248
249938361
249938119
249938041
249937956
248241447
198889500
193976668
191683588
171050406
138463776
138396946
121678086
87379603
77626945
71682946
60396081
277405915
275001016
274999205
274549036
273583707
273440857
273337355
273337283
273336096
273335659
273308600
273307166
273187538
272562167
272468814
271308099
270993101
270186773
253360275
252884428
252884372
252884346
252882872
252882807
252197167
251548276
249938349
203499141
202961566
163696099
76469304
76378782
70202790
70202784
68983530
68544661
66579902
62872869
59535413
22643083
278006028
275855049
275833420
275791716
275791709
275535653
275401735
275000988
274949315
274641728
273583760
273461805
273440861
273337175
273307193
273180528
273128508
273012472
272995532
271073719
270758077
262042724
255476432
252884344
252884336
252883257
252883130
252882891
252882870
252882650
252882644
252882488
252881860
249938325
249938273
249938271
249937845
202961784
164286741
22653009
275855039
275854995
275246747
274953342
274374091
274152225
274055744
273948492
273475070
273337270
273309910
273309878
273204796
273201181
271521001
271309018
271075217
252884403
252882887
252882476
252880149
249938247
249938121
249937828
248794264