279044074
279043494
279041731
279041086
279039799
279038182
279038168
279038166
279038062
279038020
279037822
279037536
279036639
279036599
279036416
279034860
279033386
279033336
279033090
279032926
279032866
279032860
279032731
279032687
279030960
279030948
279030524
279030507
279029739
279027707
278967880
278942920
278831044
278831010
278818751
278719130
278710303
195657301
14273749
556076
279046436
279046414
279046110
279045806
279045780
279045112
279044736
279044500
279044196
279044108
279043340
279042946
279042195
279042157
279041619
279038342
279038312
279038244
279038112
279037982
279037846
279037688
279037648
279037584
279037526
279035620
279034736
279032986
279032920
279032876
279032735
279032175
279029160
279028032
279027369
279027117
279026390
278810623
278586116
195657448
279212049
279046630
279046136
279046074
279044400
279041515
279041244
279039481
279038901
279037636
279037506
279037484
279036928
279033068
279033026
279033020
279032373
279031651
279029206
278731831
278731795