279219228
279131161
279084628
278843832
278710217
278665018
278090763
278071246
277925823
276834434
276451415
275782190
275503303
274948226
274826887
274634504
274607551
274554764
274404957
273448677
273355903
273043910
271411085
271223253
270504783
263068035
205986063
194104226
185271782
184782104
181122315
170708227
50883076
49910019
46723656
20704715
16391543
8312022
4080373
560507
278945443
278665020
278092811
278090771
276850097
276652097
275928713
273744606
273448671
273371747
272301564
271070949
270700125
270546222
263559023
262646247
262646206
222663386
221230154
206840670
195801298
195545319
192949684
181233138
165021223
127479166
114275091
105378738
77149793
75948580
75813209
59258215
58958172
50784535
37157427
36996379
20276181
13853023
2036449
461974
276886129
276506936
275612409
275490571
275195009
274901375
274377712
274377693
274141007
273613265
273448669
273326851
272877044
248745945
215991146
207754109
198425929
196305161
145289165
144934447
140635218
109581941
100931412
92504512
90960325
86532014
85375649
74571946
73553829
42459036
21176617
14293329
13527003
10864120
3953475
2636023
541362
541167
426595
377644
278737692
278710202
278431542
278226975
278036227
276937645
274744697
274735411
273969206
273933537
270677758
263209508
263109177
262656195
253361950
253361072
222655549
221223550
205136602
192124397
179546690
131497044
130230758
104465372
101262166
75948578
53277162
46626761
42843088
8312028
8312026
4440569
3236903
1287197
538815
533019
467017
399804
392133
389517
279075735
278957350
278761415
278238293
278001461
277921608
276652095
276223794
274743079
274393778
274088277
273746648
273460636
273394092
272533243
271585789
263351981
242222402
205696735
205050329
204337403
196283482
193433616
188712824
176832590
101995192
95311761
75948572
47161879
46626771
34844290
21176621
20737986
11801217
8312020
7839316
3037185
1559499
1559495
536003
279134408
279064874
278616388
278523189
278117085
278111199
277923332
276754997
276481854
275047928
274360389
273725394
273537980
272918201
272267675
272222266
270486574
270147272
262646235
261972199
253498956
250078327
247906059
225912306
222666162
189170749
168559526
161903988
141999012
97820566
87389625
73633328
64988210
60863041
33492466
11413606
4060907
2406383
532013
415686
278885476
278670966
278221129
278070901
277867874
277499728
277031032
276834506
276767322
275327726
273134969
271994974
271448813
262908210
252178367
249388117
248591405
247277737
216462182
209867857
203845269
195549392
186470026
186304918
174588792
165319452
162342457
115254341
82996524
22282103
14072914
11227917
10336312
10315142
7458827
3953469
2287449
1826659
436533
404969
278116065
276900136
276381655
276078380
275851967
275105095
274403555
273967104
272458003
272457999
270660861
270233586
270058313
251547350
248703319
215136656
213842351
207755518
207284582
197084479
185692565
181799262
175533270
162025769
141472522
138182932
102513013
87959721
72513195
60833234
57521536
47161889
20642861
11446557
10833324
7004269
2805823
598974
433040
420730
279219175
279200726
279073205
278961012
278434868
278115685
277544264
273599971
273179919
272188825
270511869
242077719
228989966
204875004
196284161
193670592
192972339
192951082
174104494
155370834
149153653
137481794
127031780
91986128
85923518
48608869
41097934
32546892
16445469
10833322
9813132
2664843
750555
600436
571289
540750
495715
416603
408916
335336
279184874
278400988
277983746
277916182
277470298
275747271
275550097
275469621
275022445
274359901
273520461
273356631
272466389
263372285
261834639
250103498
248083512
243090201
217336256
180723626
176753076
176168398
170325069
162259629
143034644
138330244
108684594
88998881
72878581
41061827
38493110
14079682
13177080
2664841
1617815
1029484
915426
569435
533014
394047
279219731
278907032
278854710
278808744
277539370
277397215
276756347
276503389
274735478
274615227
273481162
270703072
270503016
252098355
247953021
242718631
214597982
208739267
207281722
204875012
197098988
193050672
188713012
186392331
185711241
173093731
171586288
170345816
150789065
138214319
135238526
110267727
25906450
20873461
12141176
10706180
10226604
800672
787638
533008
279058800
278866100
278561501
277582059
276774384
276627754
276484857
274028661
271285919
270129263
263970740
262907313
250078372
248585403
248131835
247579868
246210422
230224514
230223531
207642756
190619576
185711244
176168328
171470268
167614931
137430449
136941171
132303249
72206749
52398781
41131323
20866106
17458885
11962088
7889760
7886701
3953471
2805693
1443169
546030
279017098
278069577
277936289
276065344
275704202
275255794
274872492
274394431
273246355
272209335
269947013
263104950
253467814
247287425
242505006
205897360
186318571
165150430
162340815
149778535
146224647
128817656
124242377
65472224
55062809
54412951
50356123
46344113
44627534
28967950
22532930
20915882
20578316
16158716
2805889
685853
650841
498514
495721
479128
279124107
279075731
279006261
275036162
274625963
274421786
274390858
273688249
272815446
272122715
271542038
262783967
262453002
252098083
247582989
208760853
208748442
198301581
196382262
191142506
185715404
178310670
170981942
129667163
108684589
92551515
91986457
86035673
71553537
42432119
37169413
15356801
14058009
10693790
8106615
3954343
683630
446205
406717
355026
279059304
278683517
278292177
278117316
277870476
277562816
276952060
273700064
272048191
270675220
270478980
270145062
270142516
263103173
254080849
253721340
253308223
252763824
242718633
230226984
217125799
207752606
207723058
202604492
200026727
194455077
192588728
186476086
185685733
138396802
127032998
108563017
92552031
90142216
82035673
75790253
53609073
14320954
12110427
405206
279186651
279186581
279133407
279112542
278631940
277942903
276452133
275322982
274591189
273911646
273591428
273419051
273413920
271216316
270105895
263479773
221229957
191429465
162342983
160090976
146077313
137331049
117315807
82700714
77230261
75813197
51720400
49080568
40849479
38486071
31993290
4060943
473842
440036
415697
402702
392132
375255
370612
370261
278724613
275323245
275076088
274544772
274090496
273604357
273246083
270548466
270131165
263560900
253326835
252854169
252678559
252401139
252334166
252098361
250228881
249019314
232895724
230224779
230223309
229969910
207971120
205264908
185693784
184243094
181473130
167615316
160671634
146272644
137424024
108241197
87857953
77858329
75630583
53825966
41098192
28954603
11971489
10244812
275149929
275023367
274451776
273929215
273613237
273603818
273383044
273057826
271448957
270471002
270141737
270120682
253281748
252009400
248012812
242835313
204875016
194451707
175532961
174105062
173745191
138334118
137694592
137482090
129574465
114271478
97545382
75765958
67690801
54374481
53275216
40752446
4700939
3236901
1914951
716166
530565
452693
370332
369231
278569305
276927482
276920108
276486779
276016545
275874856
275385555
275173973
274792796
273551303
273231328
271380197
270808115
270744210
270129189
253326844
253284508
250077010
248703330
248703326
230223987
217499158
210277807
208603783
204941433
185991853
176825475
158019962
128711563
127896149
127032479
90511035
33343551
20931179
15181635
11470730
7331215
616284
557305
550928
278948515
277395097
274735468
274665269
273244102
272301570
271449098
270922879
270734894
270482908
270478159
253720646
253584012
253284477
248004987
219144646
199571371
185715644
138465819
110691464
92551514
86532016
70217289
51200040
41094704
39376844
39369425
32636764
24955435
8155346
597440
597411
595978
561808
525791
467070
467011
464148
349955
345161
279022854
278572923
277526062
276120893
274735409
274578324
274417209
273951317
273881232
273456938
273372243
273174424
271627051
271223011
270550758
270228327
221229404
216462179
214597927
205018812
160370110
120183479
108684590
108241216
100958524
95218547
77965592
77220886
53918589
52678639
48480453
44888850
14143678
7886650
6476741
6091095
1559493
592814
408180
374250
274909012
274643645
274363351
273442743
273307333
273180391
271492540
270214276
263030191
262758467
253587660
253300180
253300059
253264570
252719821
252334207
252098345
248502905
247464437
246773266
229726838
215748904
208679822
203084302
200631423
189591792
189557943
174605328
167614888
166025572
137486406
102108224
95966294
95039270
92551571
92551331
68418128
68409688
68394286
20675261
276902636
276615110
276375607
276089500
275264416
274355891
273387131
273282842
271884381
271676192
270799657
248636831
247862040
243083921
230055206
215748884
215746148
209273967
205574047
203200627
202782610
195526935
189588899
186484333
181922750
175533224
174593670
171584524
117926947
113000267
91986543
91985156
91984629
89315929
88914078
68417728
58533777
39820456
33519532
1574617
278451354
278428362
277399964
276389332
275542868
274840285
273520567
272979316
272161533
272133804
272132850
272032094
262836617
259512814
253242221
253242219
252073902
249090134
247979986
247394350
243084420
242485432
217424021
209901504
209900615
198240836
190826939
186582433
186309320
186256546
163326307
137375214
137375209
127033368
115129052
95039339
91985791
91817380
28708085
22824706
275237200
274249348
273523214
273442976
273407305
272133778
270747300
270716989
270714741
270467691
270467624
270145343
270135846
270118504
263587969
259535775
258823421
255612257
255368909
253252664
253233324
253228241
230223846
229976903
209313740
207272317
203845383
198501547
186312602
181523118
180593102
174291312
162025609
138181142
98733629
50426731
49960292
41094935
32955175
3715817
275238748
275177224
274563603
273906524
272048099
270479453
270161290
270160719
270142522
263103988
257759819
254113827
254078682
253690788
253252667
249090132
247390183
243087619
229977193
229976534
229970062
229969862
215116606
209867804
209614220
203844900
197906954
186312995
181772043
181523116
165242265
138463406
138442069
138438821
91998963
53765002
20584982
14965493
10194305
1574615
278569832
276679307
274536449
274506851
273604487
273603951
273166535
271829119
271472922
270790229
270772383
270164539
270164521
270164501
270129747
270116253
263807331
257767922
254089858
253300100
253259024
253252658
249778174
248790610
209905727
207566232
206561015
185715603
137503472
137440399
137425370
137252299
88998885
65472226
51833334
32976131
23423915
8021668
3024677
897745
277614626
277614620
277613477
276128818
273725406
273700088
273530679
271993393
270747219
270478175
270131216
270129252
270123350
270122932
262756194
262516814
253901134
253901132
253786858
253326410
253307564
253232305
232886960
209867961
208652790
208652676
208314816
208097048
198901977
198897716
178505260
174518984
138465121
138397359
128711565
114944524
104268022
68394288
51929718
51892087
275836773
275663284
275360684
275356722
273667824
273642172
270725728
270467678
270142508
270129796
263207791
263097398
262830220
262756233
262067663
254080480
253601009
253413308
253326840
253309113
253291095
253040998
248978109
248502912
214732028
209275824
208917797
208652890
208648826
208560856
208206820
192623280
189201388
181713449
178571409
174101668
137453704
102075374
34917866
32901562
273713506
272429133
271585482
271216288
270472519
253901136
253413306
253326408
253313998
253313990
253308220
253307320
253307278
253300081
253281737
253258941
253252690
253239663
253239661
253233330
253228276
249738850
249014003
248502998
248131742
248131673
248012864
247277901
242070711
230329578
230329358
230206808
229976328
229970008
229809554
225385795
215738582
215389063
192623370
181221740
276128880
275863390
262830173
253414386
253414382
253281316
253264256
253238174
253231712
249738822
249660435
247906044
247579440
247277894
242077723
241680356
230341791
230341645
230329918
230329465
229976233
228989981
228989830
215738578
209900000
208591387
208224683
208223981
207195202
204923148
198897719
198868674
196669992
181932350
181215779
178329771
149404575
149377712
137592491
102074859
279116023
274930211
273418928
273186365
272123320
253307284
252099775
252084501
249716679
247948243
246209114
246206840
246206489
229979161
229979148
229979054
229978847
229978691
229970469
229970060
225202724
222679376
222660758
217766898
208286120
202226365
177315067
170467901
147723746
128711616
127031712
106362701
74686685
42406469
41092461
33735474
32955199
28736195
15356036
14901305
278767359
277870468
277870445
277395099
276148839
275189627
275083904
274930234
274822775
273849270
273604792
273432525
270692871
259567314
253284520
253284475
253273001
242506472
242506314
210418342
198898805
198364920
197868810
197675725
186738639
186434382
186433820
186292914
185689709
185679724
184873840
152485740
117035905
95225045
71979021
39367796
33343553
17466671
15430191
4407285
279299537
279233380
279219733
278009710
277923247
276430526
274587028
274249154
274090521
273317165
271245575
270213894
253466492
249782625
248978235
248978233
246208021
246206846
243059320
214089466
201112503
196382251
196382242
196382200
195637717
191149064
186165928
183916448
167609468
38115061
32976125
25933395
24957212
19763020
17944546
15429531
12502140
1358087
935489
472215
279012938
276823331
276812370
276776906
274187502
273869071
273244110
273244100
273177036
272999403
270925469
270058337
262646224
262646222
260435013
252035438
248591399
198573190
198573182
198573181
197084482
196382826
194033296
194033293
192692416
178231955
162259631
160566954
96057064
95039336
77111623
73622212
72647912
52634689
45358836
11227924
10116851
2002413
1742033
467074
279269788
279269730
279268461
279148263
279132195
278097895
276466190
275985219
275923486
275679037
275535603
275267086
275267025
275267016
274735502
274735452
274457933
273406085
273304915
272979517
271497895
263208222
261972196
248004952
247444195
241667759
215040223
215040197
209904956
181998086
181998053
169376970
167019533
140635229
71682130
44858060
17016821
15350495
438789
357832
279269010
278616436
277977646
276035732
275023126
275023062
274070411
274064166
273928974
273646176
259537356
259483234
253043289
252099024
249780113
248502133
221719132
219297518
208686270
207958464
205537695
197652288
197535080
192950613
177344535
174321391
173982694
167019519
160684823
108684607
99851362
95224921
93862443
73754054
46723654
19415178
11951801
2783117
2213697
1471857
279112238
277977616
277977342
274777131
274058632
273612492
273603814
273473857
273473854
273461344
272185434
271494876
271291321
271233158
269947055
241667036
241666935
215040082
208559422
200677716
192704884
186165943
181998049
181998039
181998035
180400042
175532880
167019525
148629730
113000439
99046098
83607353
82704410
73794999
71062560
49640977
44172764
43176185
17016831
602981
279269882
279112236
278801041
277989089
277544281
276569119
275573796
275479292
274929155
274105032
273914007
273660785
273548822
273423962
271440244
270708345
270125387
262836619
249007342
243235441
227053808
215913953
214593556
205543500
198638327
197750074
186165961
169817928
168231609
167613979
153922899
82700584
74859414
63448528
59207701
54382263
37170331
11227922
10414381
5356343
279257278
277857294
276022842
274826867
273824178
273456912
273027128
273027115
272307376
271235371
270983348
270548691
270128041
262859882
260810309
253363460
252355226
250077253
250070920
248523207
230001712
222723711
213562616
212958741
212425006
207971060
176080897
132304626
120183285
115254472
110820113
77231319
74608863
22484261
19751377
12125685
10565776
7175649
5829059
1020624
279155553
279131180
277580170
277544106
277465614
277394518
276176509
275020276
274536001
274145488
274062446
273356865
273162419
272527065
272438986
271193882
270663572
270546613
270136435
253300539
253265144
250074071
249389025
248585430
247785245
245769396
215077549
212960284
199977402
196029843
195696298
186256513
180722223
169267182
167615198
146275309
48135860
42435491
15273364
1011884
279244755
278682010
277514879
276948524
276922054
276079612
275317028
274831229
274553444
273717929
273604438
273467747
273162435
272362716
272285272
272222204
269983207
262852717
261963950
254132211
250078523
250077653
249389854
244300710
216724280
216462286
213718799
212960286
190109678
186369426
185717523
158019964
152468745
96037613
42665460
34956712
25072622
15541820
7336147
1463965
279272175
278682017
278092765
277983774
277544233
277541681
277465618
276503024
276079635
274707675
273524632
273459190
271435214
270548509
270179914
263253746
263102291
253300615
253281930
252040788
250073931
222723696
222665389
214612303
214496700
213842856
212924910
198240958
181998037
180327183
137242247
105070572
77221305
74490703
73230831
72711648
36313939
19355113
7005613
7005071
278808766
278070152
277933897
277562792
277465775
276924502
276922216
275623770
274526990
273888666
273563874
273467493
273448670
273441122
273417409
273351992
271245677
248443082
235728987
205311451
205264801
196597591
196382186
189529326
175176391
160929900
158622083
132302667
115254371
84704979
77230910
74859800
73230837
67477628
20956665
16970117
10833328
8312014
3953473
638800
279311904
277937966
274467659
273932743
273824180
273789449
273245390
272376603
272270193
272186995
270962421
253621424
253107060
246208133
209332784
202239147
197695116
197464972
197117231
195696296
194582999
176080901
171497668
151950510
142260427
124887031
120183419
106243680
105378733
85924636
85924608
77222144
76779748
70844529
50247846
45613717
33492492
11723214
10577305
6592983
279258522
279245948
279058897
278972776
275747187
275332915
275244118
274452374
274079424
273642307
270862333
270771608
270472455
270141803
263487057
263027959
262908232
253783677
253783673
253584010
253584007
253307566
253307561
253236668
253233326
215141156
215104324
214608506
209867695
196382244
194807703
192612421
192588355
189688965
182296015
138438216
101454147
100931414
72709245
33751275
276762170
275244149
275244094
273746652
273387848
271120667
262830197
262055733
259513846
258552417
254080089
253600989
253259032
253247666
253233320
252083953
248956171
248502981
247277745
247277739
232892285
232891327
217125662
215105280
209413558
189035379
186256556
181972654
181210906
178312949
174830033
152550248
127032694
114945518
68416429
33753820
33360317
33343557
32955179
11344890
275737973
274451998
270787124
270472004
270161245
258848301
254080091
253414384
253254805
253254803
253254801
253247664
253232533
253231710
249660426
249237343
249014007
248012559
247580199
247394742
247394740
247277903
247277883
247016573
247016552
242077721
230226793
230224356
230204120
230203772
229976094
228989979
215733057
215727410
215723166
208653257
186369468
185941687
137432145
102108253
253783679
253326832
253326404
253309102
253307318
253281289
253281280
253252707
253252424
253238132
253228465
253228442
253228271
249660437
249014005
247580295
247016537
243500594
241680602
241680471
241680427
230341268
229976948
229976759
229975502
225385799
225385797
222679294
214818742
214199390
208230852
207671453
204429334
202604420
200630988
198911493
198901998
192588628
181256781
171581145
278329161
277135442
276927612
276464164
276129070
274920853
271416855
263630515
253232517
247858221
247857586
246770429
246209126
246209116
246209111
246206842
229979186
229979123
229970320
229970198
229969882
222679288
222679283
213951027
209900545
209867665
209430391
208652892
200557867
193910679
193050679
188509229
167615027
108715924
92551768
51892119
34935398
17016833
14962812
525804