279282204
279241683
279237690
279149608
279134432
279112554
278993520
278907004
278860628
278831305
278760620
278491445
278089762
277358697
276823777
276509013
275625701
273910316
273135160
272582668
272269829
270853357
270660533
254132213
244168309
208917296
206840682
200938543
194960733
177207778
177190716
146762388
82996522
82035675
51244265
44976191
37169674
32219488
385268
342027
279124822
278831333
276931141
276233704
276174798
276017418
273928983
273911357
273677550
272269831
272268605
270883270
270714811
269959184
269957475
262886968
262808836
261965310
261960462
248362134
214165233
209904933
208739708
207439063
203864186
196001730
192949360
176824204
163021186
76279862
76200813
75701790
73609401
73107475
72639902
65099015
56305508
7256303
1667313
560011
279212090
279160570
278966784
278906618
278860645
278719586
277360090
277342988
276610629
274799555
274247759
273497643
273331821
270314197
261984358
250338475
249025024
248473649
213885996
210277474
209905807
209905751
203115121
195792313
167613566
167613493
157203301
120036547
101371929
92732216
92010790
77231055
65099019
64315007
42683859
2287441
1066808
1066754
459537
395725
279081421
278906616
278760580
278229274
277441644
276595471
276595443
276222735
275945043
275224117
274889025
274122790
273805224
273461262
270792626
270679033
249387275
217535512
209900558
201155782
201031631
185044605
181909965
171580984
167613485
146271341
137946671
92552087
77673512
76527956
56207381
55298778
36702105
32895642
997533
939093
625484
540147
527667
446081
279269710
279132201
278906967
278228972
277598322
277175024
277139061
276489879
276242071
276164854
276024214
274990111
270253550
262059776
259520315
253228129
252857464
249960098
247782555
243248416
229704530
213886001
212993172
209901294
208779549
201155798
185579679
182480871
176591074
171581154
167613448
166328041
152530425
30886492
14075308
12107548
1542483
716491
540136
373944
279132915
278906957
277989004
276828588
276765874
274799440
274113614
273728970
273667078
273636805
273479773
273312551
273278167
272360938
270820487
263195954
261973986
246772817
215388472
215221383
209867774
209610715
209430306
208907191
201645964
201028049
189035836
177146028
167613555
167613489
139501327
134222669
124481388
101380621
65099025
36702159
14754511
1747355
572433
355609
278906646
278228848
277405976
276861982
275066023
275006489
274866911
273558511
273509170
273498757
272454789
270734876
270442192
270224419
257869276
215476467
209904531
209876537
209869052
209430490
209349600
208615263
208568690
205071128
202161210
198517399
195801728
192725773
174651589
171585916
167613491
160591711
119064814
77221727
65099027
63587068
38110764
37134870
10104549
446375
278152291
276166244
275320973
275236784
274084760
273726896
273681577
273643617
272832896
272358135
271327661
270912211
269957697
262059772
261814055
249695790
249290869
247405501
229704268
217829191
217828912
217828829
215778914
213992083
209610671
208917300
196761397
193587852
192950645
177968949
177337079
160591685
158868240
129025909
127032513
105117747
97008616
36827338
31207472
1355393
279132954
278907012
278906804
278150341
276952578
276765025
276463046
276181549
276158302
273888563
273636761
273228952
272390194
272388550
270854326
270785807
269946668
262059774
261986253
261021700
253700758
253274622
250020150
246772788
242725827
211924888
209297258
209283229
208917324
208739145
200982905
195466074
186140007
182458790
178031598
160591629
146276787
84268082
36700831
316671
277317356
275289838
275056308
274122047
274067307
273658475
273245575
272624362
271579127
260928563
252872609
248653618
247794171
247275206
246852220
243046551
213885994
209165918
208448160
203999155
191911063
189536315
183742138
176095831
173998016
172313324
169375311
167613434
166340275
159813714
154441637
127032005
118787555
118787218
116139637
92010720
92010284
42402318
29810872
841936
278603643
277358619
275087135
274138420
273913654
273823442
273746592
273686972
273648768
273452396
272565034
272396837
270138219
254080624
253179494
252211770
248823429
242199617
242197282
222638932
209901064
209298927
209298419
209282063
208739118
200984426
176478691
174813773
167613987
160591713
160591669
158847041
143144238
133935456
128711506
115768357
73585908
37216442
33381987
32352485
273554040
273221776
272835023
270184438
263084270
262086234
262043768
261021712
259512480
254116047
252384661
248487210
247408152
247277965
221011286
216335284
210156020
209905815
209901382
209867896
209610779
209610740
209610244
209610078
209608516
209608475
209349787
209293090
208907107
208907040
208906583
208648840
207759772
202258975
202185721
199040303
184442622
178585931
77559967
30886029
278399154
278156611
276515318
274351361
274021118
273902664
273886612
273645734
273296756
273221664
272198027
271188579
270770221
270442430
268455052
262064068
261814050
260108312
252133491
247823264
247822837
247818687
242865078
209901764
209608498
208907073
203925788
194141265
190321795
172313301
160591678
137968415
116139037
75792207
39370398
37169720
32015689
24746314
20627365
13332055
279292381
279112140
278930413
278230589
278150339
276608542
276392640
274045356
273850559
273363362
272918139
272305763
272111591
270735757
262758593
262043820
255411443
253306334
248541304
244299717
209905972
209900523
208917614
208907122
208907030
208907009
208779545
206295512
201035220
199547405
195928146
192880206
190319034
190106326
177340202
172313305
170870033
1355401
1355395
553607
275347217
273910438
270790398
270693206
262895925
262781804
262758599
262064075
261960446
249827583
247823552
242075226
209905858
209904909
209904690
209904638
209902434
209900556
209867969
209867894
209867681
209349643
209298931
208917725
208917570
208738925
208648802
206205150
201929875
200969842
174579466
167613482
160753990
160591693
101497249
77231175
36701412
32075154
31207283
29810064
278813717
278053676
273726937
273646431
273631652
273537491
272553099
271134979
271072009
270679114
270678426
263968845
253043972
250505697
247299957
230012500
209902420
209900854
209349790
208907151
207757292
203084308
198858931
197744345
192975598
173985476
167613508
160591677
155256507
153038783
137941572
137191132
118787598
118784599
117073957
101304273
92552182
84282997
65099017
12485635
279292638
276964669
275786836
274106477
274018327
273696777
273654148
273459208
273216281
271435396
262758601
248754758
215416575
213557139
213441045
209867831
209610713
209431080
209298917
208906613
208191814
206204998
197558588
194860858
193565123
188428444
177977960
172313374
172313279
172313263
167613495
162399301
139983152
118082025
105265377
92551883
87632147
84282551
77561482
31207418
279293658
278150343
276379296
273708879
273221548
272447138
272385613
271438987
270971819
270853632
270757949
270753766
270701272
263644251
262886915
262758595
262043770
253264436
247951956
247346457
216333757
213992807
213598783
212564386
209901696
209900455
209867835
209610775
209349387
208906539
208739189
188946884
181699600
160591689
129138576
116904716
60706633
17456507
11584974
362494
279212043
278760882
276552237
276499278
273690180
273461897
273457804
273409913
273311093
273219933
272918151
271440301
271079240
270700202
270446524
263059021
262778826
262755253
261021657
260108299
222388566
209900506
209867829
209610640
209349778
209298933
208917298
208907213
208906652
208652894
206295514
205506367
177753719
170870069
153409143
135223627
109109471
105664097
95253719
12648081
279268719
279251026
273454407
273446289
273424398
273300108
272269837
271537957
262043850
262016756
262016745
262016738
261973988
249608273
248930327
221011759
221011458
217264798
209349458
208917713
208917257
208739202
208648684
205028915
195881389
195192187
194960729
192689363
192688712
192016349
179122900
178779728
160591643
137465707
74371331
32352227
31206256
31206230
1667311
685617
275586346
274041930
273707269
273692279
262664377
262064072
262016750
252942359
248413929
247408222
247408118
243085042
230368343
213969141
209905848
209900510
209900035
209899942
209867675
209867659
209610801
209610083
209349598
209283201
208907203
208739345
208653031
207914567
193202939
192908600
192721529
189557403
189064739
172313391
167615552
166340348
117073993
31207234
29812141
29676642
274060921
273707271
273467369
272833791
272619902
272309508
272305853
272167103
270750200
263079866
214956684
213886094
209905970
209904367
209867791
209414884
203862744
195192199
193521776
185994745
179140939
177155315
174816809
172313389
160591709
160591687
155551201
130841801
118796502
117832625
92551257
92010527
77221972
73590951
55204201
37398777
36701959
36368961
31266140
11956281
279289821
278150324
276115956
274920890
274364135
273906382
273681579
273558398
273556888
273465160
273383621
273373659
273246934
271122527
270751275
270635787
255630311
255630286
242428267
216333166
209610282
209430418
209349486
209298626
208917332
208907092
203845942
203844143
181926096
173860404
172313290
172313268
172313259
163131981
138956369
92004361
77221266
43878096
32352173
12056322
278721086
277342004
276908595
274356904
273899703
273888753
273819640
273728932
273646433
273262441
272833823
262936475
262886908
262808841
262808834
262664373
262064070
262059778
261814043
261021719
243224099
213993574
209901054
209349641
209293253
207503131
200947883
198572102
192971999
192949754
191431383
172313439
148541547
114995858
97516795
96701284
95121083
67325081
2287445
471545
279251012
277004933
270823230
209298891
208652772