278815788
278788780
278757692
278749873
278749329
277461131
274677707
274677413
274675756
274675127
274364550
274120391
274118488
273308590
272558540
271444668
271427040
271356438
263436183
262971963
262305692
198562125
177659932
95543513
70738937
58710938
55289007
55288748
51031181
50361796
48755614
48755144
7955073
974657
719829
555788
420890
420780
416419
331578
278818770
278730299
278160916
277461233
277461214
277461213
277460281
274675684
274168823
274163026
274031083
273307986
271444693
271363615
267342669
212961697
184831419
177659936
177659931
177659930
177659924
153921155
58710657
58710562
55285980
48754836
25204190
10801193
10788082
7707785
2209203
2207711
2175519
416439