113655308
278788136
272830387
276597652
271222104
278699229
278737067
276645053
276391688
252646077
174603536
278698609
278769011
276111601
119348169
213893788
92499739
274883241
279236922
192397601
121157177
275013148
271199520
270081138
279184837
270229620
278698529
119363137
278695009
277484449
278812706
119087708
272831380
52806371
402383
276111743
270111266
271316647
119451408
163477094
277870404
117045353
119449775
277716774
277598908
274634461
257846842
270296346
274917006
71896251
271320669
274544362
271974312
271313294
181120836
177782781
270131247
260669348
275203791
253058458
271321894
271165290
277341365
139653584
197966852
276295217
269851990
277621911
220820776
112056449
175446285
276364093
271102496
123118878
271126541
274679203
262898074
276117767
274634464
119446030
274634460
278755547
274272476
119445997
220765106
205116961
277327194
278766346
279236907
164755220
274709433
271194949
277327493
113656892
252159340
277466710
278756419
198578818
274607493
270442233
270787669
270981284
277017658
274634022
274161279
278731966
189603310