278790499
270287127
277269518
532700
270442485
58246541
276236202
23179050
274179239
270487579
274405314
278786752
225386298
278379133
277381084
106074128
270773859
279113739
270803230
174319405
275752807
276236072
92145844
271319520
276236126
279144659
270115182
214856953
278070477
279083655
279113737
270974347
274607503
174515889
278070644
986248
23179015
193107867
270319661
278070579
276237667
271379551
279113785
277381025
225386191
279115994
174319431
263244350
270477807
279113735
270111634
192884966
279046953
243079099
272126522
270471465
275428253
270477833
278070660
278938970
276448396
276236258
277381871
225386234
184284086
276236212
270068881
275428244
275201125
195567884
190335796
270458332
276237731
278070564
278070673
278379160
273398517
225386507
188782828
23549246
270441806
271123131
252066008
184240420
278431484
225386392
272128838
276641671
207206885
119087290
186618215
270460506
278938961
276448457
250335220
225171368
275752846
270848281
276376216
271997519
277607508
242146069
193394241
276348563
275786344
278808860
270441677
275873937
276448465
278070581
213858275
222616783
225386740
275287279
279113781
274075354
276915780
278718604
276236090
270445168
270107018
270075650
275281044
263113026
275284848
225214496
243084629
225266724
279149849
48018650
270465280
263209703
252162181
252672574
276915149
200848799
276851288
1325399
193724509
203145391
198054436
276591251
279236046
279235958
21374004
179758064
35166670
242165954
225191484
276237428
195788171
197725429
277381053
276396262
270097235
271329508
270767741
103400519
164839573
276801970
225203310
212438559
225386752
263044414
271164495
168899471
273585809
225385650
271379184
252674991
252161980
188489963
21739535
276915786