279153090
279144606
279132867
279100264
279083749
279071331
279069628
279068786
279067149
279066618
279066592
279064925
278871198
278819617
278818801
278775623
278765416
278765313
278724798
278719756
278590909
277819012
277818897
277808897
277779024
277736910
277587758
277587600
277575514
277575387
277575378
275088924
273324917
273311008
272559642
272558543
191780734
99993933
91988223
24744664
279067344
279067156
279066590
278817023
278816077
278788569
278765386
278764719
278764605
278764576
278722634
278615058
278514953
278164433
278112583
277834158
277779014
277575497
274135258
195696939
141114819
60397564
26422880
25202532