278722642
2438981
278957667
279045074
279177334
278147465
278816835
279044566
271364363
279032737
279045050
267259811
279038054
279037486
651245
279044414
278076287
278096767
278819592
279262167
274677736
279041747
279044328
279032924
279037006
273371804
274673646
277933475
278110682
279038266
276048660
279038310
51991068
274677876
193102116
248761688
118522621
270053268
171592610
191779922
279038146
193109435
278109143
278722661
278720465
277978238
279046294
31934715
279037508
22966754
274677947
279028861
277739687
278004984
276048640
279041821
117980926
278113065