279184839
279124622
279016713
278933053
278904825
278237841
278227627
277232114
276944803
276944801
276485216
276025684
275885313
274063224
272832313
271343776
270701380
251003008
250073918
206474385
205195158
204428499
195545340
188409793
188409197
187827447
168559521
149257065
53667449
48265395
45493253
24858955
13383501
10565506
7496297
6845785
4059689
1708917
696241
653849
278961010
278769860
278700977
278572895
278244965
278074403
277857320
277233454
276944797
275607086
275387468
275069356
274819243
273641118
270645990
263680972
263584582
259821348
259821346
257855761
253414492
235728520
206123308
199739997
189473586
188410306
184518210
176726752
171097944
167613977
149534861
125512833
99056611
85255672
71983783
57219176
52725156
24403750
20013867
1052704
278940768
278237835
277718625
277514028
276957934
276802023
276598839
275705913
275347674
275340661
275308202
274886615
274819892
274369157
274034093
273622087
273418873
273365526
272554869
272554868
272362373
270852006
270808461
263101604
259821344
214932985
213860874
210755907
202529285
201293297
200766406
200628291
194491262
188408919
184495969
73633448
53833183
53825999
41209152
10593964
279148492
279122887
278498899
277730243
277445229
276636753
276496345
273851687
272554876
272382804
272362352
272227211
272198213
271518306
271087887
271054212
270712467
263107013
251920142
248293479
215752316
214835766
207892569
207795226
207035128
203843980
200628293
192949763
188412827
184090749
174896100
149534855
149411606
138183404
118085032
112193567
68688359
68446020
20013856
7392665
279268105
278872438
278778060
278740211
277730188
277241016
276944795
276905675
276896344
276567837
276548480
276319850
275478835
275357831
275341558
272727580
253043524
247322209
222662822
214067763
210942056
208648766
205696923
204832179
202769856
202387999
200791389
195801625
195464471
190619570
189604430
188408635
183230541
167613921
162772988
157711391
120476162
106363530
91985566
74571424
279192360
278716937
278714808
278610898
278610435
278130955
275987386
275936495
275341395
275324515
275229808
273553078
273404994
273152169
273078992
272455209
270137183
263107319
263107017
257848066
257847548
253632116
249953708
215752277
212323343
210274765
207018853
204050227
203845666
203504611
203201373
202224401
201841925
186284958
177887852
173637079
164323227
127032189
31207331
20013864
279232777
277730255
277292712
276944793
200815433
183230539
128711535
127692569
124884251
36759720
17919575
8025970