279262311
279188437
279121212
279116173
279056293
278724730
278724728
278721570
278711641
278311293
278249907
278100492
277938216
277891027
277357562
276800052
275264317
274035449
273911617
273819808
271924618
270442404
254132152
200678906
199547427
199544136
199030589
198889496
195901919
193433863
192048665
187934204
167034139
128649312
75639706
71062544
58709057
53434797
27582931
17954914
279260444
278130368
275576874
274185495
273822920
273712466
272584096
272477262
272391173
272307363
258752536
254077853
253349699
251577304
251552348
251395715
242760836
242075173
215561718
209870618
203841258
202328942
202064524
201091337
193513871
193210134
190725492
183683479
181562804
143370824
138049945
114907812
111223251
109882306
91759395
77230816
45728239
40981422
20288915
16833414
278731648
278477205
278325750
278251579
274820263
274175314
273851554
273785597
273737631
273690628
273221695
272856704
272839036
271659336
271416350
271122502
271042753
271042279
270481042
253232307
252400557
252131443
249610753
246397833
230009473
225961367
225961365
225961363
217525189
215727198
215720852
214200154
208565125
194769569
189463335
180582823
178932912
161541418
77231777
37939490
278831628
278156621
275133773
274875142
274037332
274032514
273913806
273519430
273411852
273386504
272477267
272392020
272271604
272237279
271846123
263208179
255605488
254080895
253211387
252357181
248547188
225961369
225200822
215726898
209418723
202065582
201291813
197604843
196932299
193909508
180346846
176897873
152380024
114945439
96027966
77231656
76213079
72819401
50242620
20287068
279260434
278814542
275805246
273982255
272835070
272385956
202706663
201291797
192949019