278095948
278069149
277363055
276477214
276048682
275885335
275803111
275526674
274675438
274673827
274142232
274142218
274121211
273305166
271476980
271408275
270052860
263256273
225932894
215601682
215540817
204439184
204325619
198564635
106996645
55289497
55286460
48983690
22856437
7202941
7194143
7193907
2865529
1056110
565381
565377
546193
525884
337704
314061
279071990
278826886
278069167
278058873
277370280
277364482
277364458
276849135
276831325
274676622
274676186
274674876
274143095
271477078
271477016
263076429
261157176
253944499
248762681
248762228
209390637
203422646
197821188
195994079
195994034
191714363
173096152
139527909
90430940
58710399
55285438
48983767
41584995
41375079
23437802
19889084
4621039
484674
339547
337789
279130834
278113462
278069153
278005309
277180539
276849147
276831321
276598569
276099318
275857202
274675512
274674675
274673407
274462651
273305209
273305193
271476998
271378308
271316180
263209025
262705007
249945576
248703392
197821254
197821186
197687635
197687606
197687589
197687581
196203628
195697015
193233126
192989928
192988886
115968391
55287627
22986636
10183826
2049051
1586105
275859323
274677617
274676029
274675688
274674502
274453134
274142621
273305216
273305177
273244269
271477062
270845650
270053180
263246688
261157801
250336193
204044677
203422592
197687690
197687672
197687668
197687619
197687587
195994119
142481115
102133248
90447334
82388499
59297402
31825009
23438067
23010690
22987227
14114130
14016543
7202937
3072569
2846015
424872
313711
279143542
279072012
278863096
278697916
276831319
276288311
274677643
274676762
274676677
274675770
274673837
274673813
274673694
274673654
273314832
273305191
273305187
271477090
271477052
271477046
270053186
263098559
197821272
197821223
197821203
195994093
195283746
193549176
135544705
120471947
58710962
51990818
44173054
41580184
23437598
3081253