279040085
279038090
279008017
278795634
278795592
278795390
278795388
278795382
278795107
278795103
278795099
278795097
278795090
278794404
278787923
278787917
278722688
278099343
276637610
275219247
275195020
275107629
275107426
275045256
275031932
275002442
274766257
274142457
274142352
274133127
273598122
273391911
261798518
250110792
249036009
192990251
106363564
102405617
100999690
99375051
279038382
279034907
278795577
278795569
278795386
278795380
278795093
278795089
278794402
278794398
278788567
278787935
278723432
278719651
276178348
276147814
275218829
275031693
275020751
275020681
274804746
274804736
274765455
274550652
274515286
274430177
273696878
272133808
106361219