279202678
279057879
278703579
278681245
278681215
276586978
276586977
276586971
276375195
273384707
252062214
248544490
204000450
196150460
196021489
177117482
173137642
101548572
89402951
71898409
56727595
55071991
34746088
11472231
10411544
10281630
8121460
2987229
2987223
2987221
2210651
1864761
1864757
1534617
1534615
1534613
544731
540040
536558
459071
278682343
278682339
276586983
276586979
276586974
276586972
276481950
276080823
275893217
275893213
275893209
275820860
275399536
275399535
274992213
274034118
271516022
270796318
270678249
261151715
247935568
247741449
229704844
212215068
212214991
192950522
99944793
89402956
43833696
30989596
24823730
20084848
19297957
19297931
19297929
16135294
10411542
3344267
3344261
3174737
278526498
278500593
278159876
277443910
277387370
276584798
276430793
275893208
275819269
275399537
274846680
274708815
273434618
273271836
272226754
272126554
241806237
207395716
204417000
192950467
168303312
143714360
106190070
99681081
99681036
69908762
59342294
52498665
50685626
43950747
43892939
42735005
32415084
25408122
25407972
14187698
13425903
7239093
5477709
624774
279008517
278533352
278526466
277390677
276458413
276080795
276080633
275893214
275750658
273670926
273441138
273434656
272856936
272671433
272165542
271539069
270708386
248789019
248544507
225231448
212215102
206491185
202781608
201243454
201209998
193322082
169262882
163739617
131376478
125095926
63670237
50954045
49181157
42740570
36368691
36257664
13761542
5502697
2211311
401634
278528082
278527345
278505445
277390680
277390675
277387371
276827480
276456415
276054530
275893207
275820845
275819267
274858820
274757392
273434630
270713774
252974657
247239916
212324108
207395724
207395722
204941471
202781429
201243651
201243538
190231753
173772416
173771958
122948908
104030066
67088648
58078938
36258383
25502809
25407988
19448442
13761536
5502689
3344265
397061
279308551
278505410
278504963
278448749
278040089
277390687
277390681
277387362
276663633
276481952
276458417
276458411
276458407
276080723
275007119
274708566
273675937
273363623
253071235
252976936
252974956
249875523
247238696
247238640
247219242
208778487
208778481
207395708
147568310
142872997
43993149
36705059
36570366
32586914
20865203
20107632
19449642
10772084
8109416
507027
279308505
278632691
278527343
278505166
278505026
277846320
277807827
277807823
277387375
277387369
277387361
277039332
276458415
276458409
276458405
276458401
276305407
274720544
273550375
271424668
270663208
270502883
270224613
258327429
249891130
248005102
247219221
242693574
225230190
99681097
50425777
32586856
25502776
24894723
16932476
14188066
7011307
5502693
5477701
532141
279308483
278531014
278526350
278524793
278524203
278505293
278505081
278040100
277390685
277390679
277387367
277387365
276685011
276481954
276080811
275494814
274719789
272165490
252659054
248544511
248544484
207395714
206491189
203945187
180327191
116167328
64887220
42740359
36569447
36569393
36258298
36257995
25978439
23093566
22481087
20107681
20104759
10639998
7933986
7164099
203039669