279184833
279169731
279072969
278844158
278788408
277810974
277564307
276594767
276310421
276292815
276275555
276229518
275609715
274951977
274190918
274022455
273879859
273306728
272831371
272831322
272831241
272830530
272829533
272420187
272391549
272244043
271318076
271200329
271195074
271164130
271114460
270442046
270249524
270123146
187264606
136009381
76394647
76393950
58565457
55511819
279291394
279184855
279162929
279162914
279162339
279162331
279162272
279162257
279162235
279075996
278818807
278733168
277780252
277416115
276859599
276275707
276234491
274661745
274113576
273989048
273825517
272829741
272243640
271973517
271205569
270766097
270444772
270438004
263082223
257833902
252676894
195430133
194953499
194953353
158774685
143796542
95194460
79909715
74458670
73475677
278818803
278733184
276310370
275870366
273306699
272402597
271200826
271199367
271195038
263083213
208778396
198559461
186234897
171585937