278692256
278042151
277914876
277914851
277621647
277471649
277471563
277471549
277358995
276645905
276306143
275853528
275332769
275303225
274069427
272854044
249775039
195801293
138190089
97815113
68984111
57037224
54455172
54455168
49994423
23226938
7203973
5812741
2805527
2225137
1686729
815210
605888
597044
589419
568804
550201
521179
512733
503787
278831759
278831757
277505567
277471969
277471908
277471881
277471795
277471647
275966256
274084748
272185110
270925769
263327365
262903766
248188006
219157238
206205158
194451549
192986779
58802094
43986351
42690045
5953189
2225135
1826649
1703183
689360
680801
604338
566483
566283
563146
563128
549775
535117
535097
534977
515463
512256
435144
278931960
278147379
278139984
277717671
277471791
277471681
277471595
277471541
277471524
277471485
277471442
277388170
275191354
215555652
214889687
209603425
196936999
196280103
195969710
92901038
85065843
64700137
46332530
23227042
22634339
5413739
4362013
1826655
1344915
828641
777456
777399
605949
534897
534888
506062
505917
505898
491674
484010
279191149
278147203
278147049
278037694
277471869
277471818
277471592
277471583
277471517
276616250
276615298
276065492
274881869
274123269
270300518
262972582
262783965
252600880
196048740
173449306
169314372
85065845
85065841
77928485
66654459
42659736
42659717
23462314
23462312
11747460
1826647
1651901
777436
773727
605855
566479
566155
534817
515466
474770
278247936
278139978
278037714
277936338
277914880
277471960
277471932
277471778
277471735
277471731
277471533
277471501
276621985
276291619
275023561
273886706
271367408
270116436
253258086
235878771
199706223
196409866
184101368
171580735
164454482
146271555
66617898
12290193
3906209
1409489
1408963
1344917
777396
544735
535064
534691
528299
506664
506659
426276
278714870
277471971
277471954
277471920
277471916
277471871
277471831
277471815
277471807
277471787
277471736
277471679
277471597
277471580
277471521
276311343
276158096
275482254
274355970
273666317
247933410
235878617
214915778
195541260
190502217
173422362
92492874
56086356
53013542
20448131
3908963
816744
625647
606605
566147
563142
534772
506991
505927
429487
279209349
277471926
277471800
277471757
277471717
277471711
277471703
277471661
277471656
277471553
277471539
277471515
277471495
277471464
277471409
276963592
276559911
276488553
276482871
275008986
275005393
273724993
270703834
270459799
262904422
221222651
208917649
66633161
48983406
42690049
1733231
777405
704675
625452
535080
534943
534856
506706
506025
486605
278037527
277471953
277471948
277471943
277471942
277471938
277471934
277471914
277471911
277471885
277471879
277471877
277471875
277471865
277471851
277471847
277471841
277471839
277471837
277471835
277471799
277471793
277471781
276968042
275771484
274249203
274059024
272474261
270922710
262821603
262821598
262457325
260798021
214921419
205707887
195528816
193758287
181224466
138313219
137481854
279131872
278458273
277471936
277471873
277471760
277471729
277471700
277471672
277471435
276914833
276675795
276675774
276645922
276482866
275506169
275413915
270715739
270708380
262899507
247936381
247935581
212484439
196049861
195255266
146271762
146270698
146270686
117720282
62285591
47184484
36852921
25494697
10005267
7978786
6361625
4751143
4363833
1392975
505838
355551
277472029
277471982
277471743
277471727
277471699
277471697
277471687
277471676
277471645
277471584
277471531
277471513
277471508
277471505
277471503
277471474
277471439
277471424
277471415
277471397
277471393
276636775
273452813
273434648
273069932
248498882
247900204
247561468
203945199
195527623
136313449
93848166
92494210
42659746
32955113
32955105
22634353
4363337
2225133
403761
277471983
277471977
277471957
277471951
277471924
277471909
277471905
277471900
277471891
277471862
277471860
277471853
277471823
277471813
277471755
277471693
277471667
277471653
277471586
277471575
277471571
277471565
277471543
277471428
277471422
277345257
276525769
275987161
273746587
273666307
270490722
263097954
262821590
242175087
209295342
196854449
196854447
185052741
42689443
33343477
277471940
277471919
277471918
277471897
277471896
277471884
277471856
277471845
277471833
277471827
277471805
277471803
277471789
276744999
276636777
276488567
276271714
275498407
274892966
274249213
273980415
273667217
273667207
273550349
272270557
270726149
270708457
270490733
263514450
254093445
254092816
247816004
205705253
199536487
198644537
195528818
181224649
6361649
1753101
1651897
278507131
278148919
278148905
278146927
278029234
277471749
277471741
277471715
277471709
277471704
277471683
277471669
277471663
277471651
277471568
277471493
277471487
277471467
277471446
277471431
277471427
277471410
276675785
276290935
263105132
251547286
215040032
196579396
190502204
168222045
146273806
92492877
77627212
74866085
23092079
17614765
11368903
11106441
10303683
508066
278793678
278692260
277809814
277717646
277471750
277471739
277471733
277471725
277471719
277471675
277471591
277471579
277471561
277471534
277471527
277471507
277471480
277471447
277471433
277471421
277471419
277471405
277471403
274114793
273678351
273666297
273666295
273452862
261942587
253412731
249050838
249050773
248764368
248208021
216288759
196548120
195527611
181453988
11368909
10639984
278226618
278022954
277471973
277471967
277471964
277471963
277471959
277471946
277471930
277471904
277471901
277471893
277471866
277471859
277471855
277471849
277471843
277471829
277471825
277471821
277471811
277471785
276675801
276675747
274893216
274856108
273304893
272620943
270852612
270177603
254078666
247792777
244331875
215636773
201602925
198873008
195107785
193712852
170064517
146273836
278139976
277809783
277532177
277471994
277471992
277471990
277471986
277471523
277471437
277452865
277386809
276914840
276675826
276601877
274362335
273533787
273372402
272967921
271103861
270457345
263104952
262455970
261839544
252000113
248880616
248880584
217577412
203084134
202961557
198057985
193925281
155531930
147976330
146274187
140743115
140740488
80944005
42690053
31514665
11110119
278451252
277614616
277471988
277471759
277471721
277471713
277471684
277471671
277471655
277471589
277471577
277471572
277471550
277471547
277471511
277471498
277471489
277471482
277471479
277471465
277471456
277471454
277471417
277471413
277471406
271366579
262757659
261962551
261942590
253057666
247570814
208559381
167613999
117918075
42659720
33360301
32976058
22634361
10639990
10639988
277471723
277471695
277471689
277471659
277471566
277471537
277471471
277471457
95070171
76737960
54455166
11368899