113655001
141837620
270113245
273446136
274420148
602644
249875164
72947198
113655533
278761529
89041426
181782250
276622543
272128970
73263017
206236895
74690060
273027264
270113249
270130044
270791165
243083203
173969993
272320433
74687334
58546803
73265938
276119416
278737349
278098169
72453854
191088292
58245834
113656189
271433546
5909003
117079901
278837232
117078219
270826711
274690699
273493438
277411992
113656455
181473031
276448428
199165696
193691678
271316414
185044436
92518623
403001
56602532
261257681
117078840
74686571
249204658
437528
58621057
271116152
109335325
252596668
263861688
14710086
403813
270880954
74688966
270766818
141799014
273022089
276422475
132841581
272429886
72454134
90072631
270299307
271270281
402457
248861528
92499921
92502252
149525558
117079056
262427382
168900620
195787742
206230672
278851002
277480114
272128708
195947963
273942937
402497
253310334
213684824
270436075
270099464
273341086
186199794
209888455
262427204
117078988
185447046
247311520
189475668
270468003
262456497
276292581
119468791
271102669
22228504
174238776
278561539
278561631
165701866
274036588
262603273
171618449
270299328
72454303
271144769
72025117
271328434
49837187
109392637
278561587
271233393
402267
271197844
214199354
270469490
141919587
75751671
75626990
176099801
252631657
184633466
92145952
279160677
73262759
273978907
270803816
263266178
243732948
270165363
195668983
270296487
261964728
402107
119479597
270468169
192398103
271192247
270436320
194154937
271127084
124638102
270435739
21821954
271237102
49834684
174319244
712862
22222835
273118942
253176783
195787425
161413594
278768328
158773408
174319442
189172009
243045272
276119511
279160673
42684165
75540522
213857252
274496441
253183276
174319221
90523883
402779
402059
262640421
271143072
146272273
171585875
72666052
278093575
195950253
193717254
253310019
270983082
209869040
276119780
276294945
270437135
403233
270249664
270435188
257846999
71294040
72478188
261944818
78905710
196291912
253310114
117045397
270465683
190302763
276119957
199518449
271999999
269955239
270334406
277346885
92499868
52669600
261944907
402961
271369115
278277703
270249506
94646257
75617106
275121074
214501439
109398829
109392185
216216675
270080971
203213521
271189776
271350413
270436782
191136030
272035337
262605255
276422731
271126185
92499641
108957056
103512036
273697479
73262885
117083937
274024087
276448390
270767848
270471770
181774489
271143722
269955288
74690289
276177687
252575524
198270722
174319162
403211
274371736
271194964
270435813
72025427
270283437
270335547
269953323
269955817
276294833
276160002
276119932
252632324
270881538
271519707
195783784
270767822
271265002
198238527
165700865
243120956
92500090
92206811
225386352
276800656
263113077
402679
276389477
181752590
274287428
181123512
270119146
270136169
271143747
194036116
184415236
273083089
73674594
92145618
206240327
190861955
75618391
263006058
275119985
403182
276621969
402161
402270
402455
72025284
253187943
278772358
177644608
271222291
270436836
270249576
276139025
193393780
250977664
271070554
261971819
193395342
196551957
181783042
143144233
127032748
203936256
270127265
271966932
225386714
225386527
275120859
124635904
119447189
155255876
163476559
75948524
186187387
275121117
222618509
270715541
47871687
162371509
274900860
276389568
72573019
173820602
73265621
136942666
270989129
179764520
119446126
249938248
175438819
181122187
181923976
271082370
271269994
271164837
271321896
168657806
181746287
271152531
178033290
187398122
269955449
252458615
252012132
270767725
277364333
276119898
278788240
252636875
262640413
191021695
271379786
262651237
165702956
274868061
194147691
192643802
103524571
262640363
262640402
197530269
262640411
270075309
271194845
174624019
92163861
225385644
194130447
270075858
193110519
252673224
252673723
276048810
273245879
271327510
272056925
263344975
22222839
195874228
112059233
117080141
271487032
117077513
278768968
276422360
90986038
272897154
273950956
119446166
187403661
149526254
75757753
109576725
71308674
270767085
198481366
181745741
181750804
271145796
271144561
276251975
262640400
272053802
272053793
198269722
272566000
190124164
186369506
174319131
263063953
194563236
247681784
271660673
225368113
225205477
192287373
263264934
275120852
275120873
272443989
275120183
279184835
219156900
207563714
119348868
24489982
73726697
136942933
75948755
74459612
277460907
276389653
276304762
186080629
253188034
271305062
131192597
262726295
58442040
278152799
270131507
276046648
276449587
270250402
23549254
96925334
54683108
199516015
270983025
276118751
222662512
73267801
72032971
270798266
274692439
252575476
181185871
199112552
181223406
271144134
270298922
190156571
270828768
263680688
160821451
127032272
271299455
202529650
271328526
198527196
276294790
276139032
276295381
74731993
276295058
271983906
73263165
163476213
114951715
271127070
210402346
74459955
273241673
161947049
276245556
278171022
202999642
271365549
143144371
276245325
117077804
213936893
271165062
188410122
276389522
276135343
198642718
173137635
74689832
167316105
74859150
225385638
193724488
271163353
195573477
272830127
177779017
270109061
273185122
1275139
270804048
225386212
276159888
272999789
178034163
252584526
271356488
271510741
270436302
269953431