279106118
279106114
279106078
278972894
278151963
278076846
278022880
278022870
277810652
277810650
277810648
277810646
277810644
275606996
275385110
272853976
271479313
271479295
271379040
270823649
270671040
235368502
216096894
207660652
206480559
206331248
178777155
149125880
137486372
84452630
75983556
62633910
52805065
20488863
20487290
13415209
3284001
3283685
3283667
3232085
279150177
278603971
278076950
278076844
278022878
278022876
278022874
278022872
278022868
277810656
276557310
276502518
276458845
276458843
276458841
275942216
275942212
275606994
275479272
275479270
275291075
271428958
261957840
251998840
248362144
207699229
206482094
206360959
175533762
175445727
137369093
137367821
75715372
20487312
3284755
3266011
3266003
3265999
3232089
3232087
278360830
278076890
276557308
276461097
275942214
46107058
3266007