279113144
279113142
279113140
279113136
279044376
279041929
279040407
279037190
279033788
279033260
279032914
279032581
279032565
279032353
279032283
279032219
279031876
279031677
279031571
279031459
279031355
279030754
279027817
279027007
279026995
278997039
278952481
278153947
277591526
277451030
275143679
275030556
275029687
274759128
274405066
274143832
274135227
274100095
273305495
2248841
279042183
279042001
279039733
279037496
279036922
279033964
279033402
279033384
279033268
279033138
279032848
279032693
279032685
279032643
279032405
279032361
279031641
279031565
279031515
279030812
279030740
279030562
279028014
279026356
278943038
278154023
278153749
275030528
275029143
275028833
275028137
275025358
273305247
116287660
11801656