279076711
2207741
57771444
1667307
193988315
190606411
145288026
477670
278828761
275960182
209603391
195952820
114832714
276746162
278249906
196315289
279090801
276735549
540293
253284500
276800955
276800901
278989416
278744203
1059888
276746016
279098081
270253559
276746132
278989383
276735441
279189714
276735703
278994020
279009910
274024798
420462
261800456
276736299
279258730
273596567
273475664
1732997
279204281
275707799
276736341
276736349
198511364
263703150
275542688
278989500
165038803
273596563
276736468
276800923
276800994
254132132
12104901
271758548
276735535
273849787
72338734
276740283
276800931
276746010
270477809
262557432
241963666
276560058
249205049
186495815
36700779
276735517
208314774
494405
276735499
276191219
277730885
276563697
276736339
276739517
276735773
276735449
82700696
193640390
252011898
276666531
184301697
279128085
121185786
276738961
71172679
276736309
276746002
76552622
276740343
276801039
168780454
253248319
277043039
276735700
276797963
276800913
241668324
277727778
249347297
276735634
276735403
95306065
397730
273187678
253129519
276735737
275967427
276735439
813488
260933283
127032028
262839157
487750
262452074
163685252
270715973
275882454
276739525
277963700
275360972
273728960
274096597
277966045
276735679
271950417
274170491
222678443
74401779
247263430
262766973
203085208
275965573
521002
276797945
260933289
2719955
409383
276735717
276740307
247263426
161947183
210760870
1338983
209905785
276738806
276735467
276735573
276735698
276735621
271454497
275867925
222638951
72955604
276740327
276740359
275493547
105540385
273728950
276735567
276797949
276797957
276735825
208592942
276252125
206995106
276740304
273476166
250071048
242443944
168780451
276738909
276735673
276735721
276735641
199048872
276800925
275921388
272863985
273668296
249050928
276740284
277459525
254132201
273728988
273302255
337548
198889596
276735459
276735605
276735553
277269534
276740291
276735597
276735662
276738886
276800978
276736949
227637788
276252303
429681
276735436
274025016
273713531
257782042
202529503
58618215
273667708
186369560
189228734
242772299
276739509
276740312
276740412
176779817
277810536
278160918
275385390
1667297
260933285
3738969
273668197
3738965
2546863
276831471
276735690
276735659
278151935
593366
276738927
276735685
276797961
276739527
276735411
276735645
276746004
276735823
276746046
263098281
276740329
278848739
276115053
276736361
273952618
279077899
273377201
275924296
240510247
249026471
276800963
273952084
241961901
223823586
276735771
276735491
274024733
273667407
278739991
276739538
276740289
127032429
273728980
203913574
203968181
275479238
184075999
19343261
532035
277013649
270769136
591850
259519035
260933280
276735559
276735807
276735443
276735649
276735697
276738930
276745990
276746070
276735803
276735811
276735705
276735407
276746098
253044505
276746170
273221837
276736357
276800986
253300471
225266028
272863930
186957208
217419850
276684994
275965205
249940520
276834256
276739515
276738798
276739588
276740394
161946067
412990
417623
593370
409304
276735457
276735713
276735669
276735547
276746050
276746026
276736271
276735667
276735523
276738940
242228236
197641735
196488057
247783063
276800989
253620230
276736456
191808086
260669078
276800933
276451181
213964492
200039181
272073289
210884387
273929852
273929948
208432659
208175861
37216275
215392264
274917310
132302666
188701188
253889610
176748168
202961659
274029133
276738883
276739521
276738971
276739601
276740308
276740333
276740341
276739592
276740315
276740334
276740378
1732969
276797543
276739594
276738959
276740406
276740363
276740365
276736327
276736305
190289042
252011534
202604267
216934901
172024968
196488192
273728944
277392842
275479240
115254486
270771707
250078237
203844230
253411527
273718251
252639476
270790952
203846730
261813601
249768318
275385342
168780457
196315287
252357135
235736150
263510702
273729062
252062322
208097081
531687
263085113
276735460
276735751
36701113
276746072
276746014
276735781
276735655
276735611
276735581
276735575
276735603
276745998
276735463
51551922
276735739
276735661
276735779
276735785
276735829
276735783
276735787
276746006
276735582
276735433
276735455
276735465
276735427
276735415
276735531
276735469
276735671
276735651
276735757
276746000
276735625
276735639
276735417
276735609
276735541
276735563
276735557
276735633
276746058
276735719
276735800
276735687
276735735
276746022
276746029
276746032
276746043
276735642
276735628
276735479
276735435
262852695
148598597
274169011
276746108
276746150
258215796
207257116
37468657
276736325
57771446
255430462
269988233
215390209
125740343
276746166
273377276
276746079
273348323
276746096
276746114
202783649
270206762
279003936
276451156
203846996
276800991
273268509
159867718
77221201
49226540
276746148
276746158
276746092
1677913
276800967
276746152
278120774
276746081
275838902
276746154
276746116
271408183
276746160
276746168
270989234
206483801
273785856
263291698
209273858
195547459
58162991
253265746
273667734
209867702
213969504
275965658
137136470
275967374
209298723
263584290
276753994
209902428
275906249
189234599
279175674
197500058
272310297
276080639
273467829
188751730
262394059
276739562
276738963
276739539
276739519
276739597
276740331
276740297
276740408
276740351
276740398
276834073
276738833
276738800
276740357
276740325
276740295
276740355
276740369
273567107
273729026
276736315
276736363
276797545
128711543
3620873
73475125
251999874
251533669
274894553
205883930
197516083
263303956
277723274
271434953
270234084
127032731
255406754
249764312
248978435
90619021
276735791
273850775
229725709
270173323
198889577
276831463
254132158
531695
171581090
225195107
247938838
171874355
227756856
276735533
276735727
276735646
276735789
276735551
276740301
276735481
276735755
276735483
276735425
276735631
276735805
276735815
276735510
276735537
276746074
276746056
276746040
276746028
37134911
37134820
36701059
276797951
276735401
276735584
276735677
276735723
276746011
276735744
276746017
276735453
276740376
276735561
276735521
276735729
276746060
276735444
276746008
276745984
276735753
276735493
276735711
276735475
276736472
276735431
276735399
276735447
276735577
276735509
276735529
276735767
276735768
276735777
276735675
276735683
276735681
276735831
276746062
276735539
276746036
276746042
276745982
276735775
276735809
276735725
276735799
276797940
276797959
276745992
276745996
276745994
276746052
276746066
32079128
276740292
202707579
271408217
276800969
276182143
199969124
271918666
276746104
198928238
276746174
276800985
225274204
276800997
271408219
125737899
276746134
276746138
271918668
273899709
54598823
252033715
273292689
276800917
276746088
276800918
276746172
276736375
259519033
276740404
279280252
252755681
271785853
198481158
224033249
276746130
1038496
270132683
270116072
272267678
276827157
274024819
275906011
278989342
277269564
274858696
211008118
247330586
77746981
273929445
273537448
208435718
253412910
248591150
201055588
251577319
275965433
263584529
276263867
188575759
243808008
209430304
177339074
273839987
31261842
196462622
262010380
276736307
276736365
209388501
276738925
276739523
276739596
276739531
276738969
276739600
276739542
276740287
276740299
276740335
276740339
276740361
253411510
277539980
250692425
207515303
208411785
278076858
277511727
225104715
217529046
276292406
249277111
250015651
273690708
251263383
8093142
207566428
214188585
109323488
270501990
242693632
572583
269946730
253040758
274143899
277541741
221266711
276831473
276831466
276831469
276831465
276735409
276735471
276746024
276746037
276746020
276735607
276735527
276735816
276735693
276735741
276735731
276735589
276735511
276735487
276735749
276746034
276735419
276735591
276735657
276735497
276735485
276735405
276735664
276735759
276746048
276735763
276735619
276735652
276735613
276735543
276735413
276735795
276797953
276735587
276735568
276735421
276735545
276735821
276735451
276797955
273054255
272043807
271963448
273579830
273549992
276359618
277359820
276800977
271356511
276800935
276746120
276746146
276746112
270742229
276746164
276800951
276746090
276740374
276736359
253063820
276736353
276736312
276740402
276191254
274053251
276746084
276746106
275443599
276746085
222503508
198928233
276746142
275573645
276746118
49226548
273673733
222518689
276174535
271126623
272337302
117139001
276800973
277084871
276739584
210413509
271222190
273328917
276746144
277026737
273535491
276800927
272863952
276800944
276150744
276800965
182112716
276746110
276746124
278022818
261967585
862021