279175640
279157566
279105664
279083575
279064170
278750014
278746979
278194352
278192129
277499731
276876256
276876244
276826205
274090252
273322511
273308560
272558454
272419592
271965423
263387806
263385787
263117522
262974025
262895578
258894659
249875754
249611085
217516537
210154885
210154631
193600659
191682424
184438499
155833835
141789759
116877755
73385342
2062057
526128
517263
279175644
279102046
279044506
279042137
279041122
279041112
279032942
278952292
278952157
278825531
278750018
278715695
277994894
277535213
277395903
276957727
275764660
275764632
274854795
274677263
274462990
273317880
273314861
272421840
271378589
263450627
263103298
232797296
215607934
210155906
210154573
209403260
209400291
205232165
198571201
184314758
102758273
70805110
6902289
435050
279045874
279043576
279042081
279040755
279039823
278944169
278764526
278645080
278192399
277497350
277364446
276957961
275859362
274462637
274057576
273989011
272532971
272532963
272532926
271455929
270700355
263078439
263022999
261157770
250100660
250098579
249876943
249875468
249851998
209399412
202490783
198573056
196203928
191690207
191652338
190703506
141099835
976094
714240
490046
279175637
279175624
279044868
279043815
279042257
279042143
278794169
278749830
278724887
277497311
277427123
274679391
274679326
274458623
274420915
272532981
271455778
263450648
263373333
263077470
263070339
262859337
262745130
262467976
250339537
250101916
250075967
250075761
250075356
214768279
202495422
193007617
142445775
682215
518019
517989
462740
442290
435092
416358
279175657
279175651
279175632
279175625
279043062
279041781
279041294
279032399
279032083
278994901
278639854
278586146
278192419
277461842
277427149
276684822
274676217
274674751
274540999
273309555
272558518
271456400
263265611
249853572
248587815
221229267
209391896
204436526
198572092
198495145
193762658
193762110
193102126
193102103
190289330
140416267
102133139
89481481
5421241
2030899
279175706
279175649
279175638
279043682
279041743
278788926
278776112
278764506
278764418
278666005
278607575
278504552
278192252
277375232
276860299
275890386
274971872
274969546
274680766
274462512
274458733
274458582
274399665
272421757
270414239
263388567
263383860
263210278
263078031
263056359
262746444
250100422
249853490
214769091
209391301
202495799
202490910
193878868
193878733
184886719
279175653
279175626
279175623
279045014
279043753
279043662
279043478
279043120
279041707
279041001
279040856
279039441
279037666
279026719
278713918
277427515
277180721
277167673
276814905
276437908
275484035
274673607
274540949
274462473
272558542
272532959
272532943
248589375
248579231
225931997
221226501
217515390
209392685
200976683
195472261
193880677
191779638
138200581
101262541
44860480
279270220
279270010
279044874
279044852
279043172
279043010
279041224
279041194
279041062
278809663
278793169
278695103
278695101
278586109
278586052
278586030
278235908
278160756
274090094
263354548
263354482
263179610
263099846
263068482
262745287
262706141
250098295
248556230
210145858
193101395
174182866
141792256
102133082
101870996
45041124
22865503
14921407
7998378
5747085
706401
279199656
279175708
279175704
279175659
279175647
279175643
279175621
279160703
279073083
278952352
278952155
278828178
278815679
278805054
278794163
278788947
278772080
278746958
278711756
278710219
278665252
278644840
278637880
278492543
278194445
278194326
278160750
277461840
277427452
275856705
274855360
272532951
272532925
272419563
263450796
263450784
263450752
263450739
262895700
179145804
279046592
279043596
279043480
279042832
279042101
279042087
279041977
279041448
279041338
278897962
278586148
278586140
278518031
278227158
276360846
276191007
274676833
274673079
274364872
271285151
271278500
270700409
250055627
225936420
221230014
218745266
217514425
214924081
198583155
198569265
198285430
195472343
195283756
174182992
101871713
68463226
35794279
22986288
22955702
2049283
278811429
278809858
278695176
274055669
263354345
263104502
263080465
262783230
262742461
250338328
250101527
250100020
250099518
250075853
250074269
214921689
45026780
3215079
2015979