278074009
273690132
278749470
75432184
278723975
271162834
70743633
12104070
277460800
278808760
574745
214672873
277807880
69999228
273202510
274883151
274746848
68819766
278229100
272227382
167686049
445820
278713768
276949776
6838157
279131278
42872824
84162890
197620520
278901747
271096625
87632421
277228140
271377386
206715210
1953599
53982007
262037915
181379285
10565347
273712490
192950506
107076147
279132661
485458
32219344
275125783
720399
263703152
160488878
275419267
273688295
277497084
279132352
279250954
54432670
186753033
277233542
278969630
102847802
279131784
273509190
168562180
278716935
279133150
69999230
278059447
276801816
198369506
201355030
279131359
147920905
278831343
277571809
56414476
205537651
200922463
1661335
202483813
273200133
279145468
276585101
277253346
158745338
253293554
279131457
43862412
565746
276584146
242076121
278121731
438163
270854848
978820
274946995
279150101
278170689
279131429
189557806
50247850
279131306
272210268
274101852
279133484
276685213
270858754
27977456
409715
217387200
47184482
273694966
276949252
279132509
69660316
178044923
816856
277613516
10401280
275348214
10399551
397682
203845960
473502
277982743
279150096
84893703
205506527
279133296
273937139
277374495
277459998
278228818
493078
487647
215990191
15448767
278906818
272245029
10124679
279131294
278449105
275340895
168234710
279133586
216298595
731216
555786
165765212
548340
278616268
274104974
278967796
252039330
2928803
274547690
251531686
274754870
478394
194735263
376736
10867448
275850122
279133000
278228900
279132487
212993210
277374148
271454983
408086
253069520
188376632
47184476
51285049
277571807
253413122
276914770
277343010
277597680
216935940
179952823
252062302
465240
551567
400547
275495057
58669312
279131324
178831394
278761559
168303304
3802135
490677
66686278
500702
271096613
250055874
276356679
127033311
165760966
272112317
277587126
72957802
624945
276380272
279132346
72751103
2210145
263021074
279133417
205807377
278761425
420274
252165968
275414290
491750
68580167
2777825
262946064
278228806
3802131
50885175
219161772
276914758
272554900
206558271
275223441
271143524
252721817
250077900
270884204
188919358
278275689
275855153
206084083
276778487
248639054
274464384
272554870
257646218
251417231
275603331
274462830
274949594
272554902
253384794
278490963
271197678
273165052
205574015
209867687
274593214
279296148
135281476
52806375
273350179
1204919
156224971
275412754
279269268
279131467
279133258
113000520
278906760
279133156
278860595
278228950
217387231
279132384
279131768
278906926
278760860
278817506
252062338
253040751
210760798
10704161
279235244
277460794
5914515
75405370
273162473
6568601
272832048
273162533
247444189
279258700
279250942
51341095
273250384
277982834
278907287
279268103
274769960
253326471
253326467
274454228
127032426
272554884
273868638
274363317
57826870
275315439
178077749
273914394
277807872
277971777
277233525
277233554
278533517
32218973
275587112
271976039
262656201
275605892
59525591
273705798
253326473
253326464
252062294
273886583
254859426
275320956
274146068
274886045
127032786
176781077
203208431
84893725
273705800
263304001
248622488
248703665
137432255
92010774
248703635
134364080
276857542
278025780
138342166
6907019
273669028
278228884
278907305
278226748
279131491
278229206
200673069
2918001
158868338
278907010
273670906
274105044
271309496
263703102
279131517
276568748
393732
275792813
276039463
273819727
279257266
278170675
181924833
273162439
274665245
66464344
248590468
47184472
279131584
208643691
274769813
274679628
271479322
272554894
157118159
275320958
251547194
177915379
189475323
247302556
272454743
274755761
173016635
273373184
275163519
273214055
274949592
275162276
277860815
53982112
74458527
279189716
277355397
201859356
263294042
274019762
275432244
252680304
273457953
248703663
209867982
275064326
202596858
120471487
120471845
270506767
204847750
277982962
147568362
156224985
273729038
278775761
278226720
278907075
263104079
279131983
279132728
279269680
279131868
279133300
274192095
278228840
279133104
278616802
279133500
278967623
241666976
278714628
278229006
204473048
278170667
207773006
257869277
263590368
273309767
53980465
271455122
273304921
43863863
67966744
277460897
271454637
279251038
279246150
53599268
277571829
143694452
274377632
278228984
275956105
278630612
181924831
92551974
279231778
252357099