279063977
279056038
278598891
278311177
278159873
277973801
276641698
276451290
276377311
275599939
275237444
272471109
271916321
271162836
262662798
255480979
255480976
249876840
209891492
207852959
201424550
179063576
179063562
179063553
179063535
165030729
157240665
48629553
48629535
24951095
10383904
9948009
8886007
8886001
8885999
8885995
8835141
8234989
7369223
3656561
279005339
278874032
277920205
277764297
277553067
277210100
276724399
276473651
276377313
274069253
274069249
273260646
271950482
271516488
263104639
261969101
249700055
248745933
196515659
196319453
182774477
179063555
179063543
168234712
158815895
78280079
68267007
59362961
54057023
33420990
31509724
11078646
9948023
9709310
8886009
8835137
8835131
6807847
2720383
568219
279063973
278901551
278732340
277938220
277920267
277920265
277920189
277920162
277920158
277920150
277764301
277409672
276485013
276019130
275948238
274408841
273954038
273822788
273476657
273476653
271518947
271320335
259542137
201424552
184758406
180400046
179063580
179063579
179063571
176752872
169264330
100023508
55512491
34465505
23086460
21572486
9810506
8886013
8835157
479793
279135199
278938505
278857023
278770759
278054814
277920257
277920191
277827584
277486793
277195736
277172532
276734876
276684687
275882370
275882364
274919186
274710772
272906155
253656607
251395973
249876843
248745950
220669871
217125750
212213077
210766196
192129862
186578226
186578225
185006451
184521906
178240555
176752910
169264260
169263908
110850682
54120846
34845615
9794500
8835155
278901564
278901557
277837138
277622006
277604266
277211714
277211407
277211381
277195738
276390939
276355462
275964862
274911023
274704425
274665189
273217231
270107244
242992943
242085602
195573694
192950998
192135400
192129771
192129001
182980652
176168494
169264569
167631906
89766745
84791391
33478110
31816015
23028216
12540346
8886003
8855454
8835135
584931
574843
559123
279063972
278993490
277764299
277764279
277195678
277194434
277172029
276119608
275882408
275882379
275259876
275237446
274845735
274455244
272571444
272194590
270103546
249700047
249694164
247464764
246931588
213893350
213893325
212212392
207256595
196320744
196069009
189940697
186744086
176752919
176752916
169263687
162399788
130301833
56801009
34843929
34842759
32589469
32188061
31509726
278863847
278497870
277211366
277208032
277208028
277193982
277186496
277172043
276139935
275823806
273483022
273462153
272856947
271950475
263636855
253865979
217125782
212218318
210766198
202604369
197184574
193736976
193736964
192135153
192134242
181978922
169264449
160591608
157519559
128711534
105837900
69177759
54638706
34845216
34844144
8835165
8288935
4086873
704844
574444
277214545
277211671
277195690
277195655
277194453
277194380
277041477
277041399
276762215
276473645
276473394
276164889
275894648
275320843
274654348
272794073
272255826
272120678
272111454
246650937
217125611
205279854
202529485
186277397
185443165
181238423
169578634
160370179
137941404
129138210
59234015
56801013
54120842
36505735
34850365
23007855
13311714
10683078
712721
419342
279104813
279000203
278901906
278497851
277195686
277195492
277194374
277170573
276757085
276427863
276356008
274792720
274709323
273399489
273221986
272406499
270661995
263396117
253355277
247681687
207852921
201424548
193736956
193736876
185443170
169263914
160591613
159918188
129138382
127031826
117254516
55511783
54925852
54445420
53641113
39370170
14660321
11274891
3656673
574853
279025250
278899562
278607797
277992340
277208030
277195552
277194338
277194310
277194114
276684677
276491575
276147984
275258643
274709916
274571550
272426892
272276939
272189021
270767570
263396061
263083450
262890923
262017356
250063683
250062784
249910766
246209167
193736840
188043845
186578227
182458776
169264031
169263780
162140222
158815846
110595933
34747421
17376768
9726705
602393
278885340
277211851
277211413
277211377
277211361
277195496
276706869
275882430
275199879
273687357
271963438
270769934
263195922
250201720
249908831
214908840
202608637
194568660
192134792
192133031
191977987
173360439
169264322
169264300
169263628
159820679
137941249
128711696
110447674
105901361
105840461
54752456
54751310
35612764
34471791
33422967
23225993
13624080
602362
559115
279200753
278938072
278631431
278093697
277989023
277211886
277211419
277208033
277198792
277195688
277195484
277194452
276683260
276379400
274710061
274709406
274672680
274069259
273708581
272231598
271485363
253264246
217535067
217125669
201719120
193008088
192949257
185005861
176168488
169264504
169264246
169264160
169263932
169263845
129766531
129138427
115254386
33491771
602422
585192
278120776
277992341
277207972
277207950
277195422
277195412
277194410
277193850
277193324
277171710
274754456
273556823
272191045
271163230
263980889
249893306
245973530
217125808
217125652
213857871
200848399
198894904
195922328
195666486
187636028
187623138
183484113
179797060
171876675
169264519
169264435
169263851
137941662
129138485
127031530
109861916
24186754
23193323
658547
602400
277211882
277211800
277211549
277211509
277211443
277211379
277195760
277195664
277041483
276706827
276683604
274958682
274799660
274729004
274704765
274004788
272911664
272194912
272189486
272187672
272132389
263980974
263980966
263980930
263396095
246208913
217125780
205958443
187622003
183482875
169264535
169264510
169264480
169264392
169263831
127032764
124893076
117736472
96750999
54925983
279115820
278862033
278429616
277736011
277555245
277395340
277314356
277211848
277211371
277210902
277209850
277197249
276735067
276724357
275882407
273456542
273384521
270772345
270770989
263953368
262890953
253665952
249940786
248557255
247062814
220669873
212315286
210143465
203292721
198334917
173360349
169264743
143144366
129138203
128711624
74212037
36376578
23376172
10752426
4790471
278503499
277483522
277211479
277211395
277209988
277209470
277209441
277194465
277194078
277186460
276473650
275171048
273409100
272041689
270835582
270787150
270771513
270701808
253363854
247298929
246669431
246282218
210525803
207645235
193525995
176761126
176168454
174829970
174003948
173360392
169264230
169263630
163793847
105633605
84791319
53935751
36377759
35445410
23223789
548070
279054349
278716173
278571007
278517469
277210390
277210046
277195660
277194422
275882460
274803207
274709472
273478863
272155854
271163159
270772357
270772230
270770981
270701676
270651422
250062266
249955198
249891138
225175040
220672859
216333785
204871666
203084132
201390510
197589851
196554760
193736872
190096788
188919647
176168508
176168458
172408346
169264481
159684148
148985803
54433878
279023128
278076660
277869167
277426805
277211535
277211349
277207664
277198214
277195680
277171739
276779771
276706856
274671393
273929281
272390378
272188113
272113253
271949130
253148723
249935571
248773394
210824414
201719189
192138165
187636507
183509411
183341335
178050875
176168500
169974133
169264290
169263698
159724695
141237107
137941672
127031710
109861860
53235643
37304403
23391096
278444845
278007073
277619117
277570033
277211758
277210940
277209429
277195662
277195644
277194420
277193500
277186757
277186526
276654677
276644040
274960020
270773738
270771731
269978797
263581124
263456777
263396113
263209521
253235548
215217903
207280895
203049328
202238990
200917408
192125758
187622848
169264388
169263867
169263650
167615737
141823724
137966351
137941303
127591361
542706
278742787
277211768
277211323
277210554
277194520
277194424
277041463
275283728
274456169
274024271
273075019
272147727
271983691
270832888
270303080
263980931
263209497
262636263
262452058
249920337
249919024
249085154
244300426
202604382
202604364
198123525
193736748
192130007
176168290
173831025
169263940
158755825
155420924
128711533
105366564
54925059
54567406
32409739
10758484
9810504
279082700
279010615
277304809
277210908
277194426
277186622
276632597
276259944
276159972
275882369
275664794
275323864
273725392
273725364
273270438
272237954
272189818
270833330
270436278
263644300
263195946
249983292
242872546
217125753
191807771
187636662
187633575
187621655
182123236
176168263
169264575
169263608
141825602
137941475
129138412
129138284
127033571
110698419
74547201
439766
278717050
277498447
277211820
277211613
277211522
277211447
277211341
277209840
277209617
277209433
277208046
277198236
277198204
277194496
277194462
277194408
277173102
274073015
273746596
272419667
272244596
272238564
263089118
249920669
248541655
246931172
246331491
241040418
192127631
187622903
183512633
181238278
179144901
170101084
169264745
169264476
169263789
169263596
120183136
10640739
278947411
278857190
277622001
277212773
277211826
277211794
277211387
277195764
277195456
277195406
277173355
277173257
277171792
277171777
277170700
277041580
276959555
276430052
275882444
275882328
275850546
275179350
275026095
274095197
272240647
272183335
271916250
270307119
263953348
263395443
252586165
198416953
172476812
169263653
127872713
127033196
52393319
52289083
9686896
627222
277426807
277041520
276950230
276485010
276405497
276289484
275882383
275624197
275584568
274370334
270790941
270790641
270789384
263980997
263195984
249892254
249004538
247405909
243095264
205802213
200919320
195845291
187621295
187017435
187010885
185006371
176168498
169264395
143144285
143144251
128711717
128711650
125760043
109861871
71078787
54926127
54437057
46765652
31515729
539039
278497938
277193860
276724352
276652974
275356416
275322479
274709620
274553420
274532374
273946454
273357481
270791003
270785798
270771715
270770942
249940859
249053516
248774527
242767140
210524742
202604413
202239566
195657814
190110095
190110011
190094122
169264492
169264019
169263998
169263855
168342302
143144246
143144190
128711597
128711491
127032025
84791381
32480965
23226660
15541408
278109044
277211637
277211489
277209469
277208610
277198768
277197187
277196982
277194472
277194464
277194393
277193809
277193374
277192841
277171941
277171933
277171909
275179594
274709539
273725436
273725011
273470951
272828395
272442876
272419693
272231706
272200568
272183727
272177512
249890603
249883313
248556135
217125772
210276082
210147058
203275539
127692390
106362170
54902376
38419979
277214757
277211810
277211561
277211503
277211485
277211435
277211347
277210316
277208403
277198726
277194206
277173429
277171867
277041379
276600869
275870298
274647042
273308959
273247288
270883420
263953361
262803095
249908296
249212772
217125733
214189287
208193259
203840994
201386017
198902836
195671107
188727323
178533848
177280202
176897257
173360358
169264010
169263622
120183133
14716184
279016643
278742789
276485056
276473646
276177960
275882423
275799463
275377260
273946452
273946450
272255010
272155896
270787880
270774881
270767592
263980896
253254029
249883320
248643175
247287431
242796199
195841285
192583222
172411978
169984408
169766164
169264589
169264500
169264306
169264156
149771755
137968432
129138340
53935552
41096838
35612249
13311704
10756373
2316591
576594
277211722
277211455
277194072
277193852
277192931
277192839
277186618
277186549
275882478
273464600
273292574
273292308
273120252
272639470
271063326
270834596
270774859
253285213
249981439
249169810
248560215
247778997
203084071
195028694
169264696
169263987
169263799
129138566
129138393
127033456
127032024
84791378
84791368
77221443
55196817
33645200
8855466
8004756
6807857
682535
277522189
277210494
277195782
277195740
277193721
277186777
277171863
277171757
277171737
275325390
274069944
273745346
273714561
273504411
273374177
272149689
272000624
270800727
270800604
263980944
263980873
263272857
263209493
263089120
242484707
203429179
202604277
195659419
193736968
192949182
192135230
192134500
188946824
188288245
176752854
169264486
169264266
169264094
129138456
128711556
277214755
277214563
277211854
277211513
277209257
277208208
277208184
277207982
277199061
277198376
277198164
277194514
277194290
277173565
277173545
277173525
277171943
277171915
277171895
277171869
277041401
277041361
276956369
275823823
263953358
253170596
246380027
187622782
173360378
169264678
169264637
169264406
169264090
155420455
134605034
54624431
54624024
54622804
23014176
712737
279023882
278002247
278002219
277214559
277211770
277196914
277041578
276363245
275882400
275882354
275882345
275882332
274536081
274443993
273823488
273079000
272424827
272152851
270772254
263980986
263953366
263195959
260805928
246160820
201843689
196338916
195700118
193736746
188947591
187621738
187621509
177723294
176775772
169264364
160691572
129138242
23012434
1026610
574857
574841
276733502
275056911
274185731
274135296
274089009
273722007
273621870
273082174
272896886
271726397
270790619
270790572
270789387
270774915
270772246
270771697
267372090
263246499
261808860
248443071
243095064
202529594
201055480
200788917
190320145
176168604
169357616
169264412
169264068
169263961
169263944
159696068
129138584
129138543
105896044
73769169
35619864
23226819
11078704
9843940
278881659
277208560
277193719
277193348
277193275
276924506
275355793
275341716
274838664
274370260
273823378
272558801
272304334
271975722
271424757
270787144
270773566
253253643
194794462
194109554
187636784
169264537
169264425
169263997
169263971
169263912
160921275
159785873
139419713
128711723
127033477
115802283
109862086
84791334
74528057
46646659
26106990
13311708
580326
278240416
278191971
278169719
278109236
277960890
277874296
277874285
276559508
275162026
273785823
273725442
273714924
272239768
272195278
272061452
271920774
270869643
261943004
252178251
249907589
249856155
246641694
246277771
217125752
212462405
198869095
192135751
192135010
192133375
192127165
192126264
176901110
176892980
173561211
169264623
169264310
169264014
169263674
155200589
99837956
278603637
278371021
278370657
277963767
277498454
277211493
277211475
277211449
277211297
277211295
277207688
277198174
277197257
277197219
277196851
276437669
275180343
274881202
274877648
274548291
273393647
272421830
272421180
270963920
262636234
258805911
252050223
252040554
250133802
247842875
214930808
195549418
183510218
182976021
173360429
169264076
169263981
169263598
55443072
54750760
278795746
277213887
277211667
277211660
277211657
277211642
277211641
277211633
277211617
277211615
277211603
277211598
277211593
277211591
277211567
277211563
277211551
277211536
277211525
277211505
277211445
277208338
277199317
277198226
277198216
277198152
277198148
277197157
277197079
277194470
277194428
277194416
277194354
277194282
277173591
277173520
277173482
277173466
277173449
277173433
277211653
277211441
277211423
277211417
277211375
277211357
277211351
277211343
277211336
277211333
277211327
277211303
277211301
277210900
277210606
277210538
277210088
277209950
277209934
277208628
277208586
277208408
277207852
277207744
277207680
277198832
277197155
277197039
277197033
277194432
277194388
277194344
277194202
277194200
277194198
277194196
277194194
277194190
277041363
277021915
278685552
277214825
277214553
277210016
277209890
277209846
277209842
277209809
277209736
277209571
277209549
277209547
277209407
277209329
277209327
277207850
277207848
277207802
277198934
277198338
277196825
277196787
277196775
277196771
277173112
277173110
276902719
276665410
275987411
216356990
214189168
202475482
202258939
195851302
176737557
169264635
169264210
169264064
161245928
24193857
277311560
277211904
277211839
277211832
277211824
277211806
277211792
277211788
277211732
277210532
277210512
277210442
277210396
277210392
277210376
277210352
277210136
277198718
277196705
277196693
277195786
277195773
277195742
277195672
277195392
277194500
277193169
277193082
277173341
277171762
277170596
277021291
277021289
277021287
277021277
275108687
274036165
272620595
258628307
198122041
279190427
277474758
277214541
277211858
277211816
277211802
277211766
277211764
277211762
277211736
277211724
277211718
277211565
277211457
277211421
277210576
277208752
277198620
277198568
277196615
277195478
277195374
277173363
277173351
277041530
277005815
276762144
275850539
275363528
274664780
274563600
274069887
272113677
263765099
263562383
253005254
249881537
210955808
196467157
76527781
278532276
278226817
277920163
277497276
277211519
277006008
276841090
275421135
275086142
274442976
274442918
273504399
271485471
264105091
263953388
263396109
263396087
262890866
262067642
253393422
253057466
252866994
252244750
229768599
221226980
217648270
209415545
203845210
203845083
203840914
196338938
169264186
169264074
169263858
169263809
169263580
169263483
93238617
54437035
2576813
278775887
277920147
277827586
277827582
277827580
277622007
277005731
276779775
276485061
275882438
275882404
275882382
275882355
275882346
275882339
275335309
275276544
273725454
270770995
270755263
263195976
263195924
262890907
253363449
253262520
249919981
248247156
243096175
242800290
185006390
185006384
185006347
176168514
169561964
169264374
169264220
169263839
169263636
84791317
22942245
278497920
276485059
276485051
276473241
275325095
275021231
274669666
274377243
273556764
273151273
272155341
271303219
270832906
270790612
270789766
270787132
270773999
270770939
263023145
253258291
253253454
253234587
248643181
247677233
242799112
202604410
202529426
200919443
195941247
193736842
186309219
173576949
169264553
169264539
169263886
129138407
127032226
84791343
84791321
20936420
276258813
275284313
274881218
274846248
274669971
274404664
273714756
271963411
270789348
270789293
270789088
270787896
270774847
270773544
270771763
270771590
253298695
253282428
253269085
253235553
249038669
243223438
243094377
242501837
193529178
188960198
186578986
184758477
169263785
162399518
160921279
160591625
159820744
137941271
128711719
127033008
127032923
54901531
20823177
8835133
277041475
276485041
274826287
271163111
271063335
270800265
270790564
270790178
253276953
253269061
253264548
253264300
253263923
253255793
249892424
242796085
242759146
210514084
205973458
201763061
201719180
197536717
190096652
176168472
176168314
169264662
169264359
169263967
169263946
169263883
164465528
129138329
128711589
117064539
109861961
84791327
71672238
35618532
34844622
23372816
278165943
277563000
277210618
277195674
277193974
277193916
277193866
277193783
276466316
276405522
275356648
274456703
273167076
272982317
272649164
271518942
271390196
270832861
270790981
270774013
270771683
263396077
263396064
253254042
253253412
242718021
196514665
196287806
189573147
181773398
176168480
169615192
169263670
169263659
169263638
160591593
138910206
114895504
109861967
23046217
278689336
277192811
277186610
277186600
277186568
277186469
277186412
277041473
276950224
276555668
276164990
275256732
274667967
274544263
273682506
273257695
273221072
272183770
271920478
271887057
270789800
270773955
270771741
270770604
270769928
260967962
253258356
253236701
242484652
200727529
176168428
169264684
169264009
167611676
160591597
127033410
127032248
117064668
84791347
77222235
278871256
278671134
277567716
277554617
277211895
277193932
277193926
277193913
277193888
277193886
277193884
277193882
277193880
277193856
277193795
277193788
277193786
277193483
277193247
277192965
277192963
277192915
277192821
277192809
277192807
277186608
277186554
277186548
277186466
277186390
276237899
275894638
274892581
274709385
273409669
272558800
270328137
208634730
187622556
186293380
278192203
278192145
278191900
278171059
278169451
278169256
278166279
277963622
277960888
277873811
275134458
274917977
274855376
274752019
272834527
272834122
272421766
272194848
272112985
272111910
263089109
263088452
262423575
254148846
252131496
249854952
249203328
246889929
246626068
246208111
210884588
192133524
192133289
192126036
189475741
177145770
172475879
169263664
37157182