279250964
279193599
279193586
279182103
279160125
279069973
278992920
278951870
278881187
278880179
278859517
278857834
278839992
278837636
278809534
278777851
278749523
278728448
278679652
278575755
278526486
278250470
277962612
277946305
277514023
277228103
276835583
276657645
275903865
274802601
274318142
273746688
273516777
272447903
272447731
272155345
230036519
177746995
160585832
122336552
279132708
279131507
279131320
278944496
278831335
278737233
278612149
278603901
278227594
278155109
278148636
278003911
277907347
277038948
276946903
276860883
276780969
276688014
276558936
276401023
276333510
275217307
274987889
274987888
274319422
273417519
273028652
202533847
202466690
201004702
199195796
196284160
178502490
174444190
169621657
160931492
131139976
122336563
111165275
75455516
279167289
279155555
279131800
279131355
279131296
278967702
278894580
278884094
278827358
278737209
278635399
278585962
278518848
278148662
278016083
278000691
277438630
277312584
276950782
276946913
276918459
276911649
276860884
276810383
276132452
274168283
273869072
273714386
273707309
272466605
271920454
270300483
248380457
196394972
193895769
169621664
169621652
160585762
122336553
91343712
279259107
279259104
279250982
279199184
279155573
279133622
279131475
279008884
279005591
278994738
278967635
278953469
278877730
278851695
278425162
278249901
278208442
278148472
278147369
278147309
278139608
277717725
277611235
276947195
276947111
276946765
276918274
276178232
275274570
275033844
274045631
273696106
271956716
271144911
263344876
194959173
191920180
178483756
134846265
82702643
279250996
279250971
279131949
279131880
279131431
279131381
279131300
279131282
278907353
278905345
278894576
278879733
278768731
278728946
278715097
278713594
278685308
278685296
278500738
278359593
278147393
278147349
278147231
276950666
276947183
276051689
275946564
275868703
275571273
275033849
272864108
270662677
263980791
263021076
260795219
229726907
212567556
206103978
188767663
157955619
278906963
278831309
278802266
278737223
278585986
278529639
278194289
278148611
278148527
278148435
278146809
278131297
278064365
276950587
276947356
276947257
276947149
276947135
276947037
276946792
276918970
276918847
276911471
276911448
276440187
275624210
274168278
274094178
273717711
273219893
271372307
270511064
269983260
262902125
260847322
195801647
194471830
182709679
76528245
557519
279131397
279006003
278907181
278894582
278893885
278814188
278714990
278635405
278616420
278451464
278148668
278148425
278147415
278147323
278146821
277771981
276950686
276948006
276947184
276919012
276918948
276918736
276918572
276917004
276051690
275698430
275571108
275124209
273958132
273707305
272231819
217148634
214075603
205576473
205299640
204078070
198111577
186237333
160346923
117002702
279133746
279133728
279132889
278907049
278906899
278906808
278906602
278737221
278728954
278147421
278147363
278147257
278147211
278147137
276950561
276947171
276947058
276946961
276946586
276946585
276946571
276946417
276946398
276919043
276918955
276918307
276918086
276917053
276911631
276911524
276910496
276908489
275893680
275037436
274302546
205039761
203211985
195187480
191422746
174444162
278814192
278529643
278147387
276947345
276947229
276947209
276947188
276947025
276946809
276946747
276946679
276946659
276946653
276946649
276946611
276946551
276918851
276918645
276911610
276910652
276910588
276908584
275902564
275432158
275430850
275358548
274820841
273527869
263596104
262899543
249130048
248546415
247777897
241803354
214771389
195136400
187300430
186237324
149573910
101933232
279131351
278904647
278635429
278529649
278147333
278147233
276950720
276950700
276950690
276947349
276947225
276947189
276946963
276946927
276946616
276946597
276946537
276946501
276946487
276946425
276918911
276918714
276918688
276918529
276918485
276918392
276918371
276918291
276918108
276917103
276916951
276911677
276910517
249874943
247806777
203844849
198123539
197964585
197620522
185340443
279132748
279132403
278907059
278737237
278500726
278148534
276950794
276950670
276950642
276947331
276947217
276947180
276947069
276947053
276947001
276946990
276946935
276946859
276946787
276946780
276946646
276946638
276946621
276946545
276918767
276918681
276918547
276918542
276918483
276918299
276918293
276918049
276911386
276908568
276908495
275066103
272237498
253364889
207301603
178058614
278831303
278238501
278148456
276947157
276947150
276947112
276947067
276947063
276947020
276947005
276946985
276946956
276946941
276946923
276946910
276946904
276946889
276946668
276946629
276946593
276946575
276946523
276946480
276946470
276946463
276946407
276919035
276919023
276919006
276918985
276918971
276918969
276918781
276911666
276911616
276910514
270660305
249654011
247823542
190647816
278359622
278236174
278146976
276950788
276950776
276950774
276950708
276950559
276947363
276947332
276947302
276947290
276947271
276947263
276947178
276947099
276946831
276946741
276946733
276946692
276918801
276918553
276918496
276918403
276918336
276918304
276918303
276918294
276918271
276918245
276918201
276918107
276918097
276917118
276911590
276911582
276908491
270441671
198111806
185433587
278827390
278827362
278213875
278148592
277994971
276950571
276950567
276950563
276947339
276947081
276947039
276946975
276946919
276946867
276946857
276946835
276946825
276946823
276946721
276946711
276946687
276946623
276946573
276946564
276946503
276946489
276946452
276946451
276946401
276946395
276919060
276918784
276918607
276918427
276918407
276918204
276911556
276910586
276908515
249874945
278827392
278229026
278148638
278148342
278147019
278146839
276950792
276950770
276950746
276950706
276950664
276950662
276950660
276950648
276950634
276950630
276950610
276950598
276947166
276947107
276947045
276918611
276918586
276918580
276918563
276918499
276918489
276918463
276918375
276918277
276918159
276917066
276916992
276911489
276910491
276910473
276910456
276908574
270441620
46221917
279132651
278712307
278147307
276950654
276950624
276950604
276950589
276950585
276947324
276946885
276946864
276946860
276946855
276946783
276946685
276946683
276918600
276918545
276918537
276918524
276918507
276918461
276918457
276918455
276918357
276918247
276918154
276918069
276911592
276911584
276911558
276911454
276911404
276908516
275432146
272228613
272227213
190238358
186591832
50254533
276950744
276950736
276950688
276950672
276950646
276950606
276947301
276947117
276947109
276947093
276947041
276946994
276946929
276946631
276946598
276946583
276946576
276946505
276946461
276946446
276946421
276918996
276918859
276918828
276918734
276918689
276918648
276918619
276916968
276916964
276911670
276911328
276910640
276910592
276910532
276910516
270718000
262084693
248523341
160356285
279160134
279131308
278697890
278499953
278148562
278148397
278147413
278146975
276947089
276946663
276946661
276946627
276946625
276946518
276946496
276946491
276946441
276946391
276918891
276918873
276918857
276918853
276918349
276060197
275432166
275432164
275432162
275432154
275432152
272280981
271455596
263590745
253386417
248524935
214915882
206676968
202853032
196921707
193619838
191493616
276947105
276919071
276919059
276919055
276919047
276918967
276918963
276918929
276918927
276918915
276918901
276918889
276918887
276918863
276918849
276918822
276918816
276918713
276918665
276918659
276918653
276918620
276916929
276911662
276911620
276911618
276911606
276911604
276911602
276911348
276911342
276910655
276910630
276910616
276910523
276910500
275902549
272245660
263590749
249260079
276947285
276947261
276947147
276947091
276947073
276947071
276947057
276946993
276946981
276946942
276946915
276946641
276946613
276946560
276946559
276946492
276946456
276946444
276918943
276918903
276918865
276918860
276917049
276917002
276916994
276916966
276916960
276916949
276916947
276916943
276911686
276911671
276911668
276911664
276911654
276911653
276911648
276911642
276911608
262899607
276947321
276947249
276947233
276947222
276947219
276946403
276946397
276919077
276918920
276918831
276918794
276918791
276918777
276918774
276918765
276918760
276918759
276918757
276918745
276918741
276918719
276918701
276918700
276918623
276918565
276917024
276917016
276917012
276916998
276911626
276911372
276911368
276911329
276911298
276911294
276910648
276910644
276910510
276910505
276910498
278226240
276947291
276947277
276947154
276947033
276917133
276917109
276917032
276911554
276911504
276911487
276911486
276911483
276911482
276911475
276911468
276911443
276911424
276911422
276911412
276911389
276911387
276911374
276910487
276910485
276910478
276910458
276910447
276910443
276910438
276908565
276908560
276908558
276908534
276908529
276908525
276908512
276908511
248523282
196021707
276918289
276918273
276918269
276918239
276918232
276918145
276918142
276918137
276918125
276918123
276918111
276918101
276918083
276918051
276918047
276918045
276918043
276918031
276917128
276917105
276917034
276911585
276911580
276911578
276911570
276911566
276911552
276911550
276911545
276911542
276911532
276911522
276911498
276911495
276911490
276911430
276911402
276910462
276910433
276908554
276950730
276950718
276950716
276950698
276950668
276950650
276950573
276947352
276946906
276946879
276946875
276946863
276946851
276946841
276946821
276946775
276946767
276946762
276946731
276946726
276946719
276946713
276946707
276946705
276946691
276946645
276918386
276918385
276918382
276918379
276918353
276918350
276918338
276918333
276918327
276918317
276918314
276918295
276918252
276918188
276950754
276950742
276950740
276950704
276950680
276950676
276950652
276950636
276950618
276950612
276950579
276950577
276950569
276950557
276946709
276946699
276918629
276918625
276918621
276918603
276918602
276918583
276918541
276918539
276918521
276918515
276918509
276918493
276918480
276918479
276918467
276918447
276918441
276918439
276918437
276918435
276918431
276918421
276918400
276918399
279299543
279132503
278837288
278777913
278617200
278616930
278148664
278148529
278148513
278148493
278148340
278147385
278139616
276950583
276947289
276947051
276946997
276946817
276946814
276946650
276918793
276918614
276918495
276918187
276851588
276348642
273958126
208430279
206634398
205472224
193988323
279251000
279250976
279131253
276947319
276947125
276947123
276946589
276946515
276919010
276919005
276918987
276918942
276918933
276918875
276918871
276918839
276918835
276918833
276918633
276917047
276911332
276910667
276910650
276910634
276910606
276910594
276910582
276910580
276910576
276910507
276231591
275432170
274246573
270810571
222679465
206847854
197627003
181699688
103807644
83757977
276946449
276946431
276946427
276946423
276946413
276946411
276918845
276918841
276918819
276918804
276918795
276918771
276918733
276918730
276918709
276918697
276918675
276918221
276918166
276918136
276918085
276917121
276917077
276911528
276911508
276911502
276911460
276911340
276911295
276910664
276910658
276910624
276910610
276910602
276910519
276910489
276910466
276908542
276908531
276908497
276950732
276950575
276946853
276946827
276946777
276946756
276946735
276946725
276946715
276946697
276946681
276946677
276918533
276918523
276918510
276918476
276918364
276918352
276918351
276918342
276918285
276918281
276918267
276918257
276918243
276918241
276918237
276918235
276918222
276918216
276918215
276918210
276918197
276918190
276918149
276918103
276918063
276917095
276911548
276911462
276919069
276919064
276918608
276918577
276918570
276918569
276918559
276918558
276918512
276918423
276918391
276918079
276918039
276917129
276917040
276917030
276917021
276911568
276911536
276911514
276911512
276911452
276911440
276911418
276911407
276911399
276911375
276910479
276910470
276910464
276910454
276910449
276908585
276908583
276908556
276908545
276908541
276908533
276908509
276908501
276950786
276950738
276950734
276950724
276950674
276950640
276950632
276950565
276947371
276947351
276947235
276947197
276947162
276947120
276947085
276946893
276946883
276946845
276946829
276946759
276946751
276946750
276918574
276918486
276918469
276918387
276918340
276918323
276918055
276917106
276917045
276916975
276916970
276916939
276911652
276911638
276911634
276911599
276911596
276911526
279280457
278697892
276947315
276947265
276947251
276947230
276947227
276947215
276947164
276947130
276947100
276947084
276947075
276947019
276946988
276946970
276946959
276946920
276946907
276946901
276946894
276946619
276946609
276946605
276946562
276946546
276946538
276946526
276946485
276946467
276946464
276917054
276917001
276916983
276916982
276916977
276916961
276911597
272135641
214930564
276950602
276947102
276947043
276947035
276946633
276946607
276946419
276918974
276918958
276918937
276918907
276918824
276918821
276918811
276918799
276918798
276918788
276918787
276918783
276918770
276918754
276918753
276918747
276918746
276918728
276918710
276918679
276918663
276918655
276918651
276918641
276911351
276911323
276911318
276911308
276911304
276911299
276910614
276910590
276910575
279133837
279131497
278761179
278148666
278148575
278148519
278148507
278148442
278148383
278148377
278148361
276947310
276947201
276947065
276947017
276946943
276946940
276946833
276946717
276946469
276946437
276918685
276911459
276911428
276911354
276910600
276451308
276333523
275422893
275422735
275422721
275237219
275090084
273696112
270142686
262461434
260795265
257845351
253365131
190461247
279297008
279292840
279292838
279250988
279250978
279131272
278809441
277744663
276946866
276919020
276919018
276919016
276919014
276918997
276918988
276918961
276918947
276918940
276918931
276918930
276918899
276918867
276918576
276918300
276911369
276911358
276910584
276910574
276910525
275432160
275432156
275432148
273263350
271626743
270441675
254139264
212567558
202854316
185340449
125009501
276947328
276947327
276947299
276947275
276947259
276947253
276947212
276947207
276947203
276947199
276947187
276947177
276947082
276946435
276946432
276918762
276918751
276918739
276918725
276918723
276918721
276918693
276918682
276918669
276918646
276918639
276918636
276918635
276917073
276917037
276917008
276916996
276916988
276916967
276916941
276911676
276911628
276911362
276911335
276910636
276947313
276947245
276947172
276947158
276947145
276947142
276947133
276947110
276947055
276946983
276946978
276946972
276946966
276946965
276946953
276946951
276946946
276946933
276946925
276946891
276946665
276946657
276946603
276946542
276946513
276946509
276946483
276946475
276946473
276946453
276916999
276916985
276916931
276916927
276911692
276911674
276911659
276911644
276911639
276911623
276947116
276947079
276947029
276947026
276946642
276946535
276918695
276918677
276918657
276918598
276918585
276918552
276918503
276918501
276918491
276918465
276918432
276918426
276918406
276918089
276918074
276917107
276917090
276917063
276917017
276911576
276911569
276911562
276911538
276911530
276911507
276911494
276911458
276911432
276911410
276911388
276911382
276910666
276910501
215739390
276946785
276946737
276946689
276946675
276918345
276918316
276918286
276918283
276918279
276918264
276918263
276918261
276918259
276918255
276918231
276918212
276918203
276918181
276918168
276918163
276918153
276918150
276918141
276918131
276918114
276918099
276918093
276918071
276918033
276917122
276917111
276917093
276917086
276917081
276917041
276917033
276911563
276911520
276911450
276911396
276950762
276950600
276947365
276947357
276947337
276947322
276947317
276946877
276946873
276946839
276946811
276946744
276946723
276946702
276946700
276918597
276918591
276918562
276918546
276918502
276918474
276918473
276918471
276918451
276918443
276918424
276918414
276918376
276918361
276918329
276918313
276918310
276918185
276910482
276910472
276910444
276908573
276908567
276908537
276908521
276950722
276950658
276950644
276950622
276950581
276950555
276946849
276919063
276919056
276919041
276919008
276918986
276918909
276918896
276918883
276918877
276918855
276911515
276911500
276911456
276911445
276911435
276911416
276911398
276911326
276911310
276911300
276910670
276910659
276910651
276910620
276910608
276910604
276910598
276910475
276910451
276910437
276908485
248802031
207732879
278148683
278148491
278148417
278147409
278147353
278147317
278147135
278139618
276947296
276947267
276947239
276947139
276947127
276946939
276946843
276946673
276919029
276918453
276918388
276911360
276911356
276910642
276910626
276910612
275422744
275422737
275422731
275422718
273592917
272888008
263677415
257846832
248546475
225926216
214947955
204766253
203840742
193716678
153815199
147938106
279309229
279308786
279292834
279250974
279131279
278148413
278148403
278146857
277717759
276919030
275422733
253319003
249653997
248416055
241803353
196284164
169621666
156821176