279242849
279237268
279131878
279131459
279112318
278994725
278966896
278906840
278906632
278906600
278872217
278761339
278761087
278760973
278713546
278713532
278713500
278713408
278380333
278229316
278229106
278228892
278228800
278214403
278208585
278165316
276493078
276251671
275610636
275610630
275083448
274795648
274449659
274449653
274449643
273406167
273384706
164465446
22535544
4632455
279247618
279236314
279236289
279133218
279131991
279131580
279112474
279112444
278966497
278777850
278761249
278761229
278713993
278713550
278713514
278713508
278713422
278713404
278617008
278616920
278616714
278229346
278229272
278228904
278226766
278226726
278208577
276290975
275610644
274920534
273441108
164483859
146498460
146490876
127302570
122949021
85184998
22534471
7625190
5804135
279133318
279133208
279133016
279133008
279132746
279131778
279131747
279131451
278967816
278967071
278967033
278761277
278761107
278761027
278713562
278713554
278713468
278713466
278713416
278713412
278713392
278631854
278617206
278616762
278616720
278616676
278226716
278147271
278146987
278146945
278020998
277511770
276327348
272185772
175212167
146494786
122948941
99332022
7677922
547570
279269304
279268669
279247147
279246724
279243842
279133306
279133302
279133274
279133268
279133134
279132984
279132009
279131850
279131610
279131570
279131519
279112210
278967824
278907331
278906922
278775738
278761492
278713556
278713548
278713528
278713520
278713486
278713414
278616568
278208587
278147115
278147111
278147077
278146831
276869404
276437076
273888072
272351543
125095570
125093585
279288290
279244583
279243336
279133383
279132998
279132974
279132718
279132481
279131865
279131794
279131765
279112288
278967768
278967738
278966979
278907263
278866012
278760590
278713544
278713530
278713526
278713456
278713389
278713388
278638156
278616939
278616874
278616646
278147183
278147139
278147101
278146871
278139974
275610640
275610632
275062136
274885366
273445728
263453320
67238764
279301379
279246744
279242091
279133290
279133138
279132338
279112338
279044038
278969624
278967832
278967627
278907036
278761263
278761237
278760654
278713506
278713448
278713446
278616912
278616880
278147291
278147071
278147023
275610638