279268709
279250948
279231798
279159806
279132313
279112396
278761545
278749393
278617006
278524994
278121796
277938212
277420884
276504156
276364911
275419255
274947005
273822792
273455290
272123977
271433550
263096485
258215763
214617422
203392941
185447898
91343901
73268485
48525992
23036858
10762158
10374191
8158821
1647123
1043010
722038
583670
540752
504687
365815
279292410
279269000
279196746
279164529
279162322
279160870
279121888
279019549
278998640
278860385
278761555
277810722
277740976
277498155
277484221
275987233
275820936
275815431
270789858
270773653
270183291
254132156
218761378
218736726
217937502
213926073
201251909
200787372
192127236
187955390
173449296
149970546
149469157
72089805
54003390
52672776
1040414
574438
474227
417653
279274812
279120976
279059877
279058972
278967219
278906774
278906592
278879565
278768920
278616364
278525667
278360695
278147217
278147187
277992346
277869264
277553063
277498965
276319828
276181126
276065480
275833532
275481991
273850719
273579872
271261128
270789398
263098311
263096489
253350533
248343828
242087825
213872487
181567705
158868238
145634336
77157491
68106780
53258352
14436642
279214430
279159947
279133154
279112464
279112426
278967744
278633436
278583307
278159947
278147201
278147097
277929746
277553065
277388239
276317937
275771268
273892035
272372616
271542030
271303189
271266539
271162687
271039918
270787114
270502054
242411277
225386562
209176758
208252640
195522099
192950095
192949362
182113308
176696662
113486481
73521485
574548
518928
392829
382218
279267503
279251002
279250944
279162237
279162215
279133226
279058996
278768697
278710309
278620571
278374944
278329088
277320583
276101945
275543539
275505233
275298042
275231806
274819083
274059856
272908842
271421491
270771594
270307247
263703070
263103094
253605148
245197452
242076174
225386493
211924896
208070575
205387141
203841114
163739529
105740345
71076508
23301089
410369
316168
279133423
278860541
278776684
278721628
278377290
278229306
278147329
277930101
277320515
276777693
276458713
276272303
276224073
276104266
276008879
275994680
275421472
275358710
275303454
275093607
275062138
274302636
272597211
272369226
271433698
270771969
270501899
270436017
263964621
263440092
252062218
146170072
98943330
96201030
76175399
52849791
48894121
19392089
19383353
446881
279267245
279159938
279131357
279115362
278776686
278635395
278606720
278152794
278147009
278146955
277929988
277484391
277386588
276921322
275719267
275315427
275302792
275302544
275038880
274251868
274088959
273887735
273868448
273852570
273315320
271626640
270796269
270774777
247931399
202529466
137941554
127031555
91985042
91984631
88081992
32071853
11258650
1374401
363795
362325
279048334
278866032
278729928
278617326
278311441
278160027
278147025
278146813
278022627
277930159
277398888
276882985
276882964
276623455
276246237
276146368
275833526
275833284
274169251
274040865
273827286
272182762
270879233
270769402
270435176
270253646
259568238
253047557
249938816
206561027
204068771
200787436
198587623
193045297
158719531
156212011
108562158
105740350
574458
475417
279133429
279133262
279112724
278737971
278616774
278611193
277769322
277728681
277484207
277014469
277004265
276557215
275693962
275236809
275223487
274080369
273913576
273898903
273850737
273297100
273123009
272459276
272226215
270790951
213926044
208219183
207032961
206244188
202879285
201252329
188229394
171556605
163739525
146271406
91985966
27178331
492894
439350
392828
278566191
278076826
277936307
277929870
277437676
276882805
276104210
275906419
275833548
275806616
275416985
275289821
275044490
274064114
273713393
273572063
273459998
273309319
272858148
272394551
272112951
270791607
270733729
263021094
262700597
260671987
253412708
225386720
225386326
208290387
203841122
195271248
193413142
191077684
189539612
174827325
138912946
116142024
58130575
32720788
279274774
279133106
279112304
278907024
278860546
278761405
278147395
278146951
277944457
277922537
275505195
275424262
275399720
274363353
274178420
273470066
271245289
270884058
270107274
269946917
247406904
212465770
208652746
208643613
208498803
205040577
202259167
202045963
201475506
200969968
197687403
190506323
176695380
174293682
171580915
167614138
167568550
72628744
65088789
54513094
278907147
278772414
278610259
278147007
277484064
277416797
276974466
276121607
275838934
275321129
274379582
274247853
274024240
273899687
273473116
272571679
272255474
270789151
270774971
270699999
270541651
270253654
270134773
269946700
263369992
247444711
214753111
213927277
208906242
208643693
207615635
203998857
195993365
192950121
173673926
171580826
147570781
91984935
73207138
24165124
279314863
279295318
279231782
279019561
278877466
278833833
278509247
277574265
277484247
277484243
276800323
276405501
275698089
275349135
275337958
274169090
274142973
274055729
273827321
273789371
272583983
272583430
272198924
271918660
271542054
270879311
270832167
270785806
269958725
263846031
263369998
263031070
259537792
213928195
197775689
193736948
191725656
179786887
155112200
77222561
279250984
278274442
278245003
278227249
278098158
278003579
277930210
277930171
277929866
277929862
277929806
277929750
277780817
277777297
276581021
275359263
274005658
273718796
273128921
272425563
272297247
271028371
270969537
263096487
263053648
262908147
225386236
217559308
214651530
213858323
209176521
201348146
192950030
175445580
111712023
96544381
77231407
73384987
54513121
1374399
279269252
279267094
279210976
279131760
279131651
279008877
278360844
276369393
276104268
275694142
275278275
275149211
275125170
274064122
274047807
273868439
273647728
272376561
272165568
271578984
271070927
270495303
263644957
263207787
262747111
262525662
247406911
225386679
222604457
214753146
207751268
207240432
184492437
183481526
171585881
163577966
149844603
92004376
91985223
59210668
279274754
279132885
279132800
278907000
278906746
278697894
278147371
278147219
278147133
278147131
278147035
278146905
277555132
277490190
277484215
277320564
276856223
275303942
274096575
274064212
274064118
274056693
273434628
273187373
272844525
272830352
271433558
271163346
270785873
270769382
263246534
253293540
253129558
253089395
252679854
210513639
203204633
201003401
198414183
65089860
279058949
278856293
278776507
278503403
278242733
278022924
277484251
277413269
277406100
277214478
277003402
276856207
276658734
276032884
275326808
275302492
274173944
273399184
272918383
272238593
272186882
271518221
271476810
271266538
270790209
270789116
270773661
270501895
270107503
263048429
251395985
251393388
249883312
217207569
213492424
201643479
198341870
193915953
148074490
77222774
278967898
278670346
278147057
278147045
277930031
277929787
277929766
277477541
276843421
276560387
276482823
276047369
276035986
275771453
275479208
275298329
273784647
273499517
271479292
271433475
271269847
271142740
270789842
270767800
269950552
263208102
261975723
253111128
251590779
210760856
209869307
202062561
201308472
197062961
179064566
175445774
175445675
174827317
135419782
77231476
279267407
279197410
278733432
278022752
277810708
277019937
276897458
276883029
276327618
276065594
276065416
275479103
275044731
274123267
273714917
273232034
273228958
271442629
270957971
270800530
269958410
253713066
253047515
247683567
225386478
225386255
217345469
215206349
206241132
205984688
205858175
205857121
204301249
203231248
192949804
188383634
167613877
158896283
134676492
113528801
279268797
278966662
278761296
278673836
278054488
278054473
277810712
277504681
276290997
275284309
275149251
274946988
273592921
273156651
273129310
272237225
271126704
270453756
263085311
247706000
242660467
229726835
208616761
208508381
203846608
203845790
203844735
200010647
194451792
181502732
176775688
148866400
91985592
65087856
54671649
49377765
35236593
32720790
895561
342129
279286717
279133132
279131581
278967145
278242063
277738572
277717221
277484227
277320587
277006641
276800287
276550969
276405556
276245349
276106287
275400885
275076025
275067708
275024282
274759032
274029906
273914345
273837558
272409322
272252469
270790192
269947089
269947083
263803798
263369968
263355581
262451821
215040251
201088145
194141873
192950040
178831505
174038063
44822169
44820569
278229366
278147282
278147277
278147021
278146825
277484238
277372165
277305164
276924508
276589339
276024628
275890832
275627813
275302108
275183053
274173923
273953877
273892148
273552215
273476015
273330831
273310977
273310960
272846013
272584015
272369266
272147715
270768773
270414204
260967964
253258480
214618566
214612586
202890004
201088141
186634974
127033339
127033270
34747274
34746651
279132851
278634697
278097722
278014924