279231724
279200559
278731723
278164937
278120884
277515975
277463161
276306222
275818378
274940706
274363760
273911302
273708841
272349553
272269822
270677466
270183708
263515813
257847999
244168758
244168746
243223577
216280937
216216903
216216856
216204424
186080484
155463014
154938614
119932995
118694771
90056907
75813201
56094156
53501160
39854398
11127636
10907565
1926761
967506
279196726
279070101
278878816
278873634
278737600
277449876
277256426
277003404
274442097
274172838
273911665
272479624
258116155
250020252
248789044
217207339
214731944
203911746
202529603
199532590
193736870
191955209
186229224
186211127
136753126
134846272
120357410
105231405
101801585
87978940
76152165
75585401
58709497
53452969
44810371
24594345
21435640
2852297
551919
356317
279241678
279196722
278830020
278726377
278693422
277384787
276643975
276522358
276081178
275625149
275149209
275128742
274929585
274552165
274120631
273652427
273607571
273552611
271141522
269340842
263948669
252035429
251394124
216216858
208271096
200634160
197941459
193568207
185435419
158868096
141489837
129381096
129138268
104267992
73717906
56305506
51518940
13415120
704749
409296
279112308
278605816
278440211
277344371
276640970
275414696
275215542
274561582
274362892
274194613
273899005
273607275
273326884
273222499
273219225
269958834
253133882
252878921
252878253
251462768
247540073
217500520
196284166
193916587
192387073
192138459
191136668
180957715
167043770
92859718
87941401
59208623
51286732
48982098
34869856
23427171
14147653
7824787
550405
535137
278973375
278304122
277600211
277184469
276558751
276383753
275220556
275218107
275188015
274090241
273555280
273536931
272244631
270477422
262887012
250070968
221234367
214205641
208066651
203933666
201802159
201475995
197388015
189035289
181998065
149844903
146274367
70654697
62758411
57521324
14961285
13326930
1519297
977648
573490
479279
444935
365609
354097
340631
278772284
278726879
278676057
277484461
277463107
276543510
273727526
273555413
273511519
273221428
272358080
271535435
271408883
270071126
269979086
260922695
258752512
252784118
252131401
248739994
248504802
247865528
214205639
195837488
195837454
181928762
181928760
176261693
170766144
160814417
136021332
127033283
77111629
67242199
57325283
34870074
16610187
1352341
692692
353662
277977836
277946313
276937532
275195278
274670047
274185758
274028509
273676283
273622046
272830263
271096621
262734525
257759769
243084977
215746448
209178082
208907088
208192619
202529620
195663028
183702782
181990962
181799162
181210164
177234518
174531920
137509016
120183394
119285136
68062164
59344690
50678254
50074646
20589177
973536
487022
461268
441078
357019
341383
278295565
278089498
277383963
276430561
276223552
275244242
275233950
275032639
273707135
273417263
270830581
269323661
260922789
260672929
252795377
252040924
251577318
247945836
247902298
244168752
217125723
217123590
215943509
215746452
215739354
214819977
196021533
178831658
125005100
109776184
104267874
93735091
74992385
20624522
20086333
3494609
1031926
973534
343323
333359
278966728
278903781
278730334
277436429
276462790
273511770
272362220
271780121
271141486
263083433
253248356
252880594
252819417
247814280
243084678
215206615
215145735
214190493
205808667
199132960
193994147
178711720
177266365
146271534
128917509
96029774
74236579
66105096
63928919
58323301
56087475
53991869
39854990
34751366
1081536
1052710
798881
625801
554914
353344
279133608
278903752
278402198
277385471
276915623
276483848
275566932
274356780
274178512
274022665
272857130
272830299
271581713
271542461
271362345
262887045
261942755
252819951
248644118
246772800
242105326
213992442
208174335
205696901
202529402
193202934
181938745
133633916
127031787
78015055
77221473
66668357
45653142
13808339
10081208
1574613
973538
704294
645618
544646
276797023
276492314
276332753
275083950
274860216
274118018
273236691
272497454
272028560
272002014
270993266
270717290
263595515
263274134
249682102
248643714
242145329
222660434
217125671
215763935
215746095
215389392
215145711
208134419
208061100
207923634
205809398
198349768
196305951
195770429
192972173
192167632
190127523
183560169
154245480
113117430
77231239
77222165
76013337
342438
279285871
279059056
278968564
277865143
276938803
276379801
275363469
274713560
274318795
274020044
273695827
273315400
273291788
272497377
272241301
272030131
270180439
270179589
270105815
269983354
264109677
263292032
263209745
263207712
253363863
253237838
248978719
206376460
205809400
198128610
192349299
181971710
181799374
176885087
97810023
90523814
56446016
49795031
23948952
4439889
274447363
273667182
273228365
270502985
262724572
262664313
260235763
253240671
253240669
249534344
230368313
230368306
217125718
216387981
215763937
215763933
215763774
215763770
215739347
215544789
215119480
214821187
204873159
202964100
196853350
196514482
181929065
180848050
179062593
179056819
168900676
148910592
138180906
132303525
118419922
117315863
102020844
99056521
77231612
77230811
278930305
277933714
276675947
276381299
275851515
274361685
274156991
274047742
274026185
273645595
273433004
273386449
273381191
273331897
272286850
270717277
270545595
270135580
270114531
260922647
257859341
257846539
253181772
253166232
252062259
249022052
249017078
230368321
213706209
207829155
181699618
167039996
119698562
98239422
71200164
63829293
49021793
32051066
29248666
7630880
279269396
278685742
277515941
276563673
276317959
275890152
275601028
275520425
273899830
273773807
273529874
271516231
263066536
252558658
249773414
244303814
242424802
208220022
202961790
202604317
197604320
197603096
196021451
193736634
192949810
192008406
191630727
170466517
168900778
162100206
127033587
117034380
96616366
82935808
65031606
62754127
20615599
15869739
1535527
757655
276427948
275539238
275531086
275260484
274920827
274393567
274022603
273554873
272940436
272639173
270300622
270068383
260933448
260933446
260806324
253239879
249693668
209900548
208739229
207933141
200764914
200739160
199034288
197821129
196761365
189462358
143144331
143144305
137941686
136021396
92004367
57048709
36829346
36610892
29810046
25146809
23183718
19844453
17614397
401349
279287031
278110267
275260659
274834925
273643777
273476554
273454337
272564979
272253976
271126599
270650869
260933444
260932863
260806231
258378701
252063250
252043598
249693682
217500588
217500522
216216820
209902389
208435584
202604246
202529438
178831420
175445592
109776212
104268014
95220114
74458466
74236577
59553868
54751847
31117329
22400991
21430148
20438830
19843973
361875
278850986
278589406
275200462
273930849
273418284
270510827
262724570
262053152
253293671
253147123
249534346
248703902
248703896
248703894
245774526
215727285
215100369
214153912
205943773
205884147
205813881
204873161
198517090
181979424
181926204
181926202
180848146
180720894
178945112
178708243
175432489
174215301
118419929
113529127
113528278
77231461
77231397
77231287
52616196
34943221
278304145
274469578
274032632
274020056
273980648
273215536
271950367
271538059
270845404
270747237
270510204
270113866
262936585
262656115
253248197
251392829
249004343
248703904
247921275
241654026
222660307
212553281
195477841
194585610
192833199
191265218
189630630
186369414
178057402
177887831
174510524
160395552
154102546
115254332
84284070
19678104
15000365
11423569
8347018
6279563
276930216
276522519
275541680
275067612
274793093
274773715
274289418
274056097
273698876
273696754
273466100
273296130
272834392
272407073
263690952
253169327
253147126
252876194
251998883
247981533
247979563
221236989
217418684
215739420
215739418
215739349
215543650
210163935
206675345
204288436
196332498
196202093
195772124
195663036
195527544
193524643
179799245
178780715
177340635
143916684
278857718
278731719
278501998
277514757
276075844
275922411
275034769
275013097
274749430
274467422
274445127
273719302
273408641
273027111
270711178
270145717
270135576
263338861
262693254
252179527
242727985
230368330
230368324
215388741
213676884
212561634
203846556
203845858
194860730
184619111
146273525
146231469
136600337
130063375
102140346
54354707
50215292
32701098
24390430
7443107
279268629
277977002
277734845
277463173
276936997
276640821
276482035
275613797
275602812
274370565
274031768
273909685
273441110
273041656
272397869
270845049
270743833
270742928
269900420
263592663
263370000
263303962
252386375
250020091
212052163
210760868
203927160
198495095
197603099
193900196
193742906
193147202
192705082
186080613
186080513
168900674
159011636
146226466
67180387
66590061
277514457
274136579
274084680
273554967
273377040
273283069
273091846
272836116
260933442
259513897
250060688
249659442
242105399
242104211
241109490
215997694
215145736
213969144
210968751
210144911
209432077
209280543
202529695
199132829
162025753
159686889
150607533
129138292
129138226
128711640
127033419
120138551
119064759
118582618
105541874
104267943
32351736
9692014
2120181
592174
278965743
278089505
274173014
274022720
274022605
273153635
272582708
272560005
271336597
271335679
262887022
262874082
261799414
261799401
260806326
260806322
215145731
209904678
209867833
202604463
192859218
171584528
143144180
104267936
104267899
92436590
91998788
74247027
73203411
54751669
38290597
36701472
30886435
29812121
26170140
20863437
19778180
8709712
935487
833611
279272480
273623138
273464380
273441533
272918099
272479837
272446712
271980389
271724936
271455507
271343294
270057386
260932861
260806227
260235041
260234833
252881427
248082759
215748968
215389476
204004484
201623578
201424421
200738072
198204744
196597234
182484067
182458923
182106053
174587691
165849838
129138451
116125081
113518207
77231583
76755789
36700833
35910282
33343215
7435659
273418145
273232244
273218448
272033146
272029962
271585781
271367336
270804717
270682695
270669180
263805608
260236482
252724496
249534368
249534364
248703900
248703892
226682616
215763772
215141149
204413834
199039805
198734463
193910692
193203158
192972177
190630851
190290013
190049124
186256507
186165904
183727763
181990447
178944420
178776814
177891971
160262680
117926912
97845307
77231310
278051804
277012698
276495437
276448547
276252733
274024325
274024314
273042032
272834896
271525849
262664310
253237986
253137244
252065017
249688904
249037281
242620706
215943538
215943511
215748964
215746093
202071067
200940130
196332492
195771214
190355476
189035718
187182667
186165949
186165890
178310639
176777041
176775645
167613897
162196414
137191467
132303323
119373577
117899714
47137280
279285823
279283392
277344484
276775863
276496074
276334045
275678688
274170656
274032630
273622044
273595786
273511902
273301673
272238703
270707966
263201160
247256809
230368327
230368317
216216840
216213422
213842186
207461110
203850337
203512005
195715613
192908717
181699636
180715248
178786626
174308041
163792695
163045820
141678130
120183853
77231278
44976898
37289584
27973489
5404387
278458279
277978138
277976406
277284113
276900571
276334626
276292473
274896671
274735459
274372485
274064823
274031717
274028370
273909715
273823685
273670958
273162481
272830085
270717084
269980776
263110120
262695146
253248291
248792286
242625586
212921231
212553352
208192354
195863706
195192166
193742753
193521738
189938634
119698242
106348946
54208917
36710302
12107546
725981
601896
279280400
279269050
279057265
278808756
278761299
278228870
278155155
276366998
274735456
274688730
274411443
274357858
274195777
273898905
273820784
273652429
270835623
270477426
262861354
256500686
251077545
250020203
248800935
208915551
208317293
197604330
195192243
174321331
120183756
119698209
118940476
118796459
110448027
67244083
65028855
47093399
46640357
36775048
31206228
399889
277614696
275492891
273935641
273905772
273554970
272910853
272236399
271135835
270252832
260806229
260806225
252876612
215145742
215145727
214931284
209867837
208587389
208169017
203998083
202529336
202052170
201090112
196900619
189468584
189466561
183230564
129138592
129138486
129137433
128711631
127210775
127032949
36701131
36570258
32899119
32352493
31122067
25490777
22433140
564508
279209351
278903768
278850982
277562767
276127497
274932142
274920839
274022722
273928965
273823583
273719353
272583841
263970259
260932856
260806301
219332731
216216853
216216798
215997730
209867689
209613588
207933193
137941253
128711643
74245179
37216608
32075160
569583