278945409
278777861
278475152
278280386
278241199
278231117
278230910
278159115
278129054
278128724
278070713
275300223
275300184
275300116
273464136
272227226
270837078
270503767
263035841
252561538
207830870
207830858
170098838
170098832
152464652
129767997
120509474
79129127
75954477
46755077
39909003
38545328
35191890
13359663
10738198
1215677
1215673
1215671
606178
542982
278945406
278830759
278819547
278728400
278519215
278431797
278422338
278242201
278241066
278158906
278158397
278138785
278138310
278128736
278116017
278110637
278029343
277591266
275243836
274969771
274863837
274566783
274315616
272002669
271950415
262875319
262593152
191926640
184419756
173481363
78975583
77323612
51491977
34750363
16129414
10866301
10638286
5982849
3671663
470899
278381193
278241094
278158582
278138870
278138751
278138340
278138274
278093596
277742607
277619589
277588793
276482075
275966176
275815272
275243125
273899200
273467894
272938260
270662041
270113892
267179059
263697851
204874977
191926658
191926650
170098840
157432536
152464638
137694341
103524396
87882578
72668422
50277609
34554018
19346651
10638288
10638280
2612567
1337733
1337731
279233263
278698558
278679862
278241131
278138561
278117095
275946116
275815270
275357006
274660748
274315607
273464131
273252587
273252576
271005344
270660229
269951216
263697837
207830892
203093937
162140209
104732040
88941710
87392049
87118164
85029043
68585265
47469953
25733149
25733147
21585241
19346649
16603406
15634588
14683301
3601381
1337735
1215669
542773
480209
278850863
278491662
278241611
278158590
278153735
278138889
278118434
278089751
278025896
277379443
275410095
275104697
270837142
269947124
263697453
252035401
219161868
216001250
201679843
197628292
197606738
196831937
173135243
152517442
152464634
109982970
87118162
73437499
60833238
55881502
46932182
37133044
25733153
16085863
11413613
10271795
887106
596463
542759
511569
279268781
279131606
278712124
278280352
278275374
278159065
277513195
277287679
277287645
275300196
274845340
274625622
274563938
273202460
271986245
263514104
262733296
249023858
201390139
185668579
170098861
170098850
170098833
145144963
109982974
109982957
87118159
76052024
58751181
57318149
57040636
31332919
30764827
29820832
19346657
15634594
13624139
7125307
6637457
470709
278907251
278325825
278321548
278159669
278159484
278158943
278158606
278093603
278043608
277981988
276963500
276833481
276750640
275973612
274946273
274660768
272002787
271446302
267260057
262646188
209388183
204875010
195103358
179952629
175149075
146272105
112329415
110627536
109661447
73431572
68392376
67270966
58893737
56323316
49253290
20700682
20475230
19346681
16422604
591233
278967013
278830773
278679636
278280528
278241523
278159156
278138552
278138319
278130272
278128759
278117650
277858916
275547909
274845364
274186323
270677763
263679064
262593134
253656602
249766494
197964597
191926681
189699852
105085752
76051991
59010153
16999562
7125315
7125305
7125303
5982847
3671671
3671669
3288881
2612575
2047551
1734343
1337737
542977
542782
278760606
278128748
278115764
278089760
277287643
277281579
275973598
274969752
262733303
253471974
248362137
216113774
215983662
207033008
204880971
201679181
201679171
198296805
198128730
197606964
191926693
181998004
157240663
147988202
129767987
129767983
89204253
87882582
87857971
77665388
69177749
67712912
48035331
42334976
36470292
21853795
6563565
887096
645254
542950
278280338
278242169
278159014
278158415
278158090
278138744
278138430
277969747
276029317
275547925
252912200
252561539
249778312
204874996
196018822
193979584
184080397
165992291
155114517
129767961
116835635
109982972
87993372
75954473
69701396
67060012
58931411
58397029
42755242
21853808
11810799
11194584
7125317
5982843
3336489
2612569
542807
535660
460510
441241
278786951
278280186
278275212
278159367
278159103
278158973
278116565
276948420
276854206
276375937
275611833
275122140
274327405
270834634
252912210
199706218
185668583
177060117
170094970
168303300
160081246
159035356
152517444
145134927
120509480
114922538
109982956
99863101
96491413
75954479
75954471
75953568
75953563
74823804
67477615
13624111
1644863
1057438
1020669
562911
278907044
278830761
278138281
278128712
278119682
277287579
275707208
275268392
275122159
270845353
263108549
249766467
247289986
207830876
205694858
184790656
173481755
170095029
167600192
145144851
145134949
134583804
109982976
77151192
76283136
67060008
56814906
32592999
16044218
13359635
1704261
980958
897016
887102
887098
887094
572958
542573
487126
418906
278632665
277998267
276834826
276605718
275195094
274629442
274237861
273350934
270852071
263697798
263697797
263514057
263103215
262591697
221230157
219134823
215417343
205004676
197605886
190544262
174896160
120509497
112331975
104732038
76542991
75947687
69701404
56315581
50421111
46930951
29820818
21585245
16085854
13624127
13359665
11413616
4056401
616244
571704
480214
278830829
278819430
278483839
278138527
278128768
276854183
275973596
274327424
273691879
273027777
270850134
247661418
210277383
184790654
175149071
173420791
170098842
165996961
153518799
129766509
87120332
87120315
84932885
78904397
78631908
78491218
73513623
55119957
31329544
31325135
31323804
31323153
20700686
19346671
19346661
14524631
7125311
572969
565645
418909
278320234
277969732
277963704
277925846
277382430
275750003
275410073
274602511
274032193
272886550
272358171
251281601
215039891
191923787
191920156
185668587
184790641
171585504
171549998
145144815
132366465
120509493
120509483
120509478
100113262
96491402
55358263
42350735
37873536
28196546
14325200
6580739
6543927
980960
887104
603331
497256
487116
434865
348445
279131503
278603975
278591852
277925828
274614102
274564705
273820905
270789011
270677754
216545368
204875006
197964801
191920157
188043878
181699605
177736620
138269681
113528251
88941679
77281271
76283138
74225709
46849760
42177990
42177984
31340449
31263803
31210870
24467226
19346669
19346663
12386040
11194574
2455629
887108
795502
542963
486658
418842
417842
279063282
278830707
278712787
278159346
276813332
276813303
275122155
274716557
274563916
273553192
272938250
271700470
271456423
270837064
261989306
247289984
221229949
217515574
212213141
196292019
192950209
165996940
152046715
145144918
145144836
120509495
109998359
105085536
79409111
78631906
76051993
73438253
70847642
29820849
16041347
11413619
2363051
542928
439906
375693
278457350
278241124
278159397
278128796
278117287
278051559
277808999
276834243
274563934
274320386
271087467
270129131
270052413
235728754
208122201
207830861
185851686
184779701
173481634
170345843
166653471
159824200
146272101
121073412
113583678
110627911
91343720
88941698
77230263
67060014
50277619
49320975
47295250
36389359
31329286
16603412
11413610
2783079
981930
397294
278495836
278445051
278280332
278128689
278068470
277041691
276831613
275410071
274563908
271518227
262646200
251537166
242091363
242091344
207811636
204880955
203945377
196382814
179141968
175964453
169490156
166413866
151458838
145093424
89179953
84932889
78631838
72511282
35862113
30749827
29820816
19346665
19346655
17614761
10920477
10738164
686386
657391
476636
339375
278128833
278128715
275300047
274031014
271312155
263697337
252170192
247661420
235728745
225267741
203865311
177736601
157240661
154986959
152464650
146271684
130743530
114922527
107970993
89179949
77111820
73437495
32036957
31326963
29820828
29820813
28244912
25733167
21146022
17459787
7378505
4690125
1057436
686392
650566
540758
476624
472441
434866
339377
279246080
279242854
279217767
278499772
278306906
278280180
278158596
278093647
277969730
273674013
273085469
270773646
263697804
261944465
251281616
251281605
249697050
222479683
210275012
204880973
201088309
185668597
145134958
129766538
69107168
55505773
47464759
47464753
34560829
31285323
15634598
12455141
12230615
4533929
889135
716137
573017
560576
542798
477695
279273992
278519203
278159609
278158542
278138524
277966396
276797801
275078196
274013552
273202486
271798389
269017764
263697389
262085681
252573145
251281622
251281611
249778308
247289989
196515373
186598460
184790645
179795401
162025758
138914011
113824599
113253113
112331980
73531892
57811714
57483658
51598547
31343178
25494699
6471225
1215675
869075
596542
542936
506575
279133110
279076578
278441952
278321607
278129087
278117080
276840846
276810833
276375984
275815260
271137542
270768133
270677119
270475248
263495049
201679188
201390135
196515540
196021647
173945244
164092297
120509476
113527475
98381075
75991249
75954475
74371333
71196546
51950256
42281261
34560526
32737026
31323490
5399871
869079
506600
506581
506572
377346
374966
279269354
279154274
278775891
278616366
278280372
278159233
278116057
278068686
277931191
276957676
276840872
275188997
270837134
270837094
263583245
263392470
263354910
262733299
255306252
252857468
208118268
196018825
184779713
177626326
91031932
90660821
69107166
69107158
46931534
36666103
33034995
22492381
7718727
7125313
596501
591202
506609
506580
423480
417840
279188059
278951685
278473751
278241343
277982525
276375945
275547937
275462599
274442096
274428881
274192041
273421428
271987245
269951218
253656611
249277140
248933427
230200918
217123583
208188699
205967019
191490396
182711558
181210100
177616782
176909250
173481621
171876671
165996939
160849793
141002537
127844374
103475367
91561980
90680798
90680786
76443016
75947334
52852539
985282
279217753
278949181
278635425
278498057
278241335
278158951
276248959
275951872
273424412
272478964
271626224
270845351
253300441
253229577
225251223
212476338
193568031
191926460
191923864
188409581
171550000
162514300
129766514
104739197
84932887
70847647
69624554
57750516
51232718
29820812
23436595
10866299
10737027
5771463
4704899
2634423
790238
434863
348156
278231043
278138768
278138370
278129011
277818842
277520150
277287681
277287662
276148695
274858936
273122912
272392368
262733310
261968990
249019179
248931969
246168369
205554800
200725367
199701022
197629473
181214991
153518811
152464646
147751639
106188426
82410536
79409221
75313090
62349862
54003813
50421079
48592472
36666109
22492387
20440478
16111214
4310917
540753
506273
279057157
278904281
278866074
278561457
278159143
278138651
276836769
276801866
276464770
275410119
274638899
272599094
272565718
253227936
253057018
242091355
242091340
208122578
207754441
207033427
191801175
184080345
176443194
175458321
166033845
142791753
112442106
96369855
79409375
74992387
59203514
58397037
54682254
49317832
49273687
29820808
20700690
5982845
981942
980924
278679664
278241197
277288865
275932254
275281493
271555340
270823006
263100156
262733302
253305147
251281607
251281593
247813637
216001268
210277401
198128615
191920173
189933554
179954054
177736611
172946871
170095148
159824706
159050451
153518819
112442080
100113252
99462315
97217878
89204256
69107164
59010143
50421087
36984387
32593153
11728310
1036538
575956
475771
365991
279183753
278713255
278712142
278321264
278229980
276976056
276662774
276597177
275429498
275034119
274901168
274845337
274536003
274376248
274320373
274024428
273645249
273553232
272830233
263278421
259590080
253058452
215152336
212484343
204875000
186600070
182983715
173477518
172175787
130790393
96112539
90660814
77225340
63448524
52798456
16422488
11713388
572471
503708
398846
279057095
279001390
278138800
278128793
278120888
278021129
276963322
276813296
276648691
276507842
275357023
275056994
274535997
274070387
273691892
272032584
263063891
253271647
252035389
246160694
243006525
227368858
221230158
197606689
196932337
192804929
176831132
165996957
155550590
147920907
113528736
14524144
8293541
2633649
980964
962806
480258
470903
381348
316183
279238005
279022818
278138403
276833609
275195100
274558243
273951048
270665112
263392375
263207925
263079733
263063893
253249113
206308042
199709466
199706234
186600205
171793844
169490148
159824546
100105824
61892338
59010155
36666107
32352559
25733161
2633643
980966
695272
596567
594538
575970
562999
562910
505253
500769
472226
427723
427712
377702
279183749
279132085
278906890
278159466
278138699
277381300
275262913
275179394
274536004
270992924
263103188
252035385
204874994
199039050
198495046
196932296
196292148
190843251
189076778
159824391
130743630
110628099
106188428
104049769
87118123
77281265
75356193
53728796
43700182
36996321
34559829
11713382
829924
716142
685500
576000
565113
472234
472230
472224
279269812
278878669
278794718
278321587
278231183
278138609
275300075
275122143
274733198
274563923
274053086
273443374
273397164
270734509
221230177
217826384
214992557
203927233
190582587
185668550
185027497
169490165
165996951
161711980
152046709
136952324
56509083
29820843
14761763
11081041
4221971
913900
449782
431391
419751
406383
406357
397003
366183
340139
278561566
278241424
278158376
277288836
276813297
276611124
276375946
275356968
274024422
273438864
273179730
272404519
270771602
261989311
253047938
252846039
249486597
217510923
204880991
192297071
184495899
184468911
184419741
179913825
129766527
113063337
90660808
73511877
73165401
55510374
53390527
44976202
41485258
31326664
10271797
5743641
1817627
799059
396937
371166
279269336
278945404
278712116
278292704
278007225
277591307
275155627
273456578
272533020
272452599
272201340
271414871
271044744
270735663
253057245
252858870
251537168
249778313
247930806
212568922
203422865
201679861
196515319
185668559
176831150
175567334
173481878
164092192
145134924
77230248
51659625
42177988
21853765
13359637
10805983
1734441
691621
472337
472228
460509
279112526
278569947
278128824
276648686
274469551
273714533
273613235
273550471
273122988
270771421
267260067
263697509
253642322
249778335
247813632
235728516
213701649
208122580
207754425
204880969
203945317
201308271
173479572
173090922
162140224
136812790
129766524
118887256
91560927
85923526
58397039
34565938
20889679
11127644
7775738
2891849
2684447
1057432
709361
472336
277969614
277287727
275769358
275429501
274761961
274302544
273734056
270478958
270253513
268454779
262870657
262037885
201308417
198516137
190553868
186884040
177633729
176451785
173420795
167969483
162140244
146271688
110091961
109661787
87547354
73601561
73598279
55908767
44822676
41615148
36984374
25775302
21674440
16400588
10738174
7378489
1661203
685450
506617
505335
279132493
278712985
278677290
278619869
278105432
278007245
278007237
276273757
276024477
275878753
275822282
274497094
274046416
272615685
272425522
270837100
253274545
251281609
221016457
215621195
206189683
201643583
196049671
193770746
191808354
171549996
92939160
77230253
75991340
58272295
50047681
49716268
48210080
47242745
46755079
7125321
505339
417839
375223
316202
277858915
276801774
274192370
273579834
273192575
263304017
255631364
251929897
251274653
203200779
197745057
196382824
196382818
196180820
191923880
191923792
185668577
185668546
146272081
144317680
115794830
112442076
77281267
55881494
53395806
41233838
32217139
30037029
26113372
23436635
20700694
19346679
13780966
872786
645257
548065
434867
418882
384431
348215
279243853
278949463
278880311
278159174
278158585
278158519
274842796
274053082
273634655
273171047
272360278
272227240
271535522
270833207
270766694
270747792
262875336
262388602
260435023
253264660
252399203
242437670
215136559
203953357
199027898
190087754
165996949
88941692
76542987
73438249
71948011
69107156
55119963
53293051
7986376
5399883
2633655
1069544
580070
565126
278451333
278280476
278013681
277389837
277130768
276831745
275746510
274969950
274872459
273949504
273905916
273851491
272452441
272443610
271516184
259590100
246160702
214617642
208603803
208065110
204610076
197653924
174259488
147272294
114922544
100105816
97561434
74225715
73531894
72598792
68549957
68338174
53469400
31327136
16401197
11650520
441737
411357
377715
373460
278240966
278138817
276833504
276243286
276047401
275475919
274558861
273386600
272359740
270799281
269011871
253629665
225267736
217511546
207032978
204874976
200010629
196788496
196021479
188492942
174528827
95070421
53253346
49186315
29820822
11015813
9859090
5399867
3638041
1669913
916904
576409
575962
572948
572946
434868
357400
345887
339991
316188
279043451
278713972
278484679
278316129
278245682
278138335
277135129
276627841
274991128
274959749
274858836
274611765
272888018
249019187
214836973
195885674
193770285
189170993
188320496
185863042
181699624
179949778
179944548
115794782
109982979
89204255
82410169
71948017
57750310
53830461
48150214
17533163
17448068
649932
565643
562909
535859
506732
480253
367348
278966720
278532272
278321593
278101299
276813295
275188999
271121816
270992782
270845355
269957399
260807189
242091343
214591166
213953051
208780699
199039039
182300447
173481380
171821041
106188430
98678595
82495106
82076913
71948013
52726663
42762122
35191888
30793810
30677720
28057007
20700678
20596434
17045192
14645355
11493909
8155350
4439915
535780
487131
344548
278768745
278713790
278441949
278230926
278117291
277388248
276259948
275815259
275357186
273419046
271964759
271063319
263396067
253273920
221230162
217441484
215705453
214989440
191576134
189462693
169761494
160922186
153387372
146585867
114922528
98733259
96112729
94700760
76542989
74217673
57521320
51990401
20700692
8090973
5982857
3935883
735264
577049
431570
431388
278714382
278158707
278116011
278115829
276464807
275876128
275547943
275281510
273047577
271817210
270837085
270771207
270470165
270297666
263594029
247979660
201679191
201308002
196932342
168650335
148008781
112350160
112329421
110593637
106188453
91343725
67889302
50421102
31347346
31326302
16043106
10920471
10920469
2697019
1817633
1590649
913914
637740
455577
432081
279076617
278521557
276823840
275499311
275231139
274591571
274587045
274559695
274558853
274076610
273553194
269951241
262464177
259542555
254260756
253040772
242091360
209900542
209876058
208104138
207754437
198363015
191909058
188321042
162140226
154986966
130743627
112329423
55358273
52726661
34565940
29820820
28724508
14524633
2684443
704611
496604
454279
403553
316191
279024538
278320230
278117304
278115787
278076172
277370120
276831776
275186973
275113453
273880512
273713387
273680274
273254486
272478341
272307259
270787463
270470927
263972722
262061130
260924934
259542760
252635444
247705866
213465498
209280380
208406336
192303652
179913003
136590598
103369173
101650365
71072207
56215730
55119737
20673379
17028689
16463347
1011395
709350
562603
278602038
278138453
277923621
277043571
276798996
276744405
275215418
274360488
274032086
273046149
272991333
272443401
272307355
271365369
270794211
270470162
252311553
249660405
249347909
207360812
204414535
199972958
197655395
191808476
189558604
186599551
177886499
177280233
169818712
115754241
71072213
31207240
11255075
1535019
1229195
474165
470818
440743
414698
355096