210277880
279189418
276107155
277923330
276931151
275015938
279259031
279189416
253366281
278809645
279257712
275611539
274728364
272353239
279093674
278474664
253396846
278637446
277348449
278749486
276074174
278990546
277808996
102440084
275101645
263389178
275332762
278904275
274160592
277397097
279131031
274353338
19588948
581983
270684087
277379415
14453314
255480969
276546967
279066321
192333880
263763517
278324684
277281904
273727516
278819420
279180590
6907027
35740871
273476671
277621864
48579422
68774264
278110076
277420876
276068093
278952057
277283919
205749384
197652296
277923282
277621904
276525620
253396848
278110627
279259042
408749
279097468
275237439
279231974
249252192
278837079
273916387
278432113
275305966
29175039
245787185
277381977
279149734
165774042
278323466
279131027
1667493
991000
22548764
275878746
277977166
3957061
277535997
276546968
48035309
193212459
75951339
177746990
277315845
105794407
278491443
208097075
278723591
278749480
279076378
277283920
56365400
275420989
279236715
278481644
271414256
278034192
277730878
274858453
277591275
274704962
278806334
277552631
276527049
277370034
278500589
43362813
275053725
277967268
1582119
278836827
275615396
260435025
278500638
275855170
446067
274629382
274170459
278497530
245787201
257769856
279260027
274193446
277571886
272318382
277726191
271168978
279178568
276640911
273509134
274388809
276949813
277374234
274999646
270691884
275279424
215405098
277543723
277591303
25768121
278373361
278035740
276302713
277316251
50277621
279102179
279019563
277008636
277420883
279280226
2906043
278320474
214495555
694504
51252264
84589926
278839996
1028653
277685200
275089663
278636759
278873390
13967736
276423988
49922640
186877006
276280424
273202450
274364974
279121162
248650685
272305767
182541454
262837513
273952377
111290696
177999529
274999005
273384847
199177637
275961332
217696341
278916830
276256745
275853532
34745639
277228157
278901766
276851864
278937441
278725899
278802826
249876845
279181443
24390487
76227495
272123979
278967597
272003018
216090625
272003064
1647133
183539215
278872168
504727
278381188
278500642
277397100
274843775
278744248
274563064
556801
136067556
1007131
275402815
277232139
279106139
185654007
276059424
279159348
217696337
277591289
207852930
279196810
270677448
277582342
1667501
278668614
277742023
80417215
194103345
278055563
278892843
249392700
189642776
274454423
276928647
1647129
278916853
1647135
109470045
279085677
279188145
248789298
276525607
168962625
279064931
279097463
279066628
8287412
276949767
51285052
275874243
4484169
273476667
159597208
214598586
279113662
278700366
278743271
275158826
177818265
274541019
277043038
48025785
276526914
92564135
279085441
278115896
278190630
279237394
278945005
261985965
278883070
276383748
166453283
277181317
812793
276949748
16309369
16309049
276256755
263648724
279067162
278500639
1731773
569808
44806225
10678492
277927274
277214208
271626064
274998987
277920193
268504630
275268602
182548588
206052062
185584238
278834372
13383458
276949592
278739508
277607420
278843875
2906049
276280434
277621808
248885149
216137744
276275686
208118184
278644003
277609798
273967661
75540619
263068388
278528800
54671967
278939625
248362130
273393779
274364248
269992028
278629501
245787160
269947109
1647131
274473764
273304984
275878786
245787199
277487910
251928260
270841826
277764284
2906045
271973964
276074158
277214998
278103401
214090515
273868459
275878802
32989537
274694553
278809815
245787169
279149594
275074145
278453960
2636021
277815085
275467183
531649
435477
275878771
96009633
245787176
192948682
277582256
276847819
271135855
277591295
2906047
270766760
403896
270766670
271719688
271319410
277348529
879694
273127909
249153695
275585036
277920255
278723616
275878766
273200134
2407109
276032061
277837469
278790472
273670858
278058585
277374154
274646578
273596543
149779881
276493081
263702978
279254454
96176094
273868435
253043616
16562146
278435480
149394711
263103217
351815
272358139
277608776
277977310
277184353
277771365
173864194
1938917
277348590
339812
278609994
263649063
273287459
274863611
42873174
251393373
279000912
33733891
72459680
275678890
249575106
278470535
163034289
140834194
276289483
273868387
273868411
278115891
276551444
277927273
16085836
277353692
278531004
7164879
277591305
275089309
278139568
277998175
198455188
276930775
271518321
276735844
197464863
191268733
271585783
279256885
278749475
274884298
249694168
278227238
215137158
278491440
168962621
550991
276423548
279100196
275587177
278073997
214192867
279250380
275053396
276755245
276302717
179573069
277941217
278877957
205802126
275239098
275045328
144637603
273511761
278489418
276110951
277545266
271319412
277609601
277253288
145279368
277353550
73778048
71510927
32219581
182459674
202604402
270141420
276685351
276527084
279131002
278443861
78970025
278518457
275746424
278474450
278631748
279203556
188161109
279257817
193932343
49960438
271518957
277859870
278093027
279000906
263764768
276948640
279248132
277023939
146270682
278115895
278530982
10619461
275279882
278728989
276117156
276639697
272306879
26424770
564643
275855738
208648753
278382696
278491342
182548590
198857519
276905433
276394631
279228990
275517751
173631008
67271227
276841242
177253124
276639635
199969455
277526034
278109066
273328852
272425571
277815080
274193584
248905888
277227946
96289995
279236013
277023981
67041231
275567566
278481611
194960718
252681154
4088447
277514239
278470671
278804286
278829982
277536433
277196759
279282952
277184397
277214048
271967016
276058808
242406050
168277495
277545549
276603512
467578
278448233
173137622
275137714
275691201
130643300
278381421
278021245
278229730
259389000
277316232
276527159
278108882
225920234
278114772
275719203
277740165
278979105
279282963
277815088
249609187
278739757
125740065
274031478
279124223
245782725
74284506
279169606
275822575
197897190
275135645
211951578
190703220
55580981
276031283
279167407
275543116
252041187
270975642
192020317
192333863
86819249
277196761
107211604
276081560
278110968
277588924
278451121
275053522
275975633
275889995
279096589
161454962
270099524
275882890
404649
275645167
205807472
273868381
129019773
262036443
261823868
275237458
6568537
275137679
56359917
277608832
276495690
274921922
279104259
140843383
279186216
277413353
279070088
178240542
262462003
274462518
10039608
274770489
207852951
272396602
273870857
196488087
248341953
212463697
272830053
274384021
277617620
35735029
263955811
10124670
276061200
165992276
188575628
277349472
188575734
278122154
278195110
276859414
273707420
23436172
207852949
277271808
279212019
274537996
278491447
274364984
276350700
887773
277729190
276949623
20750209
278819497
39243839
276392466
196054990
88941674
263357467
278877966
253150605
277356562
279260863
273328801
278521658
114567263
277522273
276363733
275878742
276120809
278573500
278895285
193935701
273929889
50214915
205148086
278496370
277770508
22535398
105791596
272134535
277352539
263654595
279074127
273868444
277591297
276500750
276975246
278852873
184651502
279197391
277425559
276926053
126594007
279204040
146271604
53791346
277345796
279121692
279121614
278448176
271907596
277558284
74179512
277438721
279167242
279145462
192333855
278945124
181973677
94718080
277398123
215139653
279165120
278765411
276957864
52199569
278173140
277600851
278852909
272564069
32995343
275055785
278844481
277316360
278530840
278788916
277184349
47438241
787651
13780744
276527110
270453657
276326184
175976625
270677468
277564353
278861514
277348503
276408209
279076192
279124742
277227346
276603948
272477460
276393123
216204613
279260414
100352524
275422514
598696
72751113
278819823
275439563
278740122
278806527
187183513
276738780
277281901
131496985
278940758
278117143
278447776
278857142
249161175
272463394
277231269
277496990
274761885
279159354
279179126
10404145
249693700
209298522
277271740
279071827
195190262
279131004
446332
278507736
252040720
254132237
277428195
276565485
169375446
171584520
260110480
272425530
278733144
278041604
277184389
276566255
246072845
275889985
275131277
277775126
249876388
274040852
277253329
278442631
277353516
146271908
278098089
276501959
217384417
192470408
278069017
263063936
263295697
1374357
279254390
163739594
11654447
263389193
278740161
272554892
278585020
279008487
252040964
274843353
162977574
655008
276527090
176550198
273458694
275615382
277739907
273930021
273534839
277750390
276237803
273697139
193736758
278518429
261986172
273888265
278718585
278794476
276802077
433817
279134685
276809079
276078739
273729060
274758938
273698460
259310970
276061131
278997722
277566308
275852372
47438207
277384775
277944546
277281753
274761881
277224950
258820718
279096544
158774708
350874
278360689
277778292
703293
277927275
274420739
278069053
970550
273533378
275603496
263085340
277029279
278432215
277515697
41265462
555357
278443790
279231523
197971206
274942551
276922391
191808133
143970397
278739485
275466328
276734404
212935250
213936179
277907597
10317627
278599584
276529421
206359795
271433512
277515238
249694174
71957061
275922937
277043043
626270
273901075
278745779
277741910
207852941
203202274
278385284
277976926
270808306
214598375
271967090
274953156
275053707
275571709
277764280
277436481
245787197
270228395
74283364
272247065
171580938
262053157
278882954
33787532
1656011
7278079
277809174
277271800
270118629
213936523
277609157
273503085
137482249
263207603
270766720
194451804
274886192
20286470
179371995
271291261
6320055
279134702
277603487
106996287
276235825
213936309
273096159
432669
50215214
275985254
162124430
278768336
278676125
275055806
275591068
278117056
175550318
1079180
275792456
273183273
279059365
276924191
263389192
273328340
278611120
278995335
278882457
278853062
278644462
278481629
278399510
278382520
277976718
277764283
277583059
277311554
277281903
277214476
276923106
276502289
276400821
276120883
275882097
275187814
274596448
274579138
273583083
273504403
273391740
270991583
262048959
245787171
229791753
205973482
198537793
173126401
140722133
139969586
85399732
80417220
80358390
45123843
23593376
10124692
279145613
279071501
279066368
278905662
278869608
278863114
278863106
278815312
278809551
278611163
278477363
278092633
277750481
277603477
277218056
277212424
276527082
276527039
276273509
275874852
275630655
275453955
275064006
274871638
274193542
274184047
274056528
273953633
273868407
273183264
272425545
263080704
252024894
235728507
207852939
169818374
48949445
36678165
10371037
2601231
279180594
278933509
278870837
278742775
278642286
278638444
278432175
278095562
278053489
278018088
277496959
277374084
277252334
277184357
276933977
276911033
276840549
276486781
276139402
276034326
275705730
275659365
275015924
274997592
274810476
274571568
272526414
242101901
210137548
208739253
197687440
194134598
188057291
180609861
169127442
93924830
72331746
67271223
58497927
20013862
279073186
278863268
278676838
278530651
278360788
278229732
278074608
277978028
277975890
277915366
277866660
277613417
277215029
277173766
277034133
277017457
276414715
276395285
276248015
275878764
275705746
274759336
274069587
271408188
271221558
270956904
263795295
263078922
251262853
250251154
225267141
196488130
185005773
177286617
176573768
173481990
147564633
127033005
113528322
852932
279185806
279122076
278785572
278505392
278478360
278424924
278379203
278055109
277873272
277815092
277378921
277353338
277029377
276862601
276841220
276838356
276834666
276688155
275974254
275377027
274843725
274709263
274372025
273868413
273451580
272554871
253313366
215641241
207852937
205295028
203000865
199031976
198825152
178000366
154700146
73980290
49377362
11659936
8149202
1816783
279287578
279258667
278796538
278531035
278519058
278275157
277977362
277351209
277269613
276798113
276641004
276526870
276036671
275854384
275432534
275376794
274947922
274387673
274150314
274056515
273535968
273127806
272558730
271162872
263103896
263082128
257857035
254132146
253555905
249959134
242076192
241265953
208808758
208648689
199889561
116931622
61774264
41165170
847682
531645
279183810
279155865
279076566
279066373
278892964
278731943
278694532
278478252
278108918
278038739
277696645
277591313
277354747
277312258
277258899
277213806
276923157
276910528
276848914
276635046
275615386
275276100
274558765
274458936
273538135
272222931
271975805
263987993
263980933
262651235
252092980
209901275
189589404
178957815
146271895
92763879
34750529
29175018
1615869
386429
279120591
279016562
278790540
278757483
278478250
278226142
278092833
278055935
277915532
277809627
277566506
277522192
277489848
277425573
277353695
277348608
277271802
277212494
277212059
276952088
276949642
276115088
275055772
275055741
274963427
274674247
274453569
274031483
262605388
257787030
253271427
245787175
225914030
225212289
174558131
174182718
164084723
88941689
576971
572546
279258931
279154815
279058027
278962260
278882729
278867914
278575699
278518459
278378310
278161040
278117117
277977284
277589321
277348951
277348604
277227222
276528033
276094712
276043190
275583583
274535701
274454297
272161562
270975646
263763497
263103733
262512109
252913740
248619543
217826176
168771906
162100202
160784312
49477654
25423466
20647237
3802149
3793707
2907163
540417
279175482
279097475
279070365
278530998
278295502
278117609
278003566
277866662
277515695
277031559
276751222
276671446
276500236
276116390
275863696
275484594
275157489
274847951
274573552
274384078
273728956
272529422
272406281
271846052
271314652
263696240
250228963
214731924
209387711
194198632
173211589
128626318
55445290
23046239
17592089
7070113
3955775
1374359
652293
548773
278911369
278859969
278382683
278305872
277920195
277779720
277769396
277545156
277436511
277029269
276974552
276914818
276493084
276025181
274911828
274629387
274371462
273535865
273380824
272048029
271781635
253614101
249646830
248672250
248638380
247199800
215786445
214731872
201717853
200795302
160814504
137429486
73437399
68377425
56903409
55422211
36332859
879672
491760
429877
279189430
279128306
279127094
279096571
278896189
278746296
278641821
278599616
278451610
278449022
277864849
277497004
277353146
277214151
276923153
276919177
276323610
275882414
274833370
274832158
274713696
274463189
274458931
273669208
273643974
273546902
272225792
272058837
269955111
261967269
251395898
225267232
208068816
205518710
172024648
110996581
58708704
46247010
25188529
1667495
279183837
279160876
278904115
278875182
278817800
278806331
278446685
278108910
277941817
277610462
277591301
277591254
277425587
277348331
277313144
277174968
276922496
275854402
275478566
275111231
274453994
274070441
273397879
270244757
252398298
252050924
213936337
209298742
181358597
169545752
129009838
125346375
59072137
51597366
48896250
8817357
3017921
609135
491759
350885
278737955
278731988
278718631
278626354
278535933
278171018
278161056
278064173
278062092
277873837
277730872
277567275
277540152
277364492
277252347
276930768
276928762
276598426
276232755
275882990
275807719
275062111
274364894
273688844
273325300
272984493
263207898
263078920
253565612
250068965
249161240
208633228
202222613
188768201
163167096
159060579
104763063
66640896
61924094
626286
279148468
279116280
278967969
278901876
278892962
278526809
278296351
278226467
277969852
277387982
277349467
277227230
277227228
277213769
277212458
276528930
276526933
275552580
275133834
275000936
274922624
274656065
273826328
273359035
273212254
272425557
270921828
269902363
262807107
253228360
247454783
213936395
210138252
207281377
207281134
205831688
205617760
199581936
139294676
134349210
278739499
278610472
278524600
278371368
278069137
277764293
277463103
277436663
277392902
277348614
277212073
276601693
276527773
276273928
276173115
275925518
275822416
275615144
275478560
275148241
274145030
274058109
270770774
270766750
263084686
262799309
253136307
246070171
213860880
182851141
171586333
48541479
34746480
20486478
13780740
6544491
4200703
540280
491775
468931
279145226
279057054
278772313
278573978
278566816
278432205
278377630
278228760
278161109
278041232
277582867
277527595
277228194
276951978
276778489
276156022
276061117
275974055
275832329
275323166
275268640
275187843
274548155
274454055
272984628
270882923
212484607
198192458
192452445
189940162
58708807
36703670
36013784
35364280
22173213
8149168
7965690
626307
556221
493073
279104213
278610352
278432124
278381182
277565614
277268939
276672398
276333945
274161801
273691003
273537606
272251302
272198227
271541982
271419883
270107292
263949756
263584140
253396853
251085782
245787179
225267000
209906002
209900544
208917721
208907057
208560322
207852929
205539966
195103535
171580966
137243569
91641072
76552826
74571426
68585022
48980474
31516156
31516081
682008
279165288
278851995
277987863
277908109
277745182
277387980
277349400
277348956
277348650
277348622
277326917
277227215
276802138
276802068
276739513
276589847
276493451
276407277
276271061
276039317
275678925
274396001
274086740
274040836
274036024
273888515
273879889
273667832
273644794
273393991
273379873
272968013
271479301
270465339
230200932
198515543
176778460
172079238
159010358
77914132
279149719
279062493
278978479
278806515
278716949
278596477
278517422
278316900
277573852
277451919
277390254
277354774
277327095
277312260
277213793
277212079
276031585
275925759
275351532
275127052
274872147
274192887
274179437
274112833
272321338
271435220
270715202
262461935
261809562
249488221
249168154
230323821
213936325
212438231
204069453
193895483
192712892
188050458
167019693
655113
279134691
279076442
278147676
278092691
278069021
277741908
277740191
277348950
276856317
276687863
276625107
276252454
276224059
276028028
274948242
273832107
273129270
271946479
263413058
263303915
252909147
250739471
241667727
180749870
149781026
136596676
135552451
106362218
97707991
48541484
20054806
11287489
6216049
6067585
985509
879656
493036
491685
441232
392452
279181594
278873271
278872859
278851586
278832549
278749636
278671276
277597641
277581259
277489760
277374169
277327537
277271782
277174113
276922398
276834658
276834656
276061135
275852429
274179984
272558756
272425579
263584517
263101532
261970749
243807898
235365493
221230934
213860007
199036872
183223201
178096046
149778506
74426137
73438255
46772871
979122
915316
852930
401997
278852879
278807811
278765464
278730325
278724055
278533414
277929752
277874474
277869009
277745018
277043575
276486424
276326972
276074950
275974161
275939987
275792301
275256712
274826211
273454774
273418400
273354897
272402331
271510091
263973453
263703191
263080700
263079218
262061004
249875992
249161092
248498416
247541120
245787195
217125819
208560323
92010082
41374870
598718
541288
279081643
277610096
277354479
277349508
277348646
277348637
277316338
277227226
277215026
277215002
277214996
277214058
277214036
277212624
276959527
276847764
276738783
275992993
275728660
275466306
275055720
274734792
274646543
274175074
273868471
273379677
273262807
273218693
270956900
262846118
262053169
257859361
251536018
249576336
247887689
247790444
242076090
213936251
136014222
111107348
279097391
278794472
278686263
278520094
278004978
277907589
277884304
277716005
277685935
277554724
277354815
277353697
277214140
276529750
276502386
276058373
275850630
275615131
275552419
275516827
275062115
273356211
273317009
270256855
255299077
203846204
203845911
197377326
163132317
160814620
146286590
13334252
8093144
3047999
1066188
654980
607670
558381
350869
350866