279177097
279103959
279083874
279040187
279029152
278930656
278878843
278855712
278851848
278819086
278805056
278792842
278730052
278710248
278577391
278529054
278481327
278169815
278037701
277969515
277769677
277540378
277529200
276327686
275941444
274142757
274142753
274120378
273321949
273306186
273303787
271046115
262859732
257869180
253324642
198285507
197530385
193102035
82388915
2565261
279104500
279097821
278863211
278855865
278815778
278811607
278757809
278745971
278745904
278745863
278730001
278727527
277837355
277627487
277603275
274677513
263450754
263450720
263179578
263097861
261808321
206715289
206715281
198285621
198285529
197897311
197530367
193101378
192951404
192951374
192173934
173449563
122521856
86424470
48754808
31648788
3782535
3770051
3770043
521799
279085322
279030750
278972991
278870845
278855837
278855820
278855761
278810843
278757668
278745960
278745880
278730108
278729958
278722724
278596650
278526330
278443334
278384163
278327140
278322343
278247421
278160510
278098949
277875658
277587914
277163846
277020604
274142375
274133766
273307783
263450792
263450736
263450709
253322938
86424453
55423017
12341254
12136162
12130555
10682950
279104344
278160540
277835474
277809548
277551961
277540116
274675371
274674566
263450609
263099010
263098040
263097809
263097650
263097488
263097172
263097134
263097118
263097114
263085307
250076459
210514107
210514038
198562398
198495168
197897378
197530387
193102105
193101698
191925760
191779562
190878563
179928719
122521788
87045179
87045085
82387797
58711076
55286759
55285366
55285364
279202687
279104142
279017731
278896696
278855789
278855765
278855598
278838139
278745980
278745975
278745897
278730295
278727438
278722696
278722690
278293765
278160460
278076385
277603258
277378471
277020620
275941564
274098365
271315097
271314981
271289344
263450680
263450651
263179542
212961700
197897355
193101902
122273603
89481598
89481534
88043622
55288629
48983678
14938291
12137805
279104311
279033134
274677723
274675546
274673398
263489687
263098616
262903876
258673140
206715303
206715287
206715249
198889620
198562307
197530483
195696973
195696913
195472312
192951525
192951499
192951275
192173846
192173758
192173750
191779545
191144391
171591797
125506968
125506956
116567433
107004577
107001800
101871151
87045344
87045158
87045140
86424459
86424434
86424416
71683189
279027711
278722657
278722630
277872726
274970562
274677717
274676580
274676196
274675782
274673819
274673575
274673488
273305833
271458319
270052955
263450732
263450678
263099058
263097501
263085323
261840717
210514069
198285523
198285338
197897299
193128816
193128794
193128734
193101666
193101556
192908958
101262322
90117460
74036018
61553598
58711336
58710894
31648808
22986502
4426709
279058901
279032950
278952472
278855771
278855615
278747111
278745973
278730323
278730242
278730166
278730005
278722675
278686904
278230300
278004809
277994844
277924127
277920276
277886811
277600652
277551829
276951134
274141941
274121142
274118660
274118656
273306326
272915640
271294740
271288709
262876283
261995031
261994762
253324446
212963815
198285617
193101835
82387586
74678211
10827222
279261895
279143831
279071974
278855875
278855856
278745967
278722663
278677137
278065305
278055549
274678044
274677439
274675888
274675826
274673899
263097753
263097751
263097163
242882878
197897370
197530461
197530459
193101499
192951432
191780490
191779397
191779178
191144406
191144366
117374981
107004575
107001942
106996679
87045238
86424436
78553686
58711078
45462224
25002214
11902574
279104514
279103963
279103950
278745876
278730260
274677668
274677060
274676398
274675925
274674802
274673674
270134892
263489695
263450760
263450693
263104729
263100137
262974370
262797397
262706808
250076201
247902381
210514086
206715315
200976818
198285432
198285412
192450745
192074639
191144458
191144426
185331306
171592571
125507235
122273649
115694918
84566750
76152750
37152105
22988300
270052842
198285545
198285464
198285390
198285366
196220910
196220837
193101746
122521869
88809605
78553737
51990831
48755294
546222