278938997
278730355
276591279
275592646
275306986
271370008
270791453
270444974
270131410
259459483
225386427
225386188
220795066
218013677
217991409
217938360
217890147
217890094
208070671
208070624
208070613
208070594
208070584
208070553
199142761
197165153
191089728
190155513
186634432
74861064
74457307
72947266
58605308
55724743
23299503
10776857
1374395
1374387
729709
557814
279122729
278152801
275874092
271312289
270435135
249815281
225386536
225386409
225386311
218002905
217937283
217928722
217890697
217887625
208070669
190864350
188543610
174316947
168900660
158710363
138941763
54389395
47451250
576515