278715759
278242178
278241628
278230829
278158541
278138713
278138647
278129085
278040102
278024750
277357492
277171709
276090941
275279542
275266767
274953637
274952050
274952048
274869994
274728416
214730916
213997292
184096103
173764541
106996381
106063767
92492870
75615273
75535715
72667834
71957923
58342212
50356119
44300940
38223381
19276024
14790618
8818431
7822079
6461887
278989418
278732892
278718851
278717235
278310010
278309746
278129058
278128993
278067761
278060959
278024735
278014946
278014690
275277224
274953650
274953610
274728420
274724307
273942017
207207921
179063966
177703661
175433178
136126085
129381385
75615221
73315758
72878583
59618902
57761622
55505747
49904794
38223383
24404720
19790428
19276003
19275985
10678954
7493817
888708
279066182
278849227
278790723
278730007
278430967
278309761
278066009
277945139
276834902
276058554
275705478
275266882
274724281
274608344
274560913
274360162
274120513
251872600
251872571
216462280
210946628
117113276
108893443
87836564
71325168
71322896
63587134
54609016
44026892
38459619
38223387
32164710
19790488
15358788
10869020
10399104
7775718
7493813
6621291
4675497
279046808
278790430
278714914
278013652
277962585
277927311
277728816
274953686
274953622
274953615
274820837
274728418
274569512
274187324
273548832
273547558
272618699
272422879
272405463
271959219
271628458
271100270
263104940
251885273
216206229
215560780
200985494
173885958
151830628
146270327
105529448
86975497
73753322
71958454
35750712
11616134
11616132
11407083
10399100
631760
278730726
278730450
278430965
278241019
277954319
277910898
277728861
277726042
277582142
274953648
274952073
274952025
274825381
274806163
274146028
273774147
272352716
271631013
251885298
250074012
247905449
177736589
129381400
119108461
107804130
82936127
76217977
75533757
71958159
52491439
49762658
38223379
35750573
12707393
10012192
2619501
905104
860770
602440
447857
279070517
278849212
278310023
278309856
278309759
278230880
278117058
278041433
278005176
277860652
277772867
277403404
275277466
275139994
274953606
274120629
274120602
273585730
272422139
271726963
248009423
242443853
213997316
212263118
209333084
190180960
188229209
176437598
173672070
137442945
125101095
123741240
102911233
96112628
72027523
34575284
24602037
14763447
10399106
7493837
278230003
278159408
278138366
277812909
277341793
276163572
275128582
274953642
274869975
274569425
274568723
273548876
271960488
251736844
242992958
214730896
214730851
212261732
207811660
201774972
197906530
195505309
174933112
154126228
115533829
109322300
107211601
104370127
84872460
75629511
73753626
71658956
70844537
52727504
23247521
19790518
19275990
7003909
1060882
970932
278849265
278441882
278310100
278310067
278309720
278309625
278309596
278309592
278156648
278117180
278012762
277990341
277881052
277880486
276851279
275277661
274953651
274952111
274146040
200833277
174291908
167507229
163825913
105531553
63587142
56373821
52262989
50356121
41125514
27960131
24343875
19790476
19773246
13797246
7239259
6875551
6644039
6541111
1060870
656998
279070541
279046951
278849278
278802556
278306344
278129128
278035677
278024746
277912263
277582066
277486783
277396425
277136381
276843264
275280478
274953636
274953604
274952113
274560677
273678162
213674117
187011062
180399977
177721840
168866933
74451271
73753125
73753066
71958259
48476210
38223393
35750716
32802874
14790801
11384277
6621267
6470223
657020
657001
656995
278686784
278462039
278441886
278427821
278315462
278310073
278230074
278117062
278047956
278015968
278005118
277880437
275277282
275226829
274635467
274629059
273585643
273547470
262503710
250071066
247905073
247904069
213676503
213534436
204817429
197337594
150633304
116747392
111177029
98879650
90742699
71958577
51030947
19790500
10393740
6426695
3159257
3136197
2299059
888746
279046803
278907269
278802402
278304611
278017090
278017081
277728647
277726347
277566262
277378875
274953677
274871123
274870177
274820960
274820843
274175364
274146034
273699747
263412982
263104091
251885300
249946152
187011027
175526805
172161469
170956494
167549064
143274612
106061810
77328639
75754417
54609024
37699897
34571193
33543727
33543693
27639434
19790496
7493845
888720
278967686
278310121
278310071
278309728
278309594
278024748
278005098
277910865
277908766
277864992
276843186
276058429
274360292
274120515
273832143
273411752
273283833
252576620
252099181
248009479
247905443
243245748
210969009
187010981
182149677
173556252
162399303
129381398
73147334
52281709
52262930
51029286
50721366
49369883
38459622
34752061
19276031
2822861
809815
602445
278117164
276517436
276119586
274953670
274953627
274936537
274871267
274871056
274842753
274360154
274289768
273584932
272309743
263981261
253300025
249660494
249373269
217123736
213997298
208886350
208783844
207295397
144353422
140635211
110047797
108912354
97104414
83503452
72668133
41233861
38166598
21019135
19791716
19790490
10578077
7493821
4371183
1038194
656999
631678
279268837
278309828
278309732
277912278
277908751
276058490
274953668
274953653
274870493
274820849
274560871
274499064
274170990
263101570
252099647
247405781
212260874
208405342
177266724
160836705
146273570
124893213
96625571
75753877
74494233
52233140
41549142
39311495
19790524
19790511
19276016
10578075
10393475
8657608
8452949
7775716
6470219
1060876
860772
860768
278309864
278309846
274953616
274952028
274952023
271132413
270694218
263336532
263264684
262798943
252322066
252099050
252099002
247905447
247905064
247904177
247904018
242443923
210978450
209125776
203846395
192694184
187011459
179122075
178545230
156001018
144410852
144353565
116955229
116937816
106006576
105099569
97890733
87830367
87826919
85306496
7005911
6084301
2172771
787571
279070533
278882459
278431243
278115913
275842821
275842733
275277557
275277531
275277516
275277510
275274712
274872233
274871204
274871157
274871133
274871105
274870022
274777068
274195505
274170953
274036122
273585811
273548536
273283890
272621023
272405919
272335910
263103780
252099438
216211333
207698277
170981727
170970890
167507851
156641746
97440832
97338911
85296325
71682258
35573021
278713798
278309722
278230482
277929796
276163612
275277584
275266904
247904014
243245776
242992962
203847033
203092516
187608671
178461665
178311243
173764551
172923154
164061513
163826821
163815953
147866759
147866721
106863836
82386918
73257338
71353267
63587074
58709902
49077763
48658387
47273261
47273257
45816679
35750690
32559762
22051315
15444185
15271651
10302239
7493849
279269808
279269772
279268603
278868582
278802562
278716048
278715950
278016784
278016281
276058278
276054636
274569518
274561130
274559255
274120694
274120552
273607421
270700167
262792176
252050173
252049522
251733655
249945359
235853708
214730902
207811652
200627853
187011437
187011414
187010920
174182668
174182588
173911225
173911182
166155158
157824608
146271505
146270647
73291858
29358313
278716058
278716004
278715959
278715337
278309776
276058304
274777093
274560158
274289922
274289555
274120519
263101490
263101466
252714306
252714298
252050692
252050204
251734679
250743428
250742317
248880578
213997337
207811658
205802120
200985096
187010916
180399961
178333771
174182683
171581141
166341359
164060958
162532321
146275364
146270331
100297317
98128759
87569233
76378728
36328350
279268917
279268481
278747431
278310102
278310061
278229922
278229467
278017972
277908703
277878079
277388102
275277631
275277497
275274773
275266914
274953671
274952015
274821105
274175546
273832139
273785936
250741874
187011394
187011095
187011075
187010932
179735605
174558270
174182666
170970189
164429918
164061037
163824717
146271488
109455095
105663906
76015661
49707570
28295046
22169372
278715299
278714616
278315466
278310106
278309930
278309860
278309826
278309792
278309782
278309598
278306342
278304921
278304919
278304713
278230884
278230873
278230789
278230765
278128990
278116003
278115806
278115692
278022979
277912255
277135721
274953682
274953659
274953602
274820908
274820767
274820685
274796895
274175438
273785614
273785226
242992976
106542166
75553503
37266183
11616130
279269428
279250818
278715966
278603697
278310078
278309862
278309854
278309763
278309748
278309428
278309403
278230767
277136290
276798717
276108057
275266949
274953634
274724298
273785978
263981016
263694341
251897511
199171804
188033183
186080338
180104010
106859658
106443481
96927622
77203980
75754653
72027525
49904672
38223377
32548965
32546418
19790430
14790807
7493841
1592317
274614355
270704699
252402833
252166213
199171893
188785990
180104017
180104015
173748417
75754749
75753004
74852417
58341960
51990657
51990647
49373210
49369651
38223389
38223384
30752550
26090719
23911894
20318701
19790444
19276035
19276034
19276026
19276020
14790775
14790769
14790759
14307803
14041317
10869018
3159399
2822867
2822859
2822857
1592327
860774
278427819
278305163
278305150
277388099
275912950
275283981
275277668
275264723
274952035
274626222
272292228
270464424
252714290
252099643
252099581
252099146
252099034
252099028
252099010
248009428
247905071
242101787
180846722
177968147
138574081
114944787
105191958
78632853
75752868
74795977
71658109
71168111
39729092
38459618
25922161
21369326
16279450
11515251
3802049
2172777
278737884
278431239
278315378
278304522
278304042
278071824
277963094
277378938
276854535
276840350
275038669
274871241
274871068
274870772
274870150
274863021
274036189
274036022
273246217
270735994
262526540
253300022
251918452
209334892
208387209
195192492
177264165
170979606
162214413
137431801
117408998
116902762
111198805
111186533
99619024
98748548
90737518
76378726
53996044
1227669
279046542
278310123
278310082
278310052
278304693
278230848
278116018
277414012
275266646
274952011
271287749
253300020
251885308
250071634
243245796
203845823
201003182
194148362
190826837
187011077
186237329
166643806
164436779
163825805
125762736
125761654
114601872
96927577
68418516
63187290
51252512
41233875
26084559
7590993
279269298
278967724
278967645
278802510
278016049
276058398
274777095
274560944
274175533
274175462
274019049
273183904
263207889
252714296
251734450
249373261
229977182
229976655
207811647
197687432
197337484
194451547
188033145
187011141
187011036
180399963
169818627
166135666
164062391
162327011
160671682
157824616
151950646
119026358
116573579
109368923
70202689
58709913
39375986
2366371
279268938
279268627
278967942
278868570
278716056
278714648
278714435
278714163
278016053
278016047
277015417
275277009
275274667
274821069
274560008
274499086
274289319
274120638
270453647
263303938
263207807
263101425
251733307
250741863
248880582
213997324
205802122
183505744
183501168
174827214
170963029
164440243
164315890
164057152
163821700
160671714
146275343
146273615
91089586
85560154
278868599
278868566
278787964
278733162
278715974
278715962
278714159
278713954
278713796
278315353
278310119
278309885
278309600
278309590
278071117
277931366
277912265
277015526
275934787
274953597
274952033
274777097
273785875
270113025
252714304
252050644
249945509
248880580
243245766
229978159
193045272
188033155
181267664
176509081
172025024
146272425
97917071
58709933
57730928
34956340
278714788
278593162
278315464
278230756
278230736
277812947
277779963
277015350
276521480
276058593
275283953
274953632
274952054
274569469
274360314
274166024
273772082
271620680
270700117
251885304
214730904
213997349
180104008
174099377
138423083
129381094
106457465
106445305
75754587
74852265
73753543
73102185
72027529
55505523
32546404
19790440
19790426
10399108
7493833
2805791
274936442
274528108
272310064
250074266
250072588
202784100
199171654
173748411
149534843
149496036
142237950
126481911
77222300
77221397
75616400
74853058
74851433
74851254
56373209
55551509
51990676
51990662
49187562
49186055
49185904
27957156
23783559
19790502
19275988
15358790
11521888
7775720
5495327
2619509
1673529
1673527
1024351
631752
533921
414090
278715703
278309866
278306432
278304578
274559871
274559781
272309951
263973521
262836628
262830571
252854343
252321948
252167940
252099683
252099645
252099585
252099579
252099460
252099193
252099004
249823243
247905084
247904150
247904146
247904046
247815046
247815033
242101756
203844213
194773264
187608411
84593531
75754701
73753398
73257327
70844531
53241739
52144433
14307799
10869016
278687881
278603710
278589355
278441884
278427823
278115884
278115839
278032742
277864905
277400626
277356654
276798699
274953596
274871200
274871151
274871019
274777091
274566284
274361222
274036281
273409675
273283986
273246168
253300013
247815037
212260350
191281524
150633996
116966231
116963313
116904048
111183794
97876756
95316777
48813118
15080417
8650165
3801233
1673617
905108
278392741
278309976
278159592
277929770
277912269
253275535
250742171
235815368
207811645
207811633
203844573
203840746
187011091
184096112
183506403
176057579
174377494
170969179
164429732
164062351
146424262
129381392
114601860
109579400
109329372
102917932
76119594
74984782
71657241
51334695
48603028
37266205
35573777
34750210
29357798
16283593
11616128
10399102
8656856
1227735
278712975
278016807
278005915
277912253
277728470
277416174
275266804
274953673
274560644
274120617
274120590
273775850
263209560
262792178
252050827
249373265
213997314
187011031
186080445
183507076
178831323
164432768
164430525
164430152
163825173
162350151
160671680
153409150
146274651
146274323
146272331
138932578
98128770
98128551
55680751
54609020
52263055
52263019
34750915
2366457
279269714
278967667
278791836
278309730
278041570
278016801
278016079
277727158
276058375
274821004
274561134
274499401
270453727
252050538
251998836
251983688
249373259
245772272
215136574
214730843
213997312
187010958
187010894
183539436
183539273
183538712
183506025
181904820
173911141
167011759
166156401
157824658
157824612
146274329
136143508
134020420
73498422
47273259
35862183
8306151
279286815
279269388
279269320
278716014
278715289
278310127
278066421
277812930
277136138
275495630
274953618
274953609
274941618
274821046
274820788
274561069
274120567
273773047
272620204
263703000
248880586
229978753
215136570
213997355
213997310
187011088
187010922
183679563
173945207
170969474
164287214
160671692
146272410
140635227
140622371
106457317
49377739
21536786
7719934
2791453
278907233
278791319
278716020
278310125
278310050
278310012
278309978
278309870
278309868
278309744
278309726
278309602
278304925
278304645
278230769
277912267
277908716
277844679
277799931
277777344
274952105
274952091
274054412
252402133
217750956
213997328
212597863
193895826
192949606
186070266
186069843
184096106
170967658
163821634
146271495
105740431
75552003
48658386
19790494
14307805
275056913
274526799
271288882
252400375
250073742
247405806
247405800
247405779
208056285
206190662
199172061
199171716
186495651
186080342
180104025
91544577
87570974
77221200
75616543
74848846
73752987
72878585
72668181
72667998
56374156
55592759
54380447
53924658
42174151
36517387
31994580
23300471
19790498
19773258
16260128
14790803
14790763
14307801
10869014
4440953
278714179
278305064
278153002
274646509
273786092
273353813
272359397
202659317
175526781
166159558
151950538
115978575
73752636
50247848
50215666
38223375
32159261
21218864
2822863
2299063