278745063
278745051
278692939
277911813
277528007
277306352
277306348
277306336
277306316
277306306
277306262
277306240
277306234
277306226
276811812
276810789
276117551
275716184
275185573
274145490
273897365
273888427
273888415
273737647
273713889
273611892
272059152
271484883
263453669
252786366
248420078
210275429
204804958
197952143
171184629
167615473
48595526
2902217
493278
409053
278620256
278225961
277727775
277483868
277383926
277306350
277306344
277306330
277306323
277306302
277306300
277306296
277306281
277306278
277306242
277306227
277306224
277306214
277306212
276823258
276674168
276165684
275894101
274170399
274064116
273980493
273888555
263494213
253470231
246282666
213562808
212939433
208633187
204051990
197920647
186110165
102766676
37943524
34434290
320934
278847949
278740020
278681868
278620262
278225959
278225956
278225955
277496312
277306362
277306360
277306356
277306342
277306340
277306332
277306308
277306304
277306284
277306276
277306267
277306238
277306230
277306216
274064829
273990936
273714124
273493449
273081724
271379257
263453883
263453858
249273189
247722531
210882377
200726657
161488316
79115902
77221092
56512141
32184536
22172642
279268183
279130933
278965011
278745765
278745696
278225951
278022790
277727797
277306338
277306312
277306294
277306288
277306280
277306272
277306265
277306258
277306248
277306246
277306244
277306220
277175470
276841575
276734194
275083257
274077400
272332770
271489779
270205787
263453800
263453367
255462749
254094064
253585808
249675099
247346623
243096455
215730446
213673273
167615506
141367840
279309376
279307829
279295629
278788577
278620219
278595357
278432231
278225952
278225947
277964842
277483906
277306328
277306326
277306264
277306232
277306222
276859761
276678624
276173095
276166238
276084210
276079623
274356526
274025577
273408007
273270729
273085531
271261755
270704607
270703664
253311433
241980918
222665648
222665596
212044613
203846974
201430938
190601864
180592922
81510822
279130865
278745751
278745733
278745711
278745079
278681870
278225949
277306331
277306320
277306318
277306310
277306298
277306291
277306290
277306274
277306270
277306257
277306254
277306252
277306250
277306236
276665059
274191424
273775742
273641814
273461729
272048147
271983224
271829250
263494493
263453336
262934560
253410309
252400214
249822600
249664245
248636860
222665608
198651105
141354708
278859758
274172719
273787715
257610515
212238265
210428806