279044842
279039559
279039073
279036785
279036348
279033860
279033842
279031477
279030580
279025957
279025938
277375556
274675934
274675598
274674580
274117484
273310373
271315145
271301368
271098980
270073029
270072953
263388445
263101044
263098470
198285231
197897321
197620732
192951484
192951177
191779597
173945044
147575697
125506962
121678639
117375029
101871814
25204031
12193952
489716
279039553
279036374
279033230
279032609
279031437
279031108
279027057
279027039
278818521
274676184
274674866
274673651
274673480
274672907
274142363
274133719
271354515
271315194
263104274
263097536
263097505
263097483
263097457
263085342
261840878
198562153
193102053
193101539
106351386
101870756
86424451
74207878
9950318