279043813
279041957
279041048
279040145
279040031
279038987
279038340
279038314
279038258
279037602
279037172
279036434
279036292
279035193
279035047
279033710
279033274
279033192
279032251
279031930
279031852
279012720
278966172
278859824
278840903
278728443
278714303
278714289
278153747
277551639
277551294
277462141
277395848
263771962
263098436
260803546
198103395
192951422
22610636
2057177
279046382
279045588
279042429
279041625
279039875
279038957
279038635
279036322
279035836
279035822
279034070
279033996
279033698
279033388
279033256
279032856
279032832
279031782
279031762
279031537
279030902
278870817
278730327
278729975
278722714
278456496
278153825
278153744
277550766
274676460
272430606
263775900
263767668
263763581
263763370
262656772
212110143
200976855
191044482
22985893
279046512
279046358
279046134
279045554
279041901
279040914
279038963
279037676
279036266
279035087
279033988
279031874
279029729
279027639
279026916
279017519
279017493
279017455
279017453
278965795
278965588
278866714
278859511
278856187
278856087
278856026
278856011
278818609
278745915
278729987
278153959
277551323
277551058
274675403
274674704
271444716
258638710
190725819
179930081
74036126
279017554
279017504
279017480
279017465
279017441
278990590
278969230
278969220
278969156
278965775
278965738
278956496
278954899
278859749
278859743
278859592
278856217
278855917
278804729
278745935
278730086
278730079
278730029
278730009
278730003
278729966
278729956
278729954
278720030
277551306
277461359
277461277
277409849
270098180
213936756
197337437
101744211
12282696
12275053
12133161
279045742
279044474
279038979
279038300
279037768
279037132
279036432
279036270
279036236
279036230
279035868
279035199
279035161
279035091
279035039
279034977
279034965
279034925
279034752
279034706
279034691
279033912
279033172
279033038
279032922
279032904
279032898
279032665
279032346
279031776
279030744
279030738
279026206
278859872
278859271
277461317
198192601
192174018
191621088
86424380
279038366
279037876
279037800
279037696
279037684
279037072
279036954
279036318
279036282
279036244
279036192
279036178
279035812
279035682
279034104
279034090
279033968
279033930
279033884
279033856
279033838
279033382
279033352
279033316
279033314
279033270
279033024
279032878
279032840
279032703
279032683
279032291
279031804
279031794
279030772
279030656
279029868
279029725
279029691
202962030
279046478
279046458
279046434
279046390
279045726
279044432
279044224
279044208
279044184
279043857
279043841
279043144
279042583
279041529
279041052
279040539
279038523
279038236
279037538
279036978
279036839
279036533
279035726
279029035
279027877
279027361
278153931
278153921
278153909
278153895
278153891
278153887
278153831
278153753
192173936
192173840
139514040
117374911
87045231
37659345
279270148
279269970
279134164
279045058
279039751
279039689
279039591
279038657
279037576
279033950
279027795
279027505
279027017
279026316
279017567
278805070
278713900
278153889
278050723
278050455
277940813
274676009
274675514
274674742
274674460
263777010
263099028
263085292
230139064
209603514
200976895
195283738
194086890
190737489
183719761
181567293
179754095
166389388
66229176
22985077
279040097
279040037
279039867
279039531
279039369
279038541
279036352
279035888
279035143
279034943
279034876
279033880
279031523
279031509
279031110
279027553
279025886
279017506
278979555
278969336
278969115
278966024
278859837
278859829
278838219
278804652
278745946
278745872
278730367
278729983
278154011
278153985
278050511
277551211
270073007
200976889
155780989
155650932
154027664
115694826
279037716
279036803
279036613
279035734
279033320
279033166
279033126
279033080
279033030
279033010
279032864
279032691
279032681
279032421
279032407
279032351
279032345
279017740
279017659
279017443
279017399
279016803
278989414
278965370
278859845
278859727
278859264
278855995
278826910
278781460
278730240
277551589
277461283
275588429
271444739
271363487
261995636
184773275
63962488
12283830
279044410
279042175
279041793
279041751
279041635
279038470
279038432
279038370
279038344
279038320
279038288
279038262
279038230
279038198
279038194
279038104
279038024
279037978
279037942
279037798
279037770
279037760
279037682
279037680
279037652
279037530
279037098
279037054
279036994
279036948
279036755
279036753
279036751
279036340
279035798
279035053
279034899
279034716
279033976
58710956
279039117
279039113
279038897
279038222
279038136
279038068
279038000
279037704
279037634
279035824
279035750
279035696
279035095
279035015
279034999
279034677
279034068
279033832
279033764
279033708
279033700
279033692
279033344
279033304
279033182
279033110
279033076
279033002
279032978
279032888
279032796
279032788
279032713
279032427
279031768
279030876
279030588
279030576
274673587
192173878
279045988
279045556
279044428
279044256
279043628
279042657
279039755
279039395
279032896
279030788
279030251
279029857
279029801
279028935
279026766
279026059
279025941
278154029
278153967
278153927
278153924
278153897
278153871
278153861
278153819
278153799
278153755
274676829
274676504
274676469
274675680
274674399
274674366
274673880
274673549
274673397
195472249
192951193
118522794
25201851
279084692
279046418
279046354
279044368
279044058
279044054
279042810
279042597
279039767
279039343
279038975
279038352
279037880
279037640
279033848
279032301
279032203
279032165
279031431
279031016
279030542
279027119
279026790
278870819
278804915
278804845
278720585
278719072
278714566
278153901
277994194
263764402
263763570
263763533
258638428
191621076
182804549
91089821
63875428
10670832
279017663
279017633
279017543
279017478
279017445
279017419
279012837
279012825
278988525
278969290
278968850
278965563
278965446
278955657
278954142
278870825
278870823
278870804
278866657
278859874
278859855
278859767
278859706
278859251
278856119
278855947
278840961
278838227
278804556
278745917
278730193
278730088
278730031
278729946
278727290
277551980
277551621
274133815
271289591
253182545
279045002
279044260
279044080
279042073
279039965
279039415
279030263
279030259
279027091
279026985
279026957
279026951
279025977
279017482
279016857
278968744
278804699
278730011
278154067
278154057
278153935
278153881
278153873
278153857
278153817
278153807
278050660
277462125
277461970
274675740
258634510
253089456
198996223
192419899
192173948
190725974
179930522
171653852
118522800
116145005
279046022
279045878
279045868
279044292
279043845
279040051
279039693
279039649
279039101
279038252
279038212
279037980
279037904
279037854
279037778
279037710
279037686
279037616
279037608
279037604
279037488
279037046
279036946
279036801
279036346
279036332
279035834
279035175
279034829
279034746
279034726
279034695
279034651
279030890
279030778
279027765
279026981
278153907
278153833
49641366
279038400
279037932
279037788
279037534
279036930
279036547
279036370
279036302
279036204
279036148
279035846
279035770
279035722
279035688
279034074
279034058
279034012
279033934
279033896
279033334
279033280
279033196
279033140
279033130
279033108
279033104
279033054
279033044
279033018
279032715
279032607
279032597
279032447
279032397
279032387
279032145
279032137
279031583
279031365
279030618
279135702
279045040
279043194
279041953
279039849
279039171
279039033
279038859
279037736
279036986
279035908
279034653
279033324
279032425
279031453
279031068
279030598
279030558
279029939
279029745
279027958
279027709
279027450
278805466
278805011
278727580
278153943
274677955
274677779
274677738
274677493
274676736
274673627
263773284
192419893
185340339
115694905
74207818
58710371
22985908
279043990
279041627
279040073
279039601
279039573
279038983
279038621
279038597
279036126
279034793
279034734
279032429
279032179
279032077
279031840
279029569
279026613
279026531
278153789
209603519
74451693