278856981
278851379
278760226
278722778
278682938
278681244
278636708
278238287
277552738
277024636
275839223
272527073
272525992
272521996
272517925
271846129
271473338
270678975
262037826
249921317
249875533
249875530
249875525
249875518
249875154
206491191
200779090
111688766
101548559
95289180
71898421
56727587
50329792
26708812
2987219
715518
715475
535772
472118
472110
278540697
277997744
277722186
277552961
276414798
275771296
275359092
275235245
275074525
274069417
274069415
273670820
273406177
271456409
271158332
270963420
261974813
249921232
249875174
247934546
207755482
207754252
207695922
206491187
201244139
201243812
201113367
192950781
169778456
113642133
57705040
49729051
36565218
36433995
20424660
7978776
2987231
2225153
1580387
278677288
278496274
278451321
278036204
278009871
276545322
275542054
275482094
275339994
273670900
273406157
249875529
249875515
247934514
247741403
210138584
201243491
201243367
201209996
195972113
175211976
137423748
90851357
87630694
87582753
85560172
72151971
65008054
49725049
34957247
29290844
22783456
20130179
9687434
7773051
7737601
7736556
2987233
1735745
472120
278123640
277722130
277570249
277570099
277552933
277416363
276847710
276412197
273950705
273670868
272161455
270744485
270711452
250230289
249921254
247741494
247741470
247741441
212961122
208778447
208778374
207035120
207035098
201244158
201243440
201210008
201209988
141297963
113588629
113437562
76086901
72305352
49725537
29290808
29290804
27798881
22783782
7772966
4423753
2422653
278438659
278151893
278123627
278076808
277570604
277552683
276542531
276478638
276319996
275771395
275290535
274105008
272161153
271472896
270963410
270766182
252168038
249220239
242693594
212314878
201243611
201243531
201210002
201209991
116167315
113606500
99158710
91031493
87894823
87569943
86947313
86930560
66122768
49572521
40939558
26598912
19410189
7655149
7652796
507037
279189683
278603017
278226375
278210125
278076754
278021021
277808356
276545292
276543261
276542718
276471664
276024271
273441134
273238854
271527520
262055742
262053131
249938160
249921300
249921260
249883980
249010224
247741506
247741457
241748787
210138402
206491183
204393972
201243499
201209990
168900757
91816325
91816123
91780324
91775520
72769089
39376499
36313844
29290802
2987241
278500586
278496276
277571461
277552892
277498410
276545306
275942224
274946301
274191797
273941512
273406155
273294619
273284297
267342725
249921181
247741468
243086149
241748806
241748789
210439055
206374335
204416948
201243809
201243528
116167338
113919140
113451067
105737821
105737811
91003350
87894582
78279789
76781496
76089501
56596026
29290820
29290818
22779931
13808487
12291292
278976804
278496228
275425065
273271869
270744483
270700214
249921319
249921256
249921241
249875512
247741412
247238591
246772864
243086143
206491193
196180808
176080934
92552216
91056254
87895141
25273092
7773361
2987237
507034
13761538