279131486
276445948
275551721
273951313
270767572
270145050
262525585
262525565
253267904
247019153
222666096
221223548
202239167
198228434
196382167
195765526
194954063
194807327
190827253
190705657
187225173
185438384
180723664
171825185
171821231
159717930
144597134
86148865
74953479
58213080
52798281
34750947
34744727
11445038
1215253
538422
532298
532293
532292
532279
278769888
278696433
276450702
274191539
273880542
273805577
271381449
263067619
253267902
253267900
247019198
247019159
243091085
242798160
242075303
214827754
214498224
213669697
213490021
203201392
195650799
195545324
190705665
189633374
184491389
183768938
181992276
181474828
180722217
176804133
172344754
172328134
150114554
150050983
137483194
111349989
111332689
100293908
90514182
61891367
279258240
279157733
278701578
276349465
273912656
273825662
273825660
273726546
270693210
263592671
263592665
263067124
263044438
252580772
251772561
247019179
242265337
222663250
216462165
213489756
212558294
202154474
201431039
196190391
186165930
184414229
170831631
170831108
152205194
152205191
124893014
120183206
102074773