278739480
278216498
278045538
278025229
278024124
278024112
278024097
278023924
278012669
277867769
277856998
277812979
277812520
277728224
277638458
277429471
277428882
277428374
277428360
277422931
277422930
277422850
277422759
277422728
277422702
277419169
276828197
275676836
275406606
274932291
274927643
274927641
272446715
262016016
216090597
195545304
191148802
174830022
111285062
442424
278045412
278045371
278037292
278025227
278024582
278024491
278023861
278023628
278023613
277867805
277855443
277855425
277812649
277812597
277772681
277772657
277772597
277429549
277429189
277428834
277428822
277428778
277423066
277422840
277422750
277422613
277422572
277422476
277422261
277422193
277419559
277419087
277418842
277418750
277418591
277418583
276388836
270682954
204027437
191353781
279209594
278092028
278045416
278045383
278045312
278024561
278023997
278023872
277915458
277915411
277867799
277867669
277867667
277855569
277855522
277855368
277812808
277812804
277772799
277772623
277429595
277429532
277429444
277429390
277429350
277428990
277428858
277428752
277423016
277422864
277422281
277422205
277422066
277419185
277418975
277418400
276830371
275402816
271455805
71990280
278114451
278092090
278092068
278092042
278092020
278045527
278045514
278045482
278045420
278045365
278024232
278024175
278023961
278023938
278023885
277915461
277867627
277772806
277772719
277772630
277637875
277429589
277429527
277429441
277429415
277429398
277428307
277422716
277422543
277422478
277422064
277419508
277418817
277418408
277418325
274761561
270834385
263060067
178303727
175798247
278092096
278092060
278092027
278045329
278037330
278024499
278024158
278024013
278023954
278023836
277856862
277856824
277812587
277772820
277772807
277772711
277772658
277429239
277429000
277428955
277428566
277428544
277428238
277423334
277422668
277422568
277422267
277422171
277422102
277419568
277419417
277419401
277419341
277419001
277418957
277418605
277418406
273664521
242500078
195545296
278737262
278092040
278092014
278045490
278024244
278023896
278023820
278023623
277931503
277856878
277856864
277855523
277855483
277855364
277854868
277812830
277812720
277812688
277772609
277429626
277429202
277428631
277428590
277428226
277428053
277423333
277422778
277422546
277422428
277422116
277422058
277419275
277419229
277419097
273708818
271199973
214595369
212992093
12400081
1934511
278045430
277915462
277873770
277856858
277855436
277855371
277812746
277812482
277772692
277772672
277772665
277429661
277429590
277429579
277429547
277429487
277429463
277428814
277428807
277428786
277428774
277428033
277427912
277423223
277422674
277422394
277422122
277422092
277422030
277419582
277419395
277419343
277419212
277419091
277418788
277034103
276387019
271791355
270547926
215799056
278092100
278092050
278045511
278045467
278045427
278045357
278037360
278024567
278024433
278024271
278024119
278023920
278023916
278023853
277915479
277867655
277856954
277856940
277812814
277812806
277812792
277812780
277812605
277772882
277429666
277429625
277429610
277429483
277428740
277428588
277428526
277428305
277428252
277422249
277422147
277419572
277419419
277418532
277418388
277418311
278024202
278024061
278024043
278023992
277915443
277856886
277856842
277856339
277855584
277812632
277812514
277429023
277428958
277428806
277428485
277423268
277423197
277423106
277422946
277422918
277422836
277422644
277422630
277422612
277422541
277422508
277422494
277422151
277419277
277419235
277419232
277418686
277418525
276835598
273498166
273465151
270470947
262972765
262662100
202152578
278045456
278045450
278045446
278045380
278024535
278024494
278024172
278023899
278023898
278023714
278023614
277915473
277915445
277915409
277854870
277812528
277772839
277772812
277772694
277772683
277772629
277429040
277429016
277428891
277428890
277428851
277428835
277423177
277423088
277422968
277422724
277422665
277422623
277422456
277422277
277419420
277419391
277419311
277419037
277419009
278092006
278045522
278045474
278045452
278024453
278024105
278024081
278023641
277856967
277855453
277855450
277812742
277812609
277812529
277772529
277429779
277429622
277429603
277429525
277429469
277428888
277428274
277423265
277422862
277422765
277422060
277419429
277419374
277419053
277418927
277418384
275494185
273467093
273238442
271732555
262036282
195545276
181264313
167614246
355213
278092080
278045372
278037336
278037334
277867801
277867649
277867568
277857000
277856994
277856846
277812816
277812680
277812627
277772881
277429673
277429423
277429392
277429380
277429360
277429073
277423167
277423148
277422767
277422590
277422564
277422486
277422422
277422076
277422068
277422049
277419455
277419346
277419191
277419173
277419099
277419035
277419013
277418746
277418637
277418614
278102635
278092084
278045550
278045547
278045454
278024186
278024072
278023987
278023962
278023957
278023890
278023798
278023776
278023755
278023746
278023718
278023602
278023601
278023578
278023561
277915472
277867621
277856871
277856866
277856818
277855528
277855485
277855435
277812844
277428624
277428314
277428003
277423089
277422181
277419550
277419532
273654470
270994879
148807969
115254496
277869223
277867934
277867920
277867876
277867708
277867691
277867673
277558774
277487264
277458802
277429798
277429680
277429662
277429613
277429591
277429587
277429582
277429557
277429553
277429528
276933311
275420735
274720572
274718859
274067794
273786661
272328249
270690314
270679412
270511222
270306036
262036280
258571157
257770234
252040497
214828052
195481467
189533096
167613949
7934686
278024168
278024162
278024152
278024131
278024027
277812617
277812615
277812613
277812591
277812524
277812516
277812496
277812474
277772810
277772703
277772651
277429604
277428818
277428758
277428756
277428750
277428694
277428668
277428655
277428615
277428610
277428514
277422784
277422772
277422748
277422741
277422258
277422245
277422235
277422215
277422201
277422160
277422159
277422143
277422098
278045523
278045520
278045500
278045475
278045461
278045440
278045438
278045432
278045424
278045422
278045410
278045393
278045379
278045375
278045363
278045361
278045347
278045339
278045331
278045325
278045319
277429601
277429554
277429537
277429489
277422885
277422884
277422880
277422876
277422868
277422866
277422842
277422828
277422825
277422824
277422822
277422812
277422807
277422720
277422712
278092012
277915467
277915449
277915434
277915429
277915405
277915403
277429584
277429577
277429541
277428796
277428768
277428748
277428736
277428733
277428732
277428718
277428713
277428708
277428705
277428698
277428682
277428680
277428676
277428670
277428662
277428660
277428638
277428579
277419146
277419143
277419117
277419111
277419101
277419089
277419064
277419055
277419015
277419011
277418999
277428824
277428716
277428672
277428353
277428334
277428322
277428277
277428258
277428246
277428244
277428232
277428230
277428228
277428106
277428099
277428091
277428090
277422770
277422710
277418918
277418908
277418892
277418884
277418881
277418878
277418876
277418868
277418866
277418846
277418834
277418831
277418800
277418798
277418774
277418690
277418684
277418438
277418422
277418382
277418352
278024182
278024166
278024134
278024123
278024109
277812533
277812512
277812509
277812498
277812488
277812486
277772885
277772843
277772841
277772832
277772824
277772715
277772696
277429616
277428390
277428302
277428300
277428288
277428264
277428247
277418782
277418778
277418763
277418762
277418758
277418756
277418747
277418742
277418440
277418436
277418432
277418418
277418402
277418391
277418350
278092086
278092062
278092056
278092052
278092046
278092032
278092010
277428418
277428403
277428398
277428368
277428352
277428338
277428337
277428320
277428304
277428286
277428108
277422225
277422223
277422199
277422185
277422183
277422176
277422169
277422167
277422149
277422111
277422110
277422088
277422078
277422074
277418995
277418958
277418879
277418874
277418854
277418849
277418780
277418776
277867761
277854837
277812818
277812790
277812732
277429425
277429301
277429181
277429176
277429108
277429042
277429041
277429011
277428985
277428981
277428970
277428969
277428954
277428945
277428906
277428896
277428894
277428860
277422055
277422044
277419553
277419499
277419141
277419137
277419121
277419119
277419083
277419041
277418982
277418967
277418962
277418930
277418926
277418676
277418640
278024531
278024527
278024523
278024510
278024252
278024224
278023888
278023870
278023856
278023844
278023722
278023643
278023634
278023627
278023621
278023610
278023606
278023591
278023577
278023574
278023558
278023549
277915447
277915437
277855565
277855560
277855558
277855540
277855527
277855472
277855468
277855467
277854866
277429045
277428922
277428895
277428866
277428791
277419462
277419379
277867803
277867789
277867787
277867785
277867779
277867765
277867743
277867741
277867735
277867659
277867653
277867651
277867645
277772649
277428934
277428930
277428885
277428875
277428868
277428825
277419588
277419578
277419574
277419569
277419534
277419530
277419504
277419498
277419492
277419480
277419476
277419473
277419460
277419456
277419411
277419407
277419405
277419403
277419397
277419381
278024588
278024586
278024563
278024558
278024552
278024551
278024539
278024519
278024505
278024431
278024270
278024242
278024238
278024236
278024230
278024221
278024204
278024198
278024197
278024187
278024180
278023863
278023860
278023848
277854864
277854854
277854850
277429002
277428993
277428983
277428979
277428976
277428965
277428946
277428913
277428884
277428872
277419552
277419528
277419506
278045367
278045349
278045343
278045317
278045303
278037372
278037368
278037327
278024592
278024589
278024580
278024571
278024557
278024521
277812718
277812698
277812684
277812667
277812637
277812631
277812607
277429479
277429472
277429468
277429439
277429433
277429432
277429405
277429361
277429358
277429341
277429192
277429134
277429075
277429068
277418658
277418610
277418602
277418586
277423108
277423086
277423064
277423054
277423046
277423044
277423038
277423028
277423012
277423000
277422983
277422970
277422964
277422962
277422955
277422944
277422936
277422924
277422920
277422912
277422664
277422608
277422537
277422496
277422484
277422466
277422463
277422459
277422458
277422452
277422450
277422418
277422395
277422390
277422386
277422364
277422362
277422360
277422354
277422287
277423299
277423286
277423281
277423255
277423250
277423246
277423234
277423224
277423221
277423219
277423211
277423201
277423193
277423179
277423173
277423171
277423156
277423138
277423128
277423120
277423117
277423113
277423100
277423098
277423093
277423084
277423078
277423076
277423074
277423060
277423002
277422978
277422976
277422965
277422953
277422906
277422670
277422498
277422488
277422435
277867637
277772655
277772619
277772617
277772603
277772593
277423317
277423307
277423305
277423257
277423169
277419451
277419339
277419319
277419299
277419273
277419251
277419197
277772667
277772661
277772637
277772625
277772595
277772591
277419345
277419332
277419285
277419225
277422592
272000862
129138416
278092094
278024079
278023910
278023908
278023906
278023902
278023884
277867528
277867526
277867512
277422442
277418981
273695436
273135949
270478775
254089762
252581096
192560061
60204153
278045543
278024565
278024485
278024481
278024478
278023999
278023993
278023985
278023982
278023952
278023944
278023838
277429609
277429283
277429199
277428942
277428864
277428755
277428753
277428703
277428683
277428571
277428378
277423231
277422727
277422680
277422165
277419238
277418807
277418450
276628647
272621937
272426193
271972235
201120035
7973297
2739127
278045545
278024477
278024465
278023968
278023959
278023949
278023947
278023943
278023930
278023742
277867767
277867661
277867560
277867544
277867520
277867518
277867516
277856848
277855448
277855441
277855438
277855407
277855403
277812517
277429373
277423052
277423029
277422922
277422372
277422104
277422040
277419241
277418856
277418444
275989014
273465938
271487489
262570407
252040782
207970968
278023806
278023800
278023795
278023790
278023784
278023778
278023774
278023772
278023770
278023762
277867633
277867631
277867534
277856870
277855534
277855428
277855422
277855421
277855404
277855397
277855395
277855392
277855373
277855365
277772531
277772519
277772515
277428014
273708377
273041915
271248576
229714491
206102909
205576406
205540416
202062513
202031219
167940008
55063992
7944943
278023828
278023811
278023768
278023765
278023727
277869116
277867879
277867861
277867855
277867823
277812504
277429455
277429409
277429384
277429382
277429345
277429330
277429326
277429324
277429321
277429312
277429270
277429209
277429195
277429168
277429078
277429070
277429052
276145958
273472718
270683980
270504009
262036276
252354956
208682518
206340609
191355332
147770502
67167965
66750229
277854835
277812826
277812811
277812800
277812794
277812778
277812758
277812752
277812750
277812743
277812716
277812700
277812682
277812629
277429488
277429466
277429453
277429429
277429383
277429367
277429364
277427970
277427961
277427952
277427950
277427936
277423341
277418552
277418548
277418546
277418542
277418540
277418538
277418516
277418474
277418462
277418460
277418451
277418445
277418442
277856930
277856917
277856841
277856836
277856834
277856819
277855562
277428626
277428605
277428591
277428585
277428575
277428568
277428540
277428538
277428528
277428527
277428520
277428507
277428498
277428478
277428476
277428449
277428415
277428068
277428065
277428056
277428037
277428019
277428011
277427966
277427940
277427928
277427920
277427918
277427915
277423338
277423329
277419207
277419167
277422626
277422615
277422603
277422587
277422578
277422514
277422501
277419357
277419355
277419353
277419349
277419336
277419331
277419327
277419325
277419323
277419315
277419313
277419307
277419305
277419296
277419295
277419291
277419287
277419281
277419271
277419268
277419263
277419255
277419253
277419246
277419231
277419221
277419215
277419209
277419205
277419192
277419187
277419182
277419153
277423020
277422996
277422990
277422988
277422700
277422689
277422685
277422661
277422654
277422650
277422642
277422633
277422622
277422620
277422586
277422570
277422558
277422482
277422480
277422462
277422444
277422434
277422426
277422412
277422407
277422400
277422396
277422392
277422382
277422376
277422366
277422358
277422294
277422293
277422283
277422269
277422265
277422255
277422251
277422231
277428047
277428026
277428023
277428021
277427964
277427933
277423324
277423323
277423311
277423301
277423293
277423213
277423185
277423178
277423160
277423150
277423134
277423126
277423122
277423104
277423101
277423096
277423080
277423058
277423042
277423036
277423032
277423026
277423022
277423018
277423009
277423004
277422992
277422982
277422940
277422934
277422491
277422474
277422416
277422410
277867737
277867726
277867623
277856828
277855582
277855576
277855548
277855546
277772663
277772647
277772645
277772642
277772639
277772627
277772615
277772607
277772596
277772587
277428790
277428595
277428594
277428560
277428558
277428535
277428517
277428487
277428474
277428456
277428388
277428336
277428092
277428062
277428032
277427955
277419583
277419546
277419544
277419484
277419467
277419454
277867794
277867793
277867780
277867776
277867775
277867759
277867747
277867730
277867618
277429034
277429027
277429020
277429003
277428988
277428966
277428952
277428932
277428921
277428917
277428916
277428912
277428907
277428902
277428897
277428854
277422028
277419591
277419590
277419586
277419576
277419566
277419564
277419526
277419523
277419520
277419512
277419482
277419472
277419389
277419385
278024258
278024256
278024206
278024192
278024184
278023879
278023842
278023840
278023716
278023711
278023706
278023646
278023638
278023631
278023596
278023589
278023580
278023573
278023567
278023563
278023557
278023554
278023550
277855554
277855543
277855531
277855469
277854862
277854852
277854836
277429022
277428870
277423312
277423191
277423136
277422678
277422638
277422632
277422520
277422504
278024547
278024515
278024437
278024265
278024262
278024250
278024240
278024226
278024214
278024212
278023852
278023850
278023719
278023617
278023598
278023586
278023565
277915491
277915441
277867757
277867729
277867663
277867647
277867635
277867616
277855552
277855526
277855475
277854856
277772635
277772611
277423241
277423239
277419496
277419490
277419488
277419468
277419463
277419409
277419386
278092038
278045323
278045315
278045311
278045309
278024594
278024537
278024529
278024513
278024503
278024248
278024194
277915457
277915399
277856901
277422213
277422145
277422106
277422093
277422086
277422062
277419145
277419139
277419129
277419123
277419115
277419113
277419109
277419105
277419081
277419075
277419050
277419047
277419045
277419033
277419025
277418991
277418988
274987109
167613903
277428828
277428808
277428799
277428793
277428792
277428780
277428769
277428767
277428760
277428727
277428723
277428711
277428710
277428695
277428692
277428687
277428666
277428652
277428645
277428644
277422890
277422860
277422856
277422844
277422838
277422802
277422798
277422796
277422792
277422786
277422781
277422738
277422722
277419104
277419073
277419071
277419069
277419056
277419027
277418961
278045537
278045530
278045517
278045516
278045472
278045466
278045460
278045413
278045408
278045406
278045402
278045391
278045376
278045368
278045359
278045345
278045321
277812619
277812611
277812506
277812502
277812480
277772837
277772835
277772686
277772679
277772675
277429651
277422908
277422900
277422834
277418430
277418368
277418366
277418364
277418360
277418356
277418354
277418342
167613616
277428421
277428408
277428402
277428396
277428380
277428379
277428372
277428354
277428350
277428329
277428328
277428324
277428311
277428295
277428294
277428292
277428290
277428283
277428282
277428271
277428256
277428254
277428240
277428236
277428234
277428105
277428076
277428066
277418916
277418910
277418894
277418890
277418887
277418844
277418840
277418828
277418806
277418785
277418424
277418404
278092098
278092077
278092058
278092034
278092024
278092021
278092016
278024174
278024129
278024085
277915471
277915427
277915420
277915419
277428424
277428384
277428375
277428310
277428270
277422233
277422224
277422220
277422209
277422207
277422197
277422195
277422189
277422177
277422107
277422090
277422084
277422052
277422038
277422032
277418678
277418670
277418656
277418624
277418621
277418582
278045307
277867572
277856992
277856984
277856982
277856974
277856959
277856943
277856934
277856929
277856926
277856922
277856910
277856890
277812838
277812793
277812776
277812760
277812754
277812748
277812714
277812686
277812643
277812639
277812599
277429402
277429344
277418662
277418659
277418608
277418572
277418564
277418556
277418554
277418534
277418528
277418524
277418514
277418472
277418464
277418448
278045335
278037326
277867581
277867532
277856975
277856968
277856965
277856957
277856938
277856915
277856826
277428619
277428609
277428582
277428567
277428549
277428495
277428488
277428457
277428422
277428107
277428096
277428080
277428043
277428039
277428016
277427992
277427989
277427988
277427983
277427974
277427957
277427946
277423327
277423320
271994527
270711422
262455293
277856897
277856860
277856849
277856832
277856830
277855585
277855577
277855572
277855568
277855564
277855542
277428633
277428569
277422693
277422682
277422646
277422639
277422636
277422627
277422598
277422580
277422562
277422557
277422551
277422532
277422276
277422273
277422247
277419237
273912715
277422688
277422606
277855580
277428628
277428613
277428607
277428586
277428564
277428556
277428553
277428543
277428516
277428492
277428484
277428444
277428412
277428367
277428081
277427986
277427938
277427929
277427926
277427913
277423336
277423315
277419288
277419217
277419163
277422660
277422594
277422574
277422566
277422536
277422510
277422420
277422289
277419360
277419335
277419321
277419317
277419293
277419279
277419261
277419259
277419201