279131586
278916828
278906984
278831267
278638158
278617070
278459477
278117281
278069470
275903077
254141470
249771927
248591413
207852933
203200645
202042682
198285192
190757829
174855409
174011140
166545503
165150363
124767700
106365090
96687581
94906643
80412718
75813207
48481710
41549140
40933973
36425573
35411148
32748093
32638313
25728855
11735262
7226283
492734
410317
279133454
279132024
279131947
279131639
279131574
279005991
278907361
278907275
278831257
278830775
278616964
278236431
278115819
278110351
276405554
276246244
276192346
275359183
270715907
216204609
207908725
207289201
201567861
198523252
192287419
180852235
180002077
77747297
77627254
76053681
41868795
41258325
29348865
7927473
7130387
4423761
2777821
596344
453794
418959
279133324
279132625
279132378
279131637
279131635
279122554
278848307
276179758
276111503
275303233
264050996
263581114
249798826
225386724
200004696
197652232
195990470
184466004
184095625
184082463
180320299
177921179
174010420
127033533
102770881
93058216
88929189
69644750
54041011
41062682
40933977
20743148
15159687
14304332
11264712
7887160
7171977
610698
545112
438733
279211970
279136296
279131973
279131846
279131812
278866918
278507123
278236381
278226728
278210141
276527996
276405499
276196174
275350244
271196196
270790977
270790584
252674769
249025811
242627811
217286500
208194491
207278030
204419585
203001020
202853986
202604293
199978265
198285196
197604925
196488195
192586712
185435424
184628551
177860458
146225855
48719903
35309186
22649480
15245890
279233119
278907111
278292321
276452135
276319492
276041741
271973977
271311570
270747272
269952435
252632652
246772995
217286514
209176018
207563655
201567907
201166686
198523077
197417880
173904421
108993943
108946215
7229553
1313981