278756930
278756720
278747639
278723602
278158928
278128905
278074780
278067460
278054362
276602416
275219545
274458343
273787215
273046121
262731036
252912108
162406006
87447657
38417459
20286813
10566743
8818469
8470230
8470218
8470210
8470188
7978955
7959222
7959221
7959220
7959218
7125301
4257177
4257175
4257173
2449681
2449679
2438597
2438577
2393061
279258201
279106075
278945690
278945689
278370788
278292670
278231159
278128731
277938410
277348545
277138981
276798769
275219516
275218443
275217834
274931200
274557604
273046010
270744603
270700177
270502026
270052419
252578772
213870761
204942497
193558328
190826839
167017922
52890834
48615642
48615465
38417461
25125674
19699945
13602398
10124926
8470216
8470214
8470212
2339321
279258199
278972886
278945685
278370733
277445055
276981462
276798757
276381416
274862994
274775077
274557698
274091766
273046093
272363651
271846316
271450246
270969381
262451736
257767607
251931467
247444187
242443764
214093800
204615783
191422635
188408945
175465738
174558165
139730463
109861929
87457187
55508373
54433548
37875478
17373719
8470228
8470222
5457865
2422643
646294
279258213
278972892
278696903
278315734
278311298
278113151
278113144
278052013
277988973
276828984
276828831
276662720
276641691
276611577
276444220
275380417
275218498
274857273
274557592
270421201
252580702
252576608
197652234
192909262
141317711
107970958
72542479
57325281
49270564
48362486
38417457
35862153
25124774
16592262
12107517
11253909
10581349
8470226
8470224
8470206
278979179
278881706
278315718
278129076
277970200
277837120
277348552
276828915
276798728
276662723
276528115
276178307
275793691
275217847
275042743
271330732
271100330
253619376
253377642
252575170
252240916
216213486
213464306
203841059
203840881
196021634
191911053
172093977
171580974
147988190
117903575
87447651
56742720
48399097
16591353
13602749
8470258
8470208
764018
709354
278013921
278013861
277933554
277426554
277410742
276833471
276833462
276829054
276828928
276828658
276662739
276662731
276662729
275329832
275219533
275219518
275218658
275218554
274890204
274553454
274544293
274086722
274086714
271592521
270421209
257861430
253629595
253619366
252133630
251929043
250230511
247905112
242443849
209869075
204879053
203845686
197516221
192909255
3071851
799272
279104162
278315724
278315720
278315701
278315648
278113159
277941347
276178317
274686541
273735662
272382971
271039836
270744767
270501929
253619370
253388301
252611974
251929874
248004096
214822375
203084511
196559528
196559399
195801309
194583233
194183519
192950629
192950625
174849859
167019681
166649139
160051597
107970950
95513239
48759022
37873532
20841235
8470252
5144133
869047
279258195
279193518
278005725
277988977
277426515
276828848
276828606
276828011
276662727
275749906
275329826
275264612
275218494
275218253
274872054
271734617
270784041
270421242
253165573
252721748
216213409
215039886
210813458
209275860
203087323
197516126
197516091
196927085
196926449
195801311
195801297
185816185
167296994
167018730
121221988
105153340
83920467
55876750
55709225
54870156
278881404
278315732
278315730
278315716
278315697
277837115
276641713
276585199
276178282
274862901
274862899
274497190
273916391
273600225
270501921
257770326
253298771
253298737
253238011
253098855
252912098
252721773
252580448
251907563
249208057
249026536
248460778
247904989
242443924
216213389
209869113
209613607
200725371
197464893
196926106
192950827
173482234
87108693
53660665
3577377
279273366
278723587
277988975
277775341
277426508
277139006
276833421
276828953
276828586
276662717
276522579
275904652
275898918
275218705
275060295
274901196
274557702
274406607
274362494
272477359
271949062
253619372
253388252
253281978
250742169
249854818
249026492
242443852
203087360
196926198
195801304
173482143
167017956
147751658
137465355
87447655
87108697
50047655
17373721
8470204
278315728
278315726
277941822
277775498
277348548
276828999
276798788
276657269
276641705
273892037
273051486
272832766
271960511
271654771
270772641
251923848
205704832
199592709
107360864
87447141
56734261
49930700
37873534
1332589