279046238
279043696
279043528
279043016
279042335
279040952
279033186
279027023
278942951
278884105
278882012
278805003
278715007
278632049
278632046
277539346
276523496
276048616
275089016
275088261
274991789
274991780
274545107
271363458
262382354
262381959
262381714
242076453
217329917
210527686
198495243
195472345
78911430
41592420
4336127
2530069
2016235
526325
435249
435075
279155461
279043464
279042197
279041997
279041759
279037914
279032828
279026095
278816302
278809817
278804993
278749771
278593173
278194199
277870828
277770300
277580333
277574346
277540101
276263008
275088316
274384985
271100438
263450788
242076467
198495317
198495236
198495226
198495180
194024692
190791000
101262453
76250624
2469343
2364997
1382615
577268
577265
435248
430269
279067342
279046284
279046088
279044964
279044606
279044580
279042489
279042035
279036392
279032900
279027855
279026262
278811869
278749154
278113318
278096117
278055118
277609562
277180709
276963410
275619465
274673825
274672997
274384883
253322093
209408415
198495263
198495210
198495139
195283775
117375076
102758486
102758453
90117482
74744188
2365021
531770
531737
486642
435239
279045961
279044510
279043512
279043496
279042934
279042862
279042341
279041769
279040886
279039639
279031704
278819564
278816377
278815743
278812770
278811110
278804936
278776321
278775022
278749799
278740120
278720596
278600298
278247546
278235862
278194255
278111972
278109611
278067878
274806034
274453729
274124246
272532957
247902303
217476272
204439505
198495247
194183588
191684927
10680073
279270058
279262059
279045339
279043821
279042129
279042049
279042025
279041864
279041807
279040503
279039765
279038739
279038466
279038220
279037700
279037500
279033350
279033330
279033170
279032677
279032375
279032095
279031730
279031461
279030748
278740098
278113510
276849203
276657148
274991803
274673209
274540964
263450748
242076407
193102099
102758305
102758253
101870657
2364993
520464
279200918
279045976
279045900
279045106
279043242
279042153
279041923
279040613
279009887
278824208
278817850
278809583
278793101
278785702
278778128
278774893
278719777
278717722
278707921
278707664
278677150
278586098
278586084
278528537
278161111
278098205
278071832
277808280
274676510
274673753
274453836
270845646
270845644
263450742
248585979
247902515
215609633
198996344
198495299
2027427
279200914
279046084
279045008
279043889
279042535
279042351
279041521
279041306
279037838
279037024
279033328
279033210
279031878
279031092
279026697
278816316
278812538
278586122
278151377
277363116
276849249
275941909
274675748
272558496
271046212
270845652
270502277
270502201
198996207
198638411
198285199
195472283
195472247
192951370
102758357
101870944
77656017
1822097
436515
435246
279270268
279044552
279043072
279042978
279042970
279042912
279042213
279041991
279041961
279041949
279041783
279041691
279041679
279029835
278812547
278775529
278775330
278775149
278755788
278750020
278746874
278720706
278593167
278528177
278076162
277609550
275869423
274678074
274672924
274453810
274098854
263450790
253350333
247902667
242076372
2532641
2530071
1599551
1599513
1390055
279046438
279045778
279044780
279044460
279044136
279043405
279043378
279042992
279042952
279042926
279042373
279041921
279041893
279041575
279040411
278863110
278749908
278235900
278151764
278098189
277770766
274677789
274673027
263450684
248589027
248585347
247902541
247902287
198495257
198495234
198495228
198495218
198495198
198495147
171592362
101871263
101870774
101870647
518140
316145
279270204
279270018
279068833
279046162
279044126
279043592
279043244
279042920
279042393
279041875
279038935
279038214
279038118
279037974
279037916
279037028
279036633
279034708
279033378
279032974
279032197
279032157
279031517
279030706
279026418
278815728
278113310
277940555
276657073
276191015
275941865
274676877
274675968
272558538
270502185
263115201
263100641
248583005
191779666
2466551
278739985
278035541
200976773
2027419