279246887
279154825
279152607
279148512
279148494
279047527
279008149
279005777
278971259
278938503
278853203
278824771
278794359
278700221
277817402
277715963
277344451
276915965
276634665
276328191
275147477
275137771
275058294
271734024
249384629
208559494
203770410
202284852
195797769
159035362
155115299
73467577
71663463
16084563
13771034
8164684
7953305
7953303
7953301
638185
279160534
279160122
279152582
278969842
278969792
278969634
278966654
278950378
278896236
278890722
278890366
278845225
278809733
278733291
278700224
278692684
278069491
277997392
277977132
277763670
277596931
277138881
277138862
276569171
276478713
276465144
275377837
275295856
275255026
275150636
271753735
219163693
208285245
161541761
147761097
91540405
28727743
517074
494363
472784
279160120
279112484
279047525
278945274
278905234
278897200
278723171
278575125
278511139
278061444
278051584
277780792
277763577
277729617
277496328
277496321
277395534
277138698
276043986
275582838
275147805
275092599
274274305
273377038
273016688
262792374
249389711
199897451
199897032
192415122
191683590
189265623
184080617
180749840
111554105
33030566
20578017
7640691
4077713
4077711
279160502
279160490
279160482
279154014
278723472
278575897
278561712
278250542
277977082
277976292
277718331
277484453
277138802
276566566
276331522
276179290
276159564
275492881
275229519
275155653
274039073
273979348
273314638
263107227
253376253
199978930
193004794
187182863
148866410
143302824
56753414
45403126
32647682
20102061
7621438
7496739
729585
474764
469693
457154
279160508
279160496
279157926
279112384
279097207
278898037
278837490
278746660
278639936
278320967
277750766
277496306
277406578
277138828
277138795
276756211
276626318
276248049
276042007
275377702
275235662
275014259
272897229
270791382
270678188
263564117
252558521
251257822
249566253
249288459
249287669
199898389
185676362
167898291
167062378
103404624
59139613
35178435
19370573
487757
279160422
279112546
279010613
278855041
278746646
278721536
278718535
278694503
278685791
278614806
278314859
277977982
277878416
277854819
277825647
277370369
277313979
276801467
276410329
276410260
276045558
275970848
275482307
275242509
275137882
274194081
274045662
248797250
195845669
194442844
192520822
176522650
145310998
105230282
95157549
75437358
10775723
3557847
486562
435913
279160416
278898433
278788492
278777734
278755504
278723168
278315821
278251716
278124457
278063566
277825656
277763223
277369908
277175523
276663604
276597124
276462537
276075901
276061350
275551436
275269782
275150218
273910056
273258890
273059022
258509047
252569354
252243412
249566134
201508643
197890090
195900914
188712549
167653044
86418057
58963283
58605306
23619290
14504343
499068
279160494
279160486
279073797
278851761
277874472
277825664
277812440
277807727
277769668
277619044
277607947
277601233
277383128
277369498
277138848
276656424
276478468
276386140
276179215
275657884
275583189
275541044
275099361
274377819
274358714
274066661
273786215
252561453
207961285
198077197
197900429
192999793
58731768
38536536
24969934
17632937
1058088
867230
686980
599797
279241765
279112416
279063676
278969832
278917027
278721521
278718554
278061480
278015289
277775930
277740138
277318079
276555696
276360648
276334140
276190617
276121652
275707824
275610078
275469300
275060051
271002794
270505327
270245756
270244999
253170414
247931467
207961316
205685138
198561958
191683486
182822235
160671789
102005732
95089647
68283266
37794243
19706557
7644457
3557825
279160524
279006171
278678940
278566695
278313728
278247188
277989051
277977806
277915203
277771548
277742134
277596842
277138678
276801477
276504685
276248005
276058485
275079608
274089072
274039061
273016104
272919409
272374915
270977398
263103667
262678236
262392502
217268961
203506047
164462449
60854817
58551880
57883169
57734195
32219658
29288290
8164685
6912693
570603
568176
279203492
279132833
278906640
278322767
278113253
278045248
278014113
277891033
277878395
277769602
277717747
277344347
276328134
276168031
276058523
275630261
275530796
275492834
275147237
275032037
274399669
273909683
273238920
270925421
270245207
264019711
263208926
262825056
262525677
217382696
207961338
201641563
187288678
175445520
165021216
160836681
32647672
32220431
634310
614716
279160410
279131911
279069835
278904827
278721589
278275291
277878408
277816516
277761273
277740927
277728022
277723658
277613347
277603361
277349903
277344453
276876277
276493349
276408360
276247983
276190598
276074548
275235330
274742670
274361840
274361636
274358798
195915483
195797765
193005021
164817000
148866407
136785521
115093772
75981869
68229051
66131777
58118924
7673147
433149
279160484
279160406
278966549
278739524
278169837
277761263
277751453
277617519
277602764
277098396
276679940
276596779
275994199
275867783
275630247
275584561
275283939
275106718
274761591
274361807
273672395
273135667
272897227
271533933
263197171
258509140
249289226
211312654
199896929
146272393
114945676
77106020
66131771
28727745
24969940
24969917
6595679
634318
632569
435900
279121062
278575148
278487693
278437884
278428375
277942844
277763473
277753217
277751451
277607414
277386102
277344345
276317058
276307847
276306369
276183414
276043702
275588839
275189302
275147420
275147218
274989537
274964696
274349728
274108953
273233121
272913648
272036424
270701164
270541682
263076431
262690208
262681135
252569422
252561560
249453080
249035028
199147031
164478663
66131769
277972704
277740169
277393569
276885380
276589305
276386248
276366013
276319479
276107370
275866966
275664989
275610116
275610076
275499018
275148553
273719233
272430461
270834163
254438156
249286510
248762486
247878621
236800561
203931534
198412957
198030679
193434379
170498156
165678858
165186616
113359274
110989790
105230337
58178623
32647702
32647676
9807322
900686
510488
279160520
278756439
278604993
278566697
278220456
278042917
277967953
277496336
277369366
276801475
276705115
276626413
276366085
276247985
276138352
275696831
275137800
274593036
274089099
274088739
274088599
273085441
271400476
262692518
254264790
195660967
103404679
58811389
55731338
54486727
49640435
38191261
20111745
14504542
14166573
4541277
684841
680671
550058
469651
279160240
279127821
279121317
279116299
278860951
278723441
278696679
278633561
278437877
278208766
277974905
277916189
277383120
277318122
277313077
277138939
276688277
276135380
276042015
275601529
275189788
274145433
272850096
272368751
270827629
270825712
270552194
262681337
262679510
253297572
253176756
249370881
208565076
200766732
199898476
191423136
131536061
114436403
96028370
7695434
278808935
278566699
278220497
277931468
277589227
277500121
277425117
277343985
276808872
276061862
276048789
275630263
275630259
275630245
275518489
275490460
275189725
274935496
273883109
272837410
263117536
257868855
198090911
197676543
186369548
165098781
158018010
103404667
58142152
57968599
19266975
4423747
1073272
900676
594613
570599
568123
537597
475195
430617
279160506
279112420
279005796
278605321
278315548
278229370
277837331
277717927
277717863
277496338
277496315
277383692
276801471
276801469
276247991
276105026
275697224
275581050
274917422
273583808
263101411
253706263
212142939
209012228
207961346
199897486
192949175
185006459
185006273
168900672
161553374
160841284
140221858
95157547
90503650
54487089
32221124
11368895
867240
483331
279160504
279160414
278967123
278873705
278816309
278482117
278251935
278251919
278117513
277857228
277825671
277823387
277607341
277558997
277488960
277416111
277386177
277346606
276862180
276706918
276482613
276479092
276043747
275630241
275486569
275296028
275190779
275148559
274946684
274145467
273911152
273353823
272617428
271004408
270481878
249353748
249290250
249035168
4077699
4077689
279070099
278853228
278136215
277946714
277596877
277344449
277164057
276522473
276501601
276447373
276243384
276061022
276038099
275791588
275609940
275581531
275542034
275360315
275225680
275137465
274193617
273353803
273233238
270834221
270736800
262676157
259512695
251922541
216649458
210429748
196141971
175454311
165089937
113494141
58963766
58879754
14260050
970166
487079
474748
279160424
278860377
278228868
278058786
277979821
277776308
277613340
276861610
276801377
276478470
276267390
276248045
275307600
272847245
271230526
270992436
270802441
270073756
263703018
262853770
249286067
207167208
197417059
191684410
189533874
184242761
146271625
133139823
110677284
98653083
45400954
38191279
32647711
32218381
31975568
5327201
5153643
988909
695461
686989
279160500
278959679
278873144
278860214
278856448
278843302
278526241
278316898
278295072
278251753
277857219
277749942
277744605
277727265
277369345
276640176
276562329
276500882
276385006
276059649
276059635
276042618
275601509
275577472
275577447
275576419
274362337
274361824
274361258
274060454
273930510
270789016
270552366
270230553
263987075
253056773
249777489
249777205
249389525
185908805
279158208
279122090
279105134
278313721
277922548
277910925
277878371
277607391
277138604
276619374
275657950
275617845
275499856
275499850
275499848
275163844
275147262
274994085
274948525
274742212
274742204
274145450
274099668
273636648
273631463
273363716
272557092
272298665
271517823
271450954
271450648
271390278
271379937
262762212
262736572
262689925
262059253
252568385
249384095
249034952
278520136
278191100
278191062
278169938
278169827
277984542
277910984
277771494
277601409
277601154
277600972
277460607
277370107
276559819
276501620
276385556
276364282
276312922
276263564
276164852
276134779
275777885
275777743
275686759
275617778
275415541
275024240
274908151
274771946
274742208
272438201
250337372
249389679
249389628
249389471
249387204
249383756
249383092
249373773
249289383
279193884
279193831
279193792
279193788
279121191
278251830
278251584
278004955
277346747
276280383
275567998
275493067
275482147
275198524
275197205
275197175
275190750
275163817
275163774
275161358
275005448
274989551
274964676
274358680
274349392
274191902
273636638
273308713
272429928
270233086
262681504
253056652
252245430
203966672
195912200
195509984
191915415
158017424
55244984
17632720
279273267
279273170
279273155
279261897
279247919
279211501
279198968
279193833
278316652
278096121
277968019
277356362
277030949
276932697
276634756
276506258
276289428
275481925
275198468
275189923
274762907
274449906
274040749
273303399
271251294
271249627
270701620
270683520
263693948
252948150
250337334
247401337
222680800
202239498
198320417
198320331
198081747
152046046
95735576
77105516
279262219
279262206
279064299
279022684
278877653
278877644
278876354
278876346
278722008
277870048
277840963
277779444
277487835
277486850
277486545
277369742
275892626
275706014
275262995
275235313
274662481
274114498
274057130
273949815
273949668
273949666
273949658
273949656
273882321
273881700
273428548
273353819
272727989
272369037
272270453
271230487
271099893
270736667
270224134
159979595
278632675
278220457
277373174
277344464
277344462
277344456
277344443
277344379
277344373
277344368
276567427
276474361
275691172
275691168
275691157
275630283
275630265
275630253
275610117
275610092
275610090
272445875
271069752
262811668
262804383
260941586
208603233
195168562
189466701
188693531
184125032
165934914
165626103
165189158
165148224
165118408
164076395
88935744
32220875
8164682
279279993
278136236
278136233
278136230
278136225
278136221
278136219
278078320
278076669
278063575
278063574
277970748
277970725
276757031
276487479
276422444
276415782
276099052
276048234
276030589
275892730
275892728
275865220
275858450
275839097
275799940
275758312
275173749
275127838
274892219
274558038
273218724
272166550
270865285
270164719
269485871
263961798
263019697
252683191
202768319
278958170
278854112
277822870
277822868
277819054
277779832
277716041
277603753
276428710
275858508
275609959
275327351
275263060
275235525
275073148
274849146
273250282
273017182
273015718
273015714
273015701
271413415
271361473
271099789
270806749
270649250
270550014
263690809
257868903
251734274
216208905
212665639
208641736
207961328
198102509
194954525
184410781
100285477
58178629
58177598
278220478
278220474
278220461
277344026
277344022
277344017
277343983
277343977
276462617
276114120
276099047
275907352
275850498
275610082
275609933
275609906
275609902
275609892
275609884
275542058
275541977
275147499
273317403
273018763
273017204
273017202
273017196
273017194
273017178
273017176
273017172
273017168
273017164
273017148
273017138
273017134
273017132
273016102
273015721
258667330
278076662
278063578
278063567
277878088
277589228
277571396
277181043
276357182
275477943
274028435
273291179
273017160
271101657
271101616
271043067
271042935
270488519
263983998
262059271
257868822
257320749
253665118
253126031
251402804
249389318
249369477
249035278
247829723
240691811
213672336
212580554
198542306
195741079
194440151
193434580
191356261
160841290
113493326
113230388
106348231
276114007
276076761
276061366
275645524
275645376
275466918
275220214
274680115
273883185
273180798
273012126
273001019
271480420
263293735
263197332
263045188
254139809
247840690
242424009
240278268
201631533
201624556
195844768
193720187
184475976
184466839
184410575
182307832
110646472
103400650
91325471
63056673
58178633
32583301
17049554
3619435
2075305
1580691
1465509
1387589
278903874
278220446
277778276
277777717
277607334
276762149
276669802
276563642
276388988
276283917
275848149
275847993
275770073
275687785
275645499
275584920
275474420
275272112
275270335
275225621
275218857
275191591
275149985
274511343
273240470
273240352
273134395
271142356
271127088
252079752
203810910
202037887
201308155
165098769
165098759
113496247
103404681
91325359
58628387
2065339
277777148
276410349
276360601
276302613
276114291
275863883
275848190
275835255
275770087
275678684
274958915
274025118
273016952
273012967
273000956
272858017
271307559
270209279
262871288
249286360
240943745
207961286
207566020
146274600
103400646
103400573
63035799
58811378
58257864
58229802
58178627
57816189
57763136
51100910
27843371
20446358
20363322
4311047
4311041
3157647
278540782
278321034
277942877
277921730
277845541
277816555
277716039
277581721
277181182
276985552
276458437
276291594
275255524
275023488
274931227
274931059
274931034
274884446
274842349
274548088
274547808
274526253
274374187
272495101
272471554
271654269
271654257
271540520
271371687
271221948
270662518
270660262
270550419
270171687
251734431
217286478
217286417
191926701
184128987
58811385
278833264
278760736
278459515
278238216
278092669
277977176
277977007
277771545
277561467
277463079
277097993
277038173
277038167
276294892
275889940
275137851
274515128
274108988
274089147
273353861
271291251
263104719
262392504
252972449
222627204
217286484
217286421
217268945
217268937
208070948
195283640
191959981
185360923
146273797
50215003
22643000
17631131
14166636
867248
632803
279278745
279269824
279133817
279112696
278616454
278605032
278228894
277989055
277978118
277976808
277874398
277436579
277138708
276801361
276099216
275694265
275622604
275193836
274170423
274108895
263206768
257868842
222723734
202304996
178733899
168900683
146272349
50214974
49377712
46620794
40353183
19905953
6214663
5056047
5056007
2216825
1709269
470322
443010
432070
279269670
279269024
278696521
278678974
278605061
278314030
277977106
276849040
276580916
276558725
276496318
276334336
276119068
275892624
275474337
275451080
275157170
275137687
274105030
274089671
273353815
270549638
270487700
263594852
263100516
254410808
216714807
191683381
189389485
183535574
171585999
161967958
58547684
40353189
32647704
32647692
26226121
13934775
1746985
632915
278002216
277988740
276351134
275193581
273442138
273417444
273308639
271371716
270997102
270994088
270828472
270828243
253059851
252685569
252563280
247666449
222627412
200845374
197879074
197879028
197148847
190824028
189391184
184413171
184332914
184126148
182822744
165206826
165098817
165098809
101634644
99417657
97675392
97612444
76077363
58442292
49011105
32647669
19718940
14699378
279273455
279112412
278728958
278566689
278314854
278069059
277977230
277976760
277744239
277566670
277096948
277038171
276648799
276558560
275954745
275950626
275678723
275547721
275540786
275466232
275137848
275137775
275073314
274553863
272374930
262525384
257868840
252633374
252559254
252383846
222627191
207961311
207961302
192950923
191683399
168900692
75485573
48753625
2385143
445895
279242472
279160528
279160246
279160210
279160182
278896730
278881459
278775722
278582788
278124818
278042991
277962552
277779830
277716059
277610482
277347359
276676486
275758528
275155699
275071837
274932280
274084683
273291827
270845347
252679697
252633013
252383779
252180260
252178295
252178264
252178148
249035195
230011397
207961290
195797767
194034246
68456850
32221804
4077697
4077695
279203577
279096499
278997085
278996332
278876340
278643989
278320863
278136571
278043068
278037978
277827037
276327954
276262540
274563057
274553860
270541686
270184058
263662237
263484160
253394352
248247173
213532596
212484367
207961334
200820102
198723777
196180898
196180892
193976631
191920101
190582238
184226426
181224932
165021231
165021212
160821959
101797443
57040116
20743146
735948
278323048
278315962
278315786
278313714
278227391
277911094
277867842
277808282
277164040
277139090
276798638
276622672
275190631
275189862
275086131
275005609
274964679
274948480
274946559
274928793
274179836
274172627
273594685
273201010
272896193
270552274
270546522
269984079
269980899
263987603
263563938
262690163
262688058
262681392
254141423
253665991
253393916
253211587
253057708
253056951
278855095
278721566
278438721
278315755
278251565
278250662
278169727
278003461
277857222
277607338
277138713
276091582
276075703
275576002
275548536
275198621
275163783
275155823
275155793
275147519
275147515
275147401
275117991
275113983
275021981
274399130
272896055
272466105
272429835
271980028
271957250
271390080
271380465
270825809
270788927
270551342
270486937
252951186
249777325
249566055
279154832
279120451
279116366
278862064
278487672
278169758
278098942
278076286
278073055
277770286
277769666
277602470
277313383
276408186
276386120
276313539
276139023
276135044
276112727
276058693
275736930
275617960
274719393
274683066
273601637
273512225
273442305
271169003
263295308
263108504
263108367
251418912
249938023
249389432
249384194
249383970
249382805
249290273
249289408
249035025
279193839
279193790
279135567
279116520
278321956
277409962
277407161
277385490
276663919
276292008
276280415
275770186
275482189
275329662
275190775
275190635
274936355
274917778
274896265
273597329
273000632
272920658
270790289
270701283
270481650
262686920
252561200
249290954
249290721
249289492
207961319
198196924
198089185
198073603
197905855
197851722
197836648
196156136
195228099
188048247
279273243
279273221
279243810
279243102
279228795
279211521
279211514
278700746
278526536
277751332
277175644
277138809
276798169
276500065
276463009
276292060
276058451
275601519
275481953
275189312
275147258
275068840
274906244
274455227
274088698
273637784
273597279
273584294
273353831
273353809
270232954
262655387
252562204
252383762
252179331
247817062
247392042
187622963
186085698
71659708
279272688
278598445
277984377
277839954
277779752
277779392
277763366
277617122
277486650
277370113
277369755
276542544
276005044
275903691
275894652
275609950
275609949
275174547
275090577
274958923
274611257
273949814
273353847
273017150
272483301
272446665
272446427
272446397
270917396
253299596
252052924
193641332
185457486
165165207
164543495
90851369
90851250
32217375
8164683
7496073
279112596
279226234
249387717
189200907
279112438
194563057
269903635
277373227
32647636
270976658
277970733
277816205
277812443
271894856
258667326
253630368
253124998
203927343
203927192
198583758
194785667
193629899
165679164
145309548
145290682
137223621