279231796
279165218
279159643
279131158
278816174
278764039
278130366
277596870
277010670
276886071
276652099
276624530
276613286
275814020
275408103
275105974
275086559
274724185
273664271
273384981
272857824
271337381
269901459
263336128
263075676
260811707
251756030
243097256
229725276
216159995
205574133
193212469
190601856
189557802
143185985
105663942
94173462
69644748
57503149
54748899
279233367
279165220
278906738
278812402
278616340
278055609
278055537
277465165
276948759
276178152
275918311
275885489
275478839
275431364
274165526
274050407
273472461
273029241
272112897
271223259
271166513
262783937
262783932
249846791
213701365
205884473
204051988
201562325
171212876
161008713
160594520
152522279
139979524
139979518
55957270
23134440
10411433
596965
492710
476008
279084630
278906768
278724197
278616704
278350923
278064516
277995152
276168224
276105625
275951271
275814216
275198101
274145498
274069366
273894322
273690802
264015882
253639980
253057681
252861523
252041079
243090206
215201262
199113417
196869308
192950685
184830427
116406684
116246144
115096583
110944231
57647476
36061933
7919907
1955527
1196101
816828
651385
573987
492722
279186168
279166675
278894456
278872172
278643554
278091332
276593758
276282274
276246251
276008943
275731399
275198099
275197882
273359952
273046864
271249168
270694067
263514096
262434068
253058430
252435155
249773425
241821098
220672946
214773794
207427388
175445448
172422243
170352757
145279201
140416373
69219919
53205628
25109711
15281565
7985167
596742
447607
446339
421997
279171189
278327268
277997095
277526066
277470568
276137444
276108398
275747476
274060950
274050643
273597907
271319871
270975685
258857798
216792099
203935805
198573179
193670893
193433944
191353862
188695903
180993623
174182689
171212878
160488837
109740141
90656074
58669305
57521538
49904676
40933983
34281582
11108390
8485328
2100759
684509
524224
492715
491800
491794
279171292
278677188
278637620
278155910
277604579
277528719
277526090
277357572
277319881
277319868
276825503
276613284
276568745
275686813
274198906
273514676
272448166
272405382
271367023
270789582
262457316
262301191
262295616
253304645
247955848
216166172
196830263
191413309
171574050
168006019
139463810
129937246
116246335
51100899
49904674
19250088
653552
601520
463044
422003
279221774
278850711
278694439
278689951
278455330
278006621
276594474
276554951
275923489
275863862
275315525
275043190
274064190
273848259
273690812
273645624
273584808
272998374
272058909
271327064
271141872
270545272
270058314
262405490
253633321
253284239
189478971
172111104
171897856
150996686
137741283
111230338
75589275
72282013
68188673
52592314
503750
492941
439237
435389
279131933
278229160
278041186
277929883
277314075
276407614
276135975
275986891
275913694
272448291
271953238
271098952
262407370
253307241
216467106
215545164
204356881
198495048
198122050
195477822
195283643
194199545
189642772
179063937
174557434
174247585
155759226
68439635
55325825
35446004
19523388
12735183
4503885
2621915
2057057
2004703
545044
542894
436603
435538
279171183
279131594
279131160
279004458
278694431
278061718
277393186
276246255
276109425
275804556
275315293
275086547
274056620
273624302
273609641
273605718
273542455
273217109
270881066
263692398
263641158
248591411
215141287
210766011
206474734
181562766
104558881
72851565
49747011
20555381
6216043
4386319
2621905
1028645
839300
446419
446344
446329
446326
358707
279167403
279167389
278907149
278907121
278065903
278004171
277437159
277393182
277393170
275942694
275928696
275863940
275621999
275591933
275198093
273341030
273304843
273174379
271918161
270828434
262904430
262729288
251769244
230203635
230003665
214655863
197695172
193007713
164813730
160664938
147802908
113932895
95470626
63078269
50339668
50322391
29559665
1287249
601778
538161
279131752
279115957
278731767
278730700
278467100
277499670
276606252
276177124
276109348
276008989
275430910
275183522
273690804
273678310
273664834
272555186
272448107
272032092
271271510
271126535
271063298
262851208
262817554
252480217
249373318
248351138
213492412
203711070
149974908
115099777
115099265
72514851
66712452
21812726
7922568
3026051
2473633
602642
578509
491798
279182135
279165857
279115923
278882461
277923276
277444223
277437172
276882411
276855683
276733522
276551089
275925606
275882420
275261621
274198904
273953549
273610741
273604878
273312376
273114470
271265670
270659812
263514086
263057542
251547356
225919285
194954035
186369482
179140418
161904015
113575309
74486743
30742870
2345539
1656023
625294
574300
548050
534365
406397
279274772
279214916
279132790
279132205
279017963
278617188
277574299
277461477
276649840
276594130
276243739
275926107
275925631
275814240
275308889
275198097
275173916
273905929
273259994
271967310
271074864
270987975
270799857
257843539
253058434
225269922
217386443
214658622
198303134
179722513
123982772
115254329
92096347
75313094
20644458
4430965
720913
574428
492703
481559
279275935
279134334
278736861
278635805
278393037
278061730
277997104
276562442
276426474
276379128
276379104
274098426
274023297
273583011
273386619
270913674
270519487
270101750
270058208
262990656
262506265
261852406
253137766
249975831
220825723
207640582
202780362
186864323
146224377
117411504
97818943
91663986
77879823
56878215
51200028
32314549
1392977
597150
492610
404737
279262299
279081914
278473610
278190597
278123216
277921728
277452892
277276431
276161832
276009326
275621099
273667856
273598206
273216883
272607902
270988095
254146928
253660400
253237632
252099012
251253807
248591343
248179364
228605078
225385735
219344961
217153000
214167095
212213093
196154297
178112131
143157641
139975192
118232326
76730157
74747805
58491419
8144205
4275915
448884
279259402
279133030
279076258
278967261
278090885
277441835
277361842
277279674
276852576
276794585
273714765
273503638
273308487
272438927
272058855
270459291
270116456
263564425
262458156
255299337
249967890
249680216
249238101
217183365
207400590
198746477
176891124
170846514
170094972
110649726
107707570
100321478
68538237
27971953
19346647
7336747
908594
650025
436986
345976
279133294
279091049
279090978
278758299
278616516
278228790
277465162
277459884
276794190
276360579
275863887
273678046
272371204
272365911
272303771
263453161
263117224
262783953
250474020
218761958
218736709
217521832
216225658
213492163
207807539
207754534
205885026
204347361
204301359
198900210
198699222
186189901
177860462
161863403
137115757
116406724
97546178
535505
404225
345102
279171220
279132982
279120330
278309972
277770775
277446819
277007101
276683128
276106849
275516854
274066427
274057305
273607160
273597540
273584379
273466782
272447980
271610563
270715152
253420333
249946784
249795789
230003416
215746861
207961505
190601857
186265467
183702841
177703719
118124353
116209902
58437306
56692529
50339399
50303900
48018374
828995
542864
470168
446360
279132042
278870646
278834459
278694413
278641752
277500066
277430056
277319758
276152527
276105634
276019752
275918534
274878538
274361809
273663873
273552226
273219450
272187584
272058884
262056984
248542320
243096106
241747785
220712089
217729245
212474363
207162617
205691817
199747298
194199558
192949876
185882714
180380514
152705111
90223420
31841336
4430257
2345535
872310
538165
279132895
278616446
278190575
278098343
278006250
277574267
277430060
277319928
277319846
276103947
275967146
274058302
273360399
272621712
272433174
272059054
271197075
271041059
263040613
253237836
249946114
212993742
188043171
160940870
137458383
120762390
93210689
84859596
52891359
52607489
48595522
843282
653545
602666
551122
538462
446602
446535
445743
445538
279091022
279076335
278907365
277975304
277930163
277465120
277403259
276160735
275377866
274805439
274191619
273859276
273718300
272374549
272227515
272048185
271426828
271084733
262470087
262469760
261813270
247666294
244332027
242078544
242078391
209890421
200649907
190489474
172328501
150682463
111849841
88891030
67056045
56200092
45299963
4429839
3026039
1523005
684448
446338
278731318
278051941
277718324
277542046
277526069
277466598
277465134
276834428
276031814
276008993
275876347
275414560
275132216
274886396
274146131
274145495
273610626
273604902
272371799
271998257
270712527
270159907
262692303
261931051
253268310
207565721
205851409
192692429
165988992
145274964
138395251
137241842
52789019
42838889
880304
653557
550718
550167
464473
446323
279232800
279133088
279029247
278968177
278852692
278292974
278012590
277919501
276026931
275922945
275514221
275399084
275268291
273690813
272032602
270545380
270490494
263372738
263104631
262860137
261841275
252341225
252296483
252041028
241666539
241559512
217533347
202781003
192810628
183540579
179063936
176226838
161409524
125739799
108876064
48928982
12647237
601532
573493
435592
279285481
278360247
278165993
278130801
277465186
277430064
277319761
276008928
275987231
275947275
275942436
273851781
273372151
271953220
270799477
270785820
270785644
270546125
270058218
263052540
262782521
262782518
262676130
255299183
253325858
252769222
252456091
244169087
242620551
215478700
215123455
204429185
193411529
189466761
177266930
115098358
57433769
3974079
493154
446318
278970744
278761430
278117576
277581752
277347336
277034092
276834429
276594632
276222674
276024892
275628438
275614659
275339493
272374684
270912369
263510732
253797201
249719150
249700025
249114669
218760996
217773062
215897968
215118846
204880977
203902560
196944532
187722183
187651161
179731941
145279381
124015613
121201084
52690978
4317037
1667145
545049
531900
446490
435204
279217925
279134338
278965373
278675238
278327967
277922517
277878229
277520585
277465837
276150481
275952849
275942400
275024270
273894275
272591055
263647102
262731532
257670536
253548408
225267089
218761932
207395730
204043712
173515982
168984762
160814632
160584332
116249618
87045685
53292785
53200366
52331733
3026079
597159
539116
516913
492730
461022
445551
436885
278907063
278124733
278008706
277702846
277465230
277319787
277319741
276545450
276379132
276109302
275929617
275385530
273410470
272058955
271953188
271217025
270921753
270700220
262675103
254180896
253632216
251253051
248693962
217621986
217132139
215118751
205611408
203841198
195696873
189263411
188375154
179167391
177264430
45613715
35426718
3750433
2057061
720994
625369
435332
279243864
279133518
278907077
278714894
278065513
278042691
277465092
276886057
276604391
276240460
276079704
275386738
275315105
275268302
273678446
273605973
273536855
273520540
272432462
271411077
270848726
263091486
263076419
262037757
251756016
250505693
247667849
212993216
193668002
191148973
181506890
28679955
20451657
4792909
3974129
720777
570216
492356
445866
279156568
279154762
279072993
278906780
278743323
278195953
278093080
278000528
277274915
276861767
276152059
276135752
275942402
273953456
273785637
273702625
273583684
273572071
273061947
272565222
272032571
270101954
263246619
263081814
249946233
249763791
247853912
242078383
216199739
208092436
126008193
101073608
63585344
63538256
55508711
5404365
447497
405201
403597
381533
279134332
278877438
278842133
278675237
278638740
278327517
277506823
277319749
276716911
276006918
275928894
275807000
275124247
273641101
273581498
272058833
271428954
271364246
270831412
262423819
252631910
249019268
248789034
218749977
210762361
208115239
206134183
204069543
192623431
183501136
170781774
170466626
111108017
68492508
52789560
49349807
859272
601571
436944
424053
279132635
279131598
279073057
277532046
277465183
277347346
277319797
277319733
276975445
276852620
276807952
276357008
275942438
275340404
274804752
273309974
273162463
271395541
271012144
270827398
263454761
262037894
252819419
206128786
201036652
196315283
191683270
170352283
146274698
116245747
115254236
72516228
54672650
4395587
3026037
692228
576589
569597
511340
342826
279217454
279132599
279131780
278969614
278860504
278832953
278598203
277992372
277971430
277574293
277465199
277465182
277465123
276963176
276145791
276132071
273669024
273407313
273294554
273238432
270127538
258571260
253621802
253384927
253133991
247271324
194585684
172936094
158868313
158720019
125896371
120432131
4014013
1313979
858220
573491
522573
505881
446363
446362
279190856
279133742
278892693
278772234
277981031
277582987
277563665
277543292
277396610
277389526
276799300
276222443
276140112
276005373
275813923
275541054
274883852
273597290
271958960
263765296
213619207
198707308
176784540
173971256
160584326
160584316
120471863
90242621
72283507
28577300
23619288
9493758
4313653
3750439
2063603
974480
544000
516750
446607
446325
278112051
277833255
277527214
277506754
277465235
277465164
277465158
277437162
277393188
277393184
277393173
277393172
277319959
277319793
276551186
276503250
276148094
275961170
275947158
275925790
275833461
273872579
273292762
272447978
271953226
271527562
262042786
253401327
248655664
219461506
181926833
181922547
178607667
177515637
174839248
146274090
146274048
138395235
136045856
1510769
279167387
279120341
279083710
277369335
277369305
276483785
276429929
276191644
276111624
275942656
275923058
275479298
275179018
273852582
273354629
272256350
271819789
270116179
249024837
248398748
248329603
247945927
246941366
246161535
225386530
220684094
215616939
205884588
205879048
197148668
196174370
191354261
189365673
146275353
138181202
125741214
120444761
96751352
85623201
60854813
279133176
279133042
279133020
279112388
278991804
278969766
277975250
277933735
277600137
277465222
276883600
276620679
276139278
275484582
273462205
273309568
273162483
271070915
270715310
263074661
257847424
253165621
252605490
249392704
248132073
218754863
217115141
215730764
208124002
203402214
192950364
178037773
176944590
161541338
146272249
72851561
32795058
446747
435596
410603
278907061
278751344
278736860
277563437
277446393
277319896
276502500
275621965
275314657
273942777
273913508
273546573
272830131
272447972
272435146
270302292
263683063
263564870
263064007
257847990
253498953
230003540
230003528
213973831
188695917
171020975
95218447
74362890
63585346
57436393
45321626
20644468
1619619
1008713
643733
583237
473776
447481
446526
446334
279188190
276653121
276606216
275662919
273895392
273678071
270881634
208115246
198499784
196350551
191978805
91374071
91373953
52888227
48595520
10508112
3026055
2777811
2621933
2621917
2345549
638296
601539
591509
573492
538473
522663
492678
470995
446749
446605
446528
446473
446449
446371
446353
436923
435688
358791
344721
279232779
279196712
278760981
278597992
276974428
276608641
275973121
274173472
274140965
273690805
273646437
273610334
273604752
273546954
273511806
273441094
273418315
273061943
272287668
270302298
270173270
270122941
263564785
262426997
257749647
253796814
249765136
248329605
229809674
214658895
214117149
210417759
197748294
180985345
152750648
87846163
73588693
538308
538300
359291
279167244
279115933
279063467
278991385
278227428
277605657
276090881
275339535
275010514
273976038
273317566
272748550
271527736
271495591
271449325
270952344
267339828
253720846
252004209
249775059
249010174
248870676
248594781
247817467
218752559
207044896
205802289
204639312
204308821
204069620
199997873
198021643
195722162
195561504
188492548
177266924
176850466
145540463
145540353
133426480
278310222
278170509
277867836
277729136
277704257
277465210
277437168
277393044
276746614
276109472
276109381
276008922
275943633
274818778
273872922
273403869
273307161
273218897
273028116
272375035
272058701
263108398
253239618
248131243
242077917
225919972
225386364
209412445
208092365
205807498
205802501
106474755
77151519
34754172
15163736
693225
531558
491812
453690
436659
279133504
279133284
278907228
278907053
278679617
278616494
277540371
277465094
277445308
277405885
277393068
277319916
277319757
277314080
276072077
275403381
273261087
270846520
270547533
263082404
263067660
262862958
250073794
248740074
214656443
213960968
208319238
207933172
205696896
205614351
200617434
194583052
194109633
91372600
60392121
40754755
31856603
12660398
1404321
728515
278772350
278618292
278617176
276139255
274081278
274061693
273696388
271303207
271084945
248741844
248590507
214067710
201693075
198721297
192679229
160693888
133940790
58451301
52887211
35443503
20645181
6776029
4317253
3026047
3026023
2777813
2345551
745336
637878
637647
602636
602243
548592
538128
516972
492598
446383
446333
444634
414693
279131590
277394474
277375393
276454302
276362988
276111047
273986993
272448091
270799248
270701691
270058216
253165233
217122743
205829000
161310216
110850693
68535368
66850201
55462098
31854868
15777061
7924870
3026073
974498
737040
637222
625423
550717
516764
490847
467879
447504
446755
446366
446331
436611
435630
374565
345472
345440
279131447
279131316
278761633
278641053
277280357
276426625
276249379
276145785
276045604
275315291
274358070
273680250
273667838
273428638
273287531
273095958
272941601
270658967
263372558
255760702
255299448
255299225
253365869
253325900
242078385
217577311
212037973
207742577
198738778
187952639
186192089
184878628
181907390
146271730
127033500
115254518
107798671
9493159
1016212
445537
277465100
277465084
277393180
277393176
277319932
277319840
277319819
277319772
276562400
276500968
276109436
276108998
276009306
276008956
275986560
275973417
275972897
275942692
275942676
275923063
275918610
275867734
273827303
273678151
273452550
273082918
272447982
272382993
270127971
263092613
252550258
220677463
219461240
217149652
216387918
197964292
187285354
185595367
117926914
1016196
278899425
278842127
278105729
278061538
278056955
278012300
277891883
277742403
276902363
276896346
276595034
276379134
276379129
274989847
274989088
273217206
272435515
272113723
271819788
270802170
262637105
253635540
253629222
253237636
251999310
242618742
242297556
242295499
241811511
218750271
205423656
194473158
191135933
174301686
75663655
5009037
574303
531912
492694
432399
279269850
279133034
279131969
279131840
278907521
278907051
278123314
277465202
277465106
277393190
276976091
276905591
275942074
275543563
273688265
273304907
263510706
263104572
263085225
225911237
208124012
206331153
192949378
146274450
107409991
94803523
88881362
86417680
84873192
52886494
17614751
610845
601557
492747
446533
436662
435769
435466
407503
405198
278469881
278069743
278008515
277526178
277375385
276847130
276454257
276161309
275132944
275106007
273990965
273844081
273819449
273791713
273084454
270829829
270058212
262407772
252402416
249204237
173742720
142557619
85029024
72515600
72101156
66104779
58075969
10735312
631618
625408
538508
538383
477040
447518
447490
446377
446336
445859
436845
358792
279236941
279133373
279131830
279090892
278906832
277574266
276500125
272896031
272286253
271585775
271323931
257682879
255299139
246162607
228674863
214889708
213488474
212993228
201549553
196054930
170500854
163021265
155049261
124892983
115897976
104300412
104074999
87044580
73316975
8051278
4085593
2777815
2345543
887807
538409
492351
446538
446348
446337
404843