278809616
278279707
278279703
277967155
277937139
277618894
277618729
275695908
274926389
274926158
274926099
274925295
274925098
273306198
268596736
263512943
260813888
201424439
197380769
197380634
175445776
175445760
175445671
175445584
175445564
175445558
175445438
150709654
150700169
115303123
115299152
115298927
115289897
106363037
81940229
81939251
49211415
1655001
1422929
1422915
278467058
278314130
278314104
278213805
276248891
276248849
276248833
276248826
276248814
274931579
274926401
274925493
273305226
271456358
263512956
197380484
189597299
175445834
175445794
175445788
175445764
175445742
175445703
175445620
175445535
114204678
106362992
98101933
92025066
81939022
74538194
48945309
48945103
48936519
48933038
48587334
531119
531115
531109
334328
278314147
278313890
277504491
276248883
276248868
276248842
276248837
276248824
274931568
274926442
272896620
270119104
260804536
194464795
175445682
175445665
175445634
115564481
106363060
99055937
98102085
81938994
74538159
49099465
48901148
48587035
531114