279183241
278966782
278952169
278713788
278711686
278711643
278446333
278192546
278154893
278055559
278035545
277926272
277926258
277444127
276148740
275948888
275043092
271087665
263791080
252401956
242789587
214928785
214160511
206795253
199692508
186879593
186329455
178294073
176069376
146223395
121236564
108327033
88259908
53532186
47169146
9490657
6770925
1362559
1256319
1028661
278945299
278711692
278711639
278329096
278228864
278151949
277748886
276919864
275602919
275434341
275224393
275216712
273250382
271330061
270991217
252858858
249157913
230083088
230052285
214113403
205506395
202490652
201383130
200013632
197899916
197143021
196059810
169640937
141469674
95039274
81302352
65587899
58947645
56757447
52112435
15256884
12658438
12115224
9695881
8128223
279250956
279069691
278998648
278906994
278761347
278760999
278673375
278435930
276745111
276744969
276139328
276024783
273982284
273844757
273078468
271197377
270701130
262902502
213929996
209609961
206715222
205115162
203945267
202238603
202064694
196837651
191472394
188835169
187622420
181703875
181448102
149520311
94829666
88253149
73628722
60833223
51443986
23014769
20131511
2031833
278752169
278246025
277921718
276412247
276165396
276047279
276047257
276043183
275802578
273866374
272317815
272051536
271537254
271496338
261809157
252760860
230083007
217489594
209613574
208907224
208738916
208650240
204001258
198584782
197834736
193417721
192949027
190700991
181982663
180867656
106362468
93181758
64334796
53900702
34747674
32613956
20132455
13099517
11355601
7258615
278616586
276743964
276178113
276065514
273891674
273082893
271735078
271726020
270795093
252853757
247432930
209906115
209331983
205562193
202217457
202064632
201679854
200752429
198924158
184084714
182551239
174492012
166525097
150609623
119698126
110681680
97541584
85048975
77561487
67241494
55472608
51976689
32351787
31207452
31207348
24912510
6519189
725672
407851
394897
279269508
278226702
278076724
278025219
277774393
276746972
276651877
276319954
273891636
273457314
271330857
262605341
261959024
255612232
254077729
253410305
249934695
248634801
247819201
217511080
215544623
212564379
208917620
205897649
205257246
197749909
196854310
190553917
186089216
185449537
167614003
119693884
119692686
98941990
97846839
95065904
68494176
68493852
68077572
31170045
279235531
273445720
272844529
271197381
271041096
270990969
270963947
270435542
262782699
262782697
262780854
262780851
262780827
260940052
253468611
247823262
247815182
247405888
209905978
209867862
208917685
208907032
208224755
205785561
201027493
191714256
190725644
184101545
161983339
119949172
119697808
117918085
107461397
106362463
91617494
58841745
36155381
35225074
34156886
1582325
279241469
278966561
276598767
276593830
276569053
275336481
275036057
273651775
272431235
253057021
251577745
247822418
242075386
230259800
216332036
214589370
209867806
208437274
204325923
198481264
198145000
196048825
194140804
188880738
188844331
178778242
177997194
174013170
128823078
127591548
118887254
117918065
99056526
98919640
95981941
88862129
68573951
67241567
59509795
58299449
279308778
279281845
279272177
279259599
278808486
273726919
271441656
262782706
261814041
251396017
247405894
247405890
212992159
209431131
209320270
208907036
208907003
208739194
208474496
208196157
207753244
207346062
206715180
204871690
203905127
190726654
189494353
182465222
181809082
173206733
172176179
164158613
141822822
117868901
105534656
97541473
80187160
55937786
23232412
921522
276636713
276309962
276116168
276005215
273461320
273221636
272840451
271191583
271046543
270707973
262830299
258820797
252874874
242075160
224170844
214817025
214730886
206715145
201873334
197833931
191129708
189631443
181982680
181809086
146273688
139484879
138435222
135220655
128823165
110689998
109915352
96690934
92551734
92514522
68573800
67244398
13890971
11955479
11600771
7614670
279257292
279059062
278760977
278760730
278752126
276568923
270701169
262830301
262782689
252828511
212558429
209905736
208915906
208906581
208314823
205148904
204871538
204810749
203927396
202154653
201856171
192950675
191808108
190489693
171020982
169553723
159342665
157073391
151950491
118582551
99056519
97850056
95995253
73251886
51087206
37001159
35129450
30886445
24706827
23399385
273928399
273655592