57350380
12107394
10202453
181379116
715592
753363
277596883
3840807
715617
344273
715595
437717
509971
193736998
871396
74866089
199706090
74247023
200938532
74247029
75697501
1580403
437701
141757457
715526
94901349
437715
437744
715615
255414130
437697
247938418
106445320
173137659
204302038
509976
106362100
276777184
44812544
248544509
362417
1580405
10209969
11861551
29354246
95039279
58936120
437737
437747
437722
141757458
46772928
262892006
415828
400622
11339527
214584853
209904958
11861117
279133624
560629
76526985
59395403
437742
715616
273680286
57350382
12292719
273637773
262909037
715614
203084055
10202455
273283078
437698
177117487
437454
340624
455314
247409371
92002614
9949542
506087
13325578
60910620
59478507
715598
715548
76834742
171581039
503781
753333
12293500
715556
229805000
76588967
89762089
137484813
192949886
173093696
503770
346205
481206
118582475
58134518
257767906
437714
13325689
407581
16564385
181423432
353900
437694
75514561
89760774
73717908
60736163
273714784
715601
509990
715540
407552
365829
437782
192987865
66589468
262891997
279226291
106362273
715562
365818
437993
95501038
715559
109776191
413919
192951080
215989595
506016
247935587
544736
73219868
270700222
437985
209430422
343439
11338098
512245
273708721
113459399
407555
455315
370447
208917294
270254860
229805191
437990
346204
448840
273666239
437732
249496637
352620
403720
118582625
73854880
44812546
7843280
186165467
260922709
263104087
192950157
147571077
9949540
403715
16564276
345902
273636983
430836
443253
370465
437699
645674
412177
92551836
509986
255630131
437691
273636940
437506
173674070
230367268
512230
270254217
342783
176522880
263486069
214261399
248915718
247934467
25000324
247938398
247410155
437353
715572
412170
441727
180957569
503773
355316
273667223
419613
437988
715565
437509
437507
273725002
216387984
205808057
206474247
192988050
186256493
273295692
206331408
76834712
216388062
216388033
274028778
208415656
35445785
207643052
206331406
73219577
24165260
472188
73219815
247441871
57350378
116961306
11861165
173137628
95129937
229805149
1641127
503784
209293872
229805186
208915897
114895839
108009142
208917049
167614073
255349686
167614207
229804994
437582
412165
157073424
23220539
3840809
254094425
247409981
273636955
11339529
273418297
247410219
209867808
92552199
107981563
146223958
273666245
210164122
405651
144740885
255371088
279244793
204302036
273454400
247377014
185991841
260922680
263484072
262892002
97810184
146223965
203467658
136596493
273520283
192988062
272918160
73219881
247935771
248544486
192949894
248586324
113004768
279247376
247935589
73219900
209905779
10202459
208223967
15897956
108009974
144747984
254093329
181927400
437453
229804991
167615127
273498438
247238537
108003923
262062086
270254141
249607401
144743318
229805019
215991126
262062088
229805146
270254454
247750985
273418375
247411327
273417821
167615086
208906999
116961293
10202457
100383095
209905705
210164000
247411189
229804976
437361
208642252
11861532
208310606
253469660
92551382
208593678
270254707
273453752
247750929
208648792
59478509
270700224
192987762
263335303
68428573
73219635
262664349
186369388
186080497
204068793
247409239
247409323
214261843
246772899
118522485
273688277
208648768
370456
370457
11861583
180957599
253469654
54455173
253469658
11861512
262062084
113459495
715537
54455170
208218905
437438
247411373
213935307
341541
213920193
56184150
271423173
229805196
229804996
247410151
253469642
254093597
254086499
257767944
13858077
15897947
437462
262062092
229804981
365817
209867653
273666232
180863860
181809040
4215395