279056296
278598564
278398007
276799663
276361235
276080578
276079789
275549439
275548745
275106167
275105092
274969764
274875183
273880131
273690130
272456762
271122419
270880693
248656092
214160728
214160724
208917546
208406300
208289699
208286079
196409860
183531718
175553052
165089915
160488884
145288041
140360868
87600278
77858321
74458468
65443438
32802805
32802803
22634335
1542485
279092186
278078077
277933752
276565016
276412137
275440717
274612424
274545763
273511420
273385502
273303478
272851789
272104545
249771954
249660573
215943465
213973664
210166059
195792244
181500433
172175797
171950030
168234718
166651908
109982853
108501262
86517377
77982970
75791553
72040798
67624585
67060016
63867822
63448510
62724333
53501187
4086371
3526069
1738461
716168
279082043
279056155
278787558
278777900
277931600
277370130
275604301
275602592
274375045
273596264
272186902
263209504
263083997
262734512
257853440
255179258
253412713
252858866
250072466
249822171
249771942
249660581
216285791
214836147
214160516
212992404
209610581
202242167
201843498
190490460
189035414
101801426
84591598
75454257
75454156
74942186
51420028
41182165
40981444
37420413
279112612
278824156
276564913
275731530
275420725
273667126
273454677
272915262
270704697
263085252
263022165
260065547
260065540
251936531
251548201
249043152
229699846
225197426
215746432
214819624
213894731
209170562
203783315
201798665
182083699
148051308
116033273
109982863
84859798
81225012
77111612
76599930
76527872
72025566
31207454
30807706
29175020
13362597
1392959
417627
276608312
275731535
274887116
274544926
274444105
274288106
274064835
273789217
273676226
273676195
273646149
273425751
273135154
272428787
270792688
270706256
270258832
270140723
262734507
262062101
252811960
215737466
215388701
215146547
213669662
210132023
209170571
202226285
200013567
192859176
184318240
179143713
138049807
101423777
99056159
79371543
77231116
77231069
11848891
7164819
279260043
278505435
276564944
275279445
275176422
273717028
273707248
273707156
273547468
273501451
271455995
270903534
270853035
270660120
269955377
262056755
258848122
255179260
255179251
250097256
215122148
213954104
213382777
210165973
209298869
209291597
208917288
208307732
190505848
189326450
184767530
182459821
167613579
134583092
58932961
58440814
50074709
48548779
37216742
29810870
279069695
275517706
275343961
274454165
274384248
274181256
273843643
273638605
273221396
273022390
263023709
262664304
250099338
242888700
229714278
216331910
215943456
215748944
215748942
215746123
215739241
215727071
215720784
215690691
215123145
214836071
209170569
191805644
189078165
186433591
185439104
178602276
171507997
159034750
148924820
124893141
120183263
87910615
56210150
40981291
278326212
276392044
276367763
275277958
275148577
275081689
274943083
274776675
273719360
272849946
270962533
270745194
270104266
262056757
261802084
260065549
259563749
249967523
249389204
248353739
227478575
213672271
208917275
208739059
200764916
191374427
184497378
179438622
175553095
171651052
165989512
159034348
140221932
120183370
85396161
79367274
77577166
36830129
32686726
32351535
273725327
273667313
273454593
273056904
270715347
262062108
253252406
253252404
253148074
253148072
253056477
252387409
249660577
248524540
242888671
215746436
215746125
215746012
215746009
215727260
215545114
215545087
215389642
205695358
201470102
200004434
200004421
191140601
189231356
183231246
178781381
178777134
173565121
143917116
104244002
77231598
76105502
59553866
40981398
11848906
278831509
275275499
275084025
275018450
274922534
274593021
274444115
273953886
273879666
273646123
273443213
273241051
270772123
270707456
270138238
270122743
260065551
252854107
247803651
215943458
215746007
215389890
215080321
214836083
213997885
213681527
213598826
205145923
201569455
189587121
178781378
77230941
77222306
76527187
76068427
59470965
54999714
41111759
14039855
767940
278776776
278505323
277971303
276975382
276922071
276826318
276079797
275326508
275113243
273461816
273221526
272836334
261962157
255179241
253097505
252063908
209901288
208682488
208653016
200764917
197675526
169607070
162144047
119309495
118100023
91097520
77481097
77323486
66453744
39855290
35249928
33545081
29676611