426267
425076
412216
412218
715429
457274
437693
403745
426266
391668
391667
403793
403757
707333
204631062
355250
357782
136546357
187595360
552888
204537535
371157
707150
277974349
437729
466738
466748
437716
466997
715431
44812540
204537429
706766
437711
50782092
418255
425120
706067
10833206
706066
421871
437787
192987692
371152
355260
355267
355253
355266
336102
437467
706976
418265
706375
475941
437708
707184
706089
715440
707417
463735
715426
706156
437712
425114
418268
276425140
355265
355269
215987935
355256
342521
437709
466745
421869
706166
715434
715437
425119
181926289
34750973
355254
355247
215987777
355261
507028
355246
412212
344058
425118
707364
715460
208061948
207904500
253059369
207639492
181809063
106996505
206851434
192987720
192988027
215988116
371174
215988123
200793293
191823983
208403354
247938115
472691
192988058
208643572
208643604
102140923
715464
178721363
178722055
249659398
272305789
192987820
212324404
191823993
207019089
200804440
206722328
215990174
335435
61840987
200793484
247936387
278148915
191823782
247938903
61574652
208403362
1914385
44335827
706317
240392251
240511529
202032593
263085178
195233151
198076492
192950516
191823884
207899833
191823903
206722344
200793356
274840675
212324480
191823846
215987959
215987761
215987953
48981440
192987728
191823810
263209983
208403360
49564294
707458
213599640
686431
437707
202013711
204631060
213682554
240585618
50782102
204537560
204538065
466733