279042848
279042709
279038254
279037790
278154009
277375531
277375493
275889857
275711182
274675851
274673841
274672959
274672913
274540537
274142834
274133534
274125819
274118244
274118240
274100058
272450159
272450024
272448638
272448388
271364714
271191114
267339892
267339739
267339639
263984009
263207626
263085375
262877247
262822101
209399916
206248696
197620681
102758373
55285154
489817
279045902
279038408
279036631
279033890
279031633
278882299
278882057
278612205
274675552
274672962
274540510
274142346
274133699
274133676
274133555
274120241
274120237
271444115
271250921
271231497
271189287
268586128
267342495
263097787
263085377
261799598
259786607
258667018
258666911
209399343
197652362
197620721
197620582
197388125
197388051
193101481
107001802
107001794
107001747
7677767
279045948
279042750
279042003
274674792
274674306
274673428
274672893
274540571
274540544
271356632
271231515
271098986
267342516
258666893
257868089
197388131
197106543
171653529
107004468
106997624
106997369
7714166