278826829
278447593
278156986
278076206
278075768
278074369
278074244
278074013
277568806
276147698
276147692
276031606
275550090
273909739
273717394
273676715
273059049
272172637
272167708
272039926
263581104
261946946
253471962
208778541
197920649
190094027
153518803
146271354
77774784
77702310
68119457
58973819
49716241
42459002
39322176
25733769
10303809
9800024
777304
406367
279070052
278844126
278074376
278074361
276147694
276017478
273434636
273424402
272962197
272830007
272039936
272039928
272039920
272039919
272039916
271335880
270442372
270256904
269895691
261983518
261946941
221517170
218754682
207360917
207360664
207189466
197155189
191978088
174012890
80900187
26412691
20731600
19388500
9798606
9688934
8998349
1535497
488396
403665
355877
278826843
278826789
278074393
276017338
276017172
276008972
275586877
274283914
273400627
272039918
271340847
270116402
261839651
257855866
249220235
248555143
247935551
247935547
218754647
212065196
207360795
207360630
207200769
207196244
206483142
197119837
196203180
193976644
192674328
192169244
191945197
140361639
22533110
20731616
10014302
9688936
7703755
1574813
472054
471811
278226460
276008958
273101050
272039924
270958827
270747250
270708315
269988088
248590416
207360907
207360817
207270283
207195209
197154088
189557807
173205875
136482378
37880229
31515749
10735342