194960730
13446508
276473255
10392851
278489406
276841094
279093667
278969234
278749397
279063971
279135169
195545272
279112911
273691916
446730
278997892
47504724
77225336
527361
72890488
23609953
276525609
195545489
197599718
243006531
167183928
278324887
267340203
272112003
273691906
195545540
277019432
276451239
195545504
50939397
276280438
276655622
279145222
10568888
270769930
485247
2131603
278932999
279005935
3644653
188534357
278377617
278729524
276280440
207475538
274919297
276194465
278945609
278998865
28091492
216001278
278968560
270773696
273357010
262783934
275085949
276473262
276280426
221229337
274354393
46823834
417387
276649370
277514820
485259
278421352
242796628
528908
270182232
252246727
485261
278860242
274099508
277341890
277466585
248755012
278316853
201693198
262517200
440301
191808716
278324825
270472731
185654072
172191250
248802819
215592707
274919300
276026842
203732493
252393111
273219184
196021705
273202499
277019437
279047089
272164313
279090187
200624244
276566575
143144354
274799781
251384737
191808334
209608510
73667411
274140757
273464927
278316847
528906
55503230
485256
651467
455524
262811777
253178688
278636684
278610397
278940792
279148219
528904
275513092
201568617
172908185
214495143
274146090
274356357
271742120
278141145
278644140
195545310
276929017
276252359
273407507
214189472
208408740
197599722
178832764
276649326
241937037
271245593
176550305
276653870
275671471
212600798
605250
146286503
276272675
275806547
275085645
252246286
201308095
276928909
279112817
278403972
73667527
276649456
276478193
173086320
278638742
278686348
274024121
263104548
273963354
278991892
275077669
178736650
272815388
278517452
278442563
278638400
202475568
273690192
203845717
273456920
278421350
276473228
114275076
272409018
168060374
73667286
270791005
276140006
186741989
187011578
271450207
199039091
262811728
187011429
259771673
270774025
274356806
275206315
485249
187011353
270789378
128711695
253298640
168900654
209610601
174943417
274822744
527344
143144173
270790610
203084380
275276523
274363599
276820304
217535551
273746602
202604405
270774953
253228775
638287
271957668
193126048
273306705
274951270
204473030
278638468
278141168
203292512
278730186
271626642
113526709
276147356
199740005
209608473
174943411
277715953
158866493
253656600
278729520
133211033
276762395
187011340
212600991
274170070
203084144
273306895
259512757
185104325
270789068
275910027
19783410
274990452
203463317
277873965
278944195
276883846
276649852
277515026
3076653
210527474
270789081
200727482
263354928
278610010
270994441
277869132
246284709
275358931
274356867
270771876
199670921
275583334
276273069
200624172
181439286
277873967
277869092
179143086
277869072
272397112
272397254
273849818
274835034
201565973
279165213
277408574
273347472
270790597
270786842
276245794
276191395
270790957
271480240
182851040
190864115
277528758
190086098
274990553
273102303
199037371
270769376
109035976
187011597
15269404
273215782
270770968
276886451
213935991
272247087
270774963
273509731
270771975
278674480
208648779
176522900
195668243
214234110
205290355
196021793
273446152
273692300
274790725
270786825
274919292
278500240
273386565
72926828
274361194
199739878
209430384
273584777
278059425
167140848
202047693
276685428
270773940
273978261
274843712
273510003
11193224
273718283
275034402
274828554
270791006
271480259
168900652
216213550
167488308
272452025
276245314
272186884
196180794
277408636
270139393
209608514
178952524
252246699
187011294
272800278
261956800
192139914
278944197
276394460
278896788
253089183
277168437
274919323
274946997
263063942
244299452
270774957
272134559
193004977
203084378
273476067
271993505
207280914
270785752
273123059
556872
270773563
278757385
156821154
276649501
275986577
271192566
189676554
209610100
273785820
273347346
270820043
279100046
272912810
185851705
180582907
187011419
200726842
203243162
277873953
177924849
200726872
235368674
203084095
208168523
187011375
191808239
210146240
208643695
208648864
203840643
274139708
210283515
143970371
209279133
200726187
190289122
270161256
109086519
275740898
273135504
261986212
179372344
212112764
203084268
276244972
270789850
274173579
270773640
203084106
270789354
271993515
270774871
273649739
278517467
207280881
277388753
200727281
273085483
203084124
274829685
276308099
177736608
274831287
192810162
273365878
270789374
274173577
278053769
276653907
276653771
249038604
270789776
210531027
273553886
279212031
203084070
270790259
270789096
24987194
253300530
217535473
274827153
276649666
275910046
271187854
270785776
114895617
276556013
42459012
277769672
170861097
187011589
203084258
122094507
215797027
200727006
212600857
277873928
207970976
273990938
217535518
253665847
179206716
200725414
270125230
209298690
92010754
209293580
182848928
263563270
235420790
208071589
259771668
189536329
208648868
263563161
272537578
203084116
179397250
208408666
270769384
275272245
129138234
203275504
275070319
271485473
217535481
278579311
242487149
273537752
278399131
200726661
277522717
271450211
182848914
261942258
274890776
274831450
274822817
273899301
274826719
210427585
274356980
203084292
200727222
272457131
273029866
128523531
274354743
157666973
270790588
196180945
274826242
127032980
279165666
207280887
270789778
213936360
276556353
273533450
274843793
273533196
270774903
279123064
269973422
208408628
202529455
253363852
191808372
210527470
249007368
202331672
273476922
32636720
273843348
203084220
200727194
275910025
253272789
273122289
193125985
258752520
145649413
276191416
276272847
225386290
263696605
207971044
275859331
209610563
58190981
270467615
262386621
215796982
186746565
208648872
209610074
209432138
208643660
270142456
203084422
277867455
207970990
200727184
277869175
203084410
200726882
208739308
247896895
279165292
259771666
212993250
278228766
259771660
263563188
271556691
273300046
279113022
279112746
208648875
273472354
270789054
253285142
143144275
200727218
196021866
252246201
279259499
273509952
275899506
213886894
271450205
277388729
274831307
273587221
278169395
248774018
279103626
73777733
203084320
270774940
203084392
203084232
191808681
272188161
210531019
271480464
182558950
279145230
204005189
202044904
270786748
273244957
127031600
274363339
273692725
274173595
279135178
274020528
270770924
273238462
270789860
273624034
187011465
272839123
200727380
275109208