279208946
279173531
279173512
279102310
278967477
278541322
278459015
278279656
277540721
277526008
277506009
276392451
274832576
274557492
274320365
273909681
273085437
271556684
205506429
192987156
184072324
169375460
139243109
133573582
116105706
111615992
105975763
100285407
98284093
98280808
98058259
87978810
76221008
55284112
50308587
33703900
33597898
29290812
12057544
1466211
279269342
278689875
278384425
278292349
278096255
277988400
276403326
275889963
275839106
274994117
274881933
274224566
247741508
204425223
169377743
130756617
98219524
87412545
53390523
49549374
887799