279196774
278878660
278790946
278671334
278599596
278277714
276129481
275148621
274847883
272938772
271456405
263389194
263369972
253293590
214583545
212260849
212213037
195283649
185909438
178831519
88000564
70851279
63924623
51267038
51064398
50490723
50481474
50481468
46837060
32753216
10077495
4642785
4071161
3078021
2697009
2697007
2696999
646405
506316
396636
278878482
278214521
276128250
275007191
274933683
274856005
273977299
273927546
273406071
272938730
270785876
270770587
270182528
258215824
255427279
254113577
254086194
204416921
199038430
185909456
180922784
178831523
173617456
169400525
167614013
137133585
127692147
92551424
58936394
52413628
46623438
46332520
32053068
3157653
507184
507181
500719
468060
445697
401728
279262307
279196770
278686294
278500109
277810474
276129034
276121597
276121579
275340868
274933731
274933681
274372459
274005125
273886081
272919677
271996020
271995908
271798483
271659344
270790341
270725687
270703832
267342791
255349760
254092820
253629253
253628808
253621915
252636254
249387934
215996670
212323775
207280861
205121845
198889504
180848013
127032077
92551597
46107054
6472525
278599457
278566175
278525757
278360657
276245561
276128115
276121585
276098373
275329648
275024586
274945469
274933675
274933673
273932118
273928096
271798477
271659346
271480233
270770616
270446705
262636257
205818372
205161084
192949269
167615407
167614678
167614072
138183015
127032043
92552206
69026016
63924630
54422977
53559559
50322681
40752448
25001864
7866389
1709271
530129
277810488
276319878
276065468
275603741
275603657
274856167
273927541
273529436
273246142
272830079
272135296
271423239
270703491
267342745
263563222
261957928
255605412
255368862
254113605
254086207
254080297
253666391
253666046
217535311
206206021
200727214
180874890
92552172
92551981
65588311
61997519
479980