279237463
279188085
279105454
278957406
278894201
278637749
278444844
278403903
278241298
278229577
278169850
278159678
278158480
278093094
278070702
277923352
277809348
277622005
277591321
277483566
276376944
276123459
275853564
275300077
275279908
274458348
274423669
273486371
270688156
270677472
262654797
217519801
195662920
195623935
195623862
135754577
127654483
89691021
74269727
409917
279105441
278970880
278894171
278715693
278713635
278703788
278679660
278074002
278037241
277809377
277809172
277622003
277591261
276076023
275429521
275429511
274458940
273745122
271379456
271162838
263392793
262704543
247763822
199614166
195662912
195623866
195623864
137134252
127654475
105933090
101721569
74943734
68330624
57300939
52423050
17937821
16683193
1028600
626832
546306
279225714
279022910
278966622
278966600
278715745
278633870
277483605
276834109
276376220
276088557
275899500
275898999
275878778
275878741
275279887
274670442
273328509
271541966
271103821
270708741
270491908
263698285
263697333
262792283
247763823
207563797
192774787
192474346
164713883
109765131
107804390
107804384
57318077
55514210
52423040
1985899
991489
543034
476226
454068
278957433
278957416
278714902
278231055
278194304
278159538
278125052
278028507
276929023
276059459
275836583
274423657
274423655
272047697
271518927
271162847
270688159
262302139
251546522
214617644
213705453
208271120
195623885
193584099
192125804
188473494
171825192
168293381
166525101
160409981
155567461
116396529
85375472
81576271
76127848
72152617
41145992
16683175
475374
415645
279191173
279166486
279105442
278817510
278791330
278692573
278617732
278158768
278129101
278128886
277809169
276501728
276346688
275878745
274882993
274806386
274730593
274121431
274028491
272047730
271075593
214732004
207317552
198643631
195444056
192774789
167034119
127654501
116396531
107804383
107804381
107804379
107485631
105933087
105933085
70847900
57300937
52423042
543027
480059
279105487
279047515
278943213
278586018
278170276
278159558
278159242
277019440
275898065
274064665
273328693
272497482
271041117
270744256
252869361
252537630
219133969
212326270
207755516
207755506
207755212
207646672
207642895
207597256
198996065
195623886
192949035
192125800
135552453
127654497
107804392
107484418
89691015
72688720
70847904
68341626
54018431
45370384
16683163
543026
279105462
279098025
279098017
279097927
278966744
278966479
278957140
278903285
278791332
278714457
278159343
277809164
276928989
276302844
275899516
275895623
275080214
274777339
274423659
273243120
272214667
271100250
269973502
263104526
249664191
196291967
193736791
193397079
146274666
129381384
91947575
89691007
82386611
74943736
73228542
57318091
50215210
14273562
543030
536389
279203668
278967818
278714672
278712158
278279385
278153406
277772555
276829331
275899695
274771467
274730588
273597078
272886555
272740638
272035602
271433654
271433604
263970117
261968972
242992956
242076139
214602161
212326145
208403338
207671457
207597090
204302080
201424556
190608647
185005859
171580814
167034116
127654477
86417744
73924633
66619713
52423044
442782
442778
322295
279226038
279091475
278716022
278712118
278633387
278582529
278153507
278074047
277483595
277483586
277019438
276957852
275581743
275429524
271518953
271518930
271516188
270715934
269973467
263510666
253178577
251590745
248789010
219460680
207755507
198643645
198415071
195623274
193736838
174321470
135754583
107802185
73228548
52423046
45370388
45370386
16683165
548572
474744
371445
278966758
278872155
278668626
278636686
276928979
276849989
274872659
274471249
273486376
273246004
272184269
272057349
269947067
262903799
262792275
258215814
252539329
252125800
251872622
248789096
222723598
208403344
208271122
207652106
196058100
167509020
135754575
130429026
116396532
101548570
80414669
77581024
73881156
73228544
70369787
52423048
1028604
475377
467757
407784
279226050
279226036
279098009
279098008
279097930
278967802
278712152
278710194
278709308
278380028
278236372
276849979
276528253
275878773
275416501
275284454
274931281
274840264
273789369
271730546
271135833
270626251
263558381
262451693
260803532
248789036
248722635
214651540
214651536
205802225
197626809
191977198
158706490
142791692
130416604
118970583
73924631
50361500
46253690
474297
279243479
279098029
278732335
278606658
278311290
278153320
278147893
278130311
277591265
276929015
276734168
274931274
274931264
274840244
274823534
272251356
263453455
262451758
262302151
249201927
248722631
242992960
215136553
212326174
208289686
196579365
194819088
193857985
134956100
130781054
125346802
118970587
92993538
82503134
75665114
35256727
22135953
11306515
5829055
475379
279097931
278723556
278443300
276323168
276123458
274064146
273895311
273509146
273486385
273328503
273308263
273278891
270421234
269946642
260803565
257835593
247763939
247463691
242992980
214617636
214493510
212323917
207755520
206204984
205708160
194399085
192950974
185862474
177633507
172024558
171580636
167451568
137134254
107802187
89691009
69064621
64251884
59548344
23424403
16136449
279247406
279226065
278723565
278714124
278700129
278158491
278110257
278053133
276320197
275966174
274852716
274777404
274523896
273328464
271510641
271075606
271070935
271041115
270924098
270743950
270716084
269947144
242992934
217535349
214753060
213886810
206377172
202862582
200651830
192774628
168900648
168654384
129767972
89691023
77222107
50495166
38223401
3336547
1188859
466788
279226232
279203723
279105445
279047509
278633434
278572393
278170095
277780914
277591255
277459782
276376624
274823556
270707831
262695649
251872606
249780040
214493524
205941709
194451555
192949280
173672478
137432009
136482582
127654495
117720280
96309798
85257261
71907006
71904003
56609169
48754226
48754196
41432342
14273570
11347724
540494
475376
453879
442846
409920
279163494
278816194
278809310
278715753
278710190
278702775
278675959
278117263
276834270
276747170
275300044
273596511
271585485
270717185
270716938
270688168
269946930
263104490
261834822
251872620
225195135
222723611
212323562
207646670
192950805
192774667
169818262
137440152
109874596
89696775
76051534
53467527
13958412
3248911
502321
478755
441356
410962
410955
357789
278873275
278768737
278768693
278761499
278716350
278714812
278519629
278455909
278311296
276850023
273596509
273328737
269973496
267215205
262451717
262451699
230052834
214584839
206182028
193736926
192649236
184334897
146276797
75665438
71682098
63516919
58166244
53467452
49180456
24263968
17937823
16683171
14273557
7032749
505133
475373
441357
441354
410960
410956
278831331
278683732
278636688
278159453
277019445
277018081
276655649
276077776
275895380
275501841
271817142
270704244
269946688
263697329
262899641
251785013
249025734
242265339
242076264
214617634
214493472
207597008
205745299
201308531
195623929
195623865
190695056
177860560
169887167
160814463
138342206
134364249
125926035
92564133
89691013
86876558
77988136
22135939
12523798
472088
279226039
279186001
279097940
278969700
278880261
278853910
278713125
278697364
278241448
278147999
277938249
277483604
276850037
274028353
273537992
273524524
273486373
273328813
267211889
212993182
212326091
207567336
207565717
198573848
195623860
193736734
192673704
134947104
133933874
127482207
92560218
81035308
58439244
52645710
50322529
14041496
8383420
5743645
4336431
437296
278827533
278713189
278597436
278089752
277874450
277776436
277609491
277356595
276829105
276823167
276724532
276562880
275429509
275416524
274890252
274871959
274732136
274579064
274497113
274117934
273899279
273572941
271070909
263272786
252412042
248585442
214651570
207755509
203845951
190512989
186495638
174182708
170159218
160921259
152177886
64345162
44640241
30764822
511099
507142
278957348
278158094
278147909
277722346
277489819
277381897
276829188
276604295
274532087
274497109
274467097
274055705
273645199
273596523
271433730
271100248
270796310
269946734
263698281
262899591
249780409
247778434
247724809
247662312
200010663
182603727
177756469
137503430
137431278
135754585
129382128
85257257
75715642
72606258
64250832
57841164
50495419
11188075
531908
470649
279231558
279077685
278713059
278581756
278380056
278230983
278074666
277401615
277135133
274537562
274467501
274425094
273645209
273375304
273328458
270421232
260435009
253177687
252869373
249665000
248978111
242411375
215914902
207652664
205745279
198195140
192987847
192650454
168559520
84873141
76051540
66579999
63516905
44976187
44859080
38386218
16683179
4336427
867702
626831
279237456
279170799
278957420
278890368
278715045
278679688
277457729
276735136
276724270
276554119
276323141
276166584
274713236
273162547
272363661
270744009
270268461
269973481
253620239
253089435
247921374
244303794
240446063
217577428
197464861
193893296
192949314
183375640
131191533
113791050
106864418
80959965
44859064
32221494
25980387
17115799
10930944
6621279
626841
511102
279226056
279105464
279097984
279091045
278970882
278966519
278890721
278715667
278713576
277873791
277770309
277483610
276103377
275593706
274523890
273549068
273156409
272358092
272273930
271440322
271433564
270110939
252585644
213998073
206331262
194141328
188587618
179548046
177633677
175149079
134947058
98116118
90242672
85375478
49885674
44976205
3492351
633136
612816
434837
279226069
278826862
278751235
278714580
278153292
278129032
276928990
274872238
274730597
274537512
274095027
274053108
273509126
271817202
270709952
251872616
217535357
214753055
207567394
206376887
205708049
198415074
192643658
192474348
177703756
171825197
156227407
149520214
129767963
117073368
113000565
106119355
91561431
91147058
75664993
73924623
48753783
26439627
1985897
402209
279162251
279116407
279098024
279077674
278756953
278472209
278231044
278153318
277989252
277933952
276177908
275881779
274885799
274872222
274648020
274566286
274423575
273154755
272989031
271121291
270805709
270110980
223502458
217889961
216296809
204373901
179063546
177145369
161257966
157345827
146396600
73843096
63516913
32219496
31516158
17937819
612885
438565
407447
279105448
278872182
278872159
278710191
278597434
278582531
278581754
278532025
278521782
278025156
277483560
277358544
276849990
275727697
275592775
275277468
274372516
274372504
273921227
273279204
272879965
270743779
270743767
269892503
250024283
215732985
205704660
195623888
195443802
177349319
170945078
113004693
75540978
50495044
548573
472083
470476
466792
454050
413756
279149650
279112300
279097928
278768793
277870884
275942600
275839412
274644756
274644646
273916417
273909751
273214057
272497637
272247067
270545732
257835579
251983699
210513697
198643642
198574369
182149669
172421990
171580885
168181464
160814560
106996109
81576595
80959959
64245918
58708640
57318079
55809705
51307895
50214740
48753762
24164518
5829051
3248875
507237
461598
278966652
278768761
278715001
278714924
277779461
275416499
274579072
272247075
270700206
270688167
263980942
263091505
262451756
252892334
252585535
247567853
205291614
198577187
193459726
192950967
192650772
192650619
179063551
173093802
171580911
168181877
146270295
115833382
107356353
101757426
64346764
60027350
49377595
32220367
31515474
11347722
548570
507087
475219
417637
278966718
278907347
278713231
278311320
278130318
276906652
276522057
275335279
275015929
274497111
274497100
272918213
271518948
271410521
270717189
249285521
249277132
214493484
212324470
207676162
207597085
205745272
201424624
201114755
200705638
198269400
179175761
170325073
135552425
122390477
107804387
96652406
96652396
73924637
69701379
4336423
474240
467751
467748
429026
278957405
278885697
278881191
278722722
278689871
276557151
275987314
275726459
275671096
275217225
274857282
274372508
273572932
270744412
270744021
270711609
261834673
260673148
247786075
215916989
212961242
212324462
212324397
207643835
205704664
196157613
171580778
146270281
114070329
112723154
109776157
84872884
44858370
24450761
12491180
548576
548571
538256
472102
444765
279268907
279105446
278880967
278715972
278710195
277483597
275793540
274639579
274302398
273670802
273565272
273418801
270438208
251983668
251872635
247566112
247566108
242881839
217387174
217207729
215914908
213886840
204803619
197062967
192949642
192949235
174321460
153922894
137406940
113000511
106348421
88197270
67198101
64242705
58709686
44172796
3336545
536351
506865
441355
279170801
278714828
278616810
278153014
277933902
277401696
276834069
275605635
275469297
274776987
274644672
273879078
273620979
271950193
271781138
270845319
270302174
269946894
263303855
253089401
248880689
222723607
214753037
214730910
205573895
198192451
192949282
182149667
180999692
180749685
180539871
171585524
160449463
137375039
90148749
80959962
64341820
50361515
49564292
507169
278670919
278125069
278037231
277865158
277846275
274686509
274497165
274123131
274053067
274028893
273596513
273509116
272048063
272047728
271231122
252636986
248650674
247662295
214493520
214493465
213997927
212323925
208289690
207389101
205595207
196292026
194183533
192475878
190502206
186495708
129767994
94301965
86876544
46253701
504743
474239
437420
434229
373354
355602
278957945
278380058
278158847
276829076
276501460
275422536
275008262
273281870
273134550
272620496
271119015
270744302
270300715
262074637
252062267
252024874
242411287
214841386
214493506
214493495
212326369
209603458
207652740
203844922
202239558
199969275
190608773
171580830
168654380
167393877
129767964
129381380
124939784
91561298
89696773
87106074
76117847
74984592
74216603
357462
279175225
278860003
278689864
278292668
278147911
273645155
273134463
271781135
270805648
269947000
267192903
263209932
247776511
242484639
215914862
215136618
214731982
212324460
207597295
205809605
199943977
192950803
176522964
173093709
168181881
150269810
138183057
84873154
75664359
64240309
64237754
36710488
488294
453885
438550
415632
402243
379530
340996
340703
278969640
278966710
278715771
278616848
277777283
276900244
275966177
274776978
274497124
273977357
273620937
273181040
272057415
271907592
263795299
253300182
247763938
242484705
217892750
213969728
206474450
192949326
170325064
167019557
108130836
90520469
73300179
64344331
50361538
50361511
584789
538700
510981
507230
466802
438563
438560
423174
402194
362439
274959030
274843736
274713805
274563061
274028870
252412044
250064591
248650700
248544501
248544498
247776748
247657109
243808031
242651138
217535423
214617637
214493492
214493477
212323341
207643709
207643046
205163355
201424629
198415076
175526775
175526773
173745195
170325063
157030560
139623967
122390714
113526299
96652388
86876541
86876539
77222287
50022492
24263973
4336429
612866
277740445
276834323
275774105
275074930
275070110
275069700
274471776
274178452
274042482
273787039
272480449
270924180
270924040
270924028
270923619
270923606
270468151
270467571
270466768
270465699
270465419
270465203
270464746
270179090
270057330
270057328
217887576
215040239
207359827
206579532
206182170
166084072
146288670
146275524
139721990
139717772
139599875
128939212
128939016
128935453
276394246
275199535
274512319
274377254
274360147
273929914
273789387
273480257
273446617
273204039
272230327
272148089
271537147
270923401
270923202
270923193
270823228
270057324
270057318
270057297
269026487
268988685
268917906
268895458
263089250
262688055
262453040
248586422
247981301
229704533
216399506
215040253
213713477
205694957
204878289
192950103
177145328
137430680
122273419
97027236
278320535
278320524
278115831
277420683
276262868
276178399
276178388
276177976
275750827
274964900
274890211
274887979
274886260
274882989
274872476
274872473
274868539
274847900
273896966
273875382
273719448
273647051
271663554
270925339
270923209
270823430
253046778
249959545
249957818
249771508
247239968
215560734
206377340
193910755
186070667
167615735
136482775
128938692
98293726
34748987
278450358
278320528
277933970
277729637
277364293
277276210
276781575
276466868
276098417
275671778
274755767
274755539
274523892
274064677
274028688
273306945
273152212
271128509
270745502
270743772
270743759
270715142
270713158
270712439
270711416
270711258
270708588
270707761
270300711
206480296
200970455
200850584
193563181
137440205
34750466
34750462
34750386
34749283
31515478
26169810
278713027
278712805
278694963
278636696
278431767
278431654
275284434
271433726
270743912
270714985
270714222
270711172
263104954
262590342
247936554
247448696
247448688
247448678
247448676
247447648
247446408
214651572
213998061
207332487
206360971
205695338
205695296
201088123
197897166
171581179
165627358
149520467
149520465
146271994
137504718
136482550
80358968
64245699
414941
410933
277566453
277459674
277443791
276349373
274471804
274077425
274077024
273977444
273897031
273602039
272255663
271287629
270923413
270923345
262903704
262798079
262695660
239571965
207597292
206334982
205708053
204664101
203889670
203847102
203846375
203845929
203845500
197889985
197496604
192987754
190514106
189542956
163702106
159382750
157058127
128969262
104270044
91560711
57727057
472092
279301022
277545592
275987312
275728117
275727943
275723923
275723703
275314629
275314619
275218791
275218103
275213407
274648018
274170332
273278365
273152200
273152198
273134725
272232835
270801443
263206722
252002203
252000057
247862398
212993200
212465916
207674456
205697396
204438814
203499012
196280093
195623931
194398915
186256400
165038792
137482200
137430457
109479825
95501240
77957779
278893545
278882959
276737417
276724337
276008385
275244147
275244106
274557597
273839830
273327124
273221339
273134773
273134633
273028350
272480366
272406017
270302188
253178419
249160097
246160537
243087826
243087822
214815537
212465990
207597102
196292054
196292048
195853756
186165374
171580597
169818559
169818314
126673373
126600313
104668403
104558875
92552221
72587187
54764704
54763185
278974362
277777274
277777261
277580246
276594978
275551221
275550139
275284576
275284413
275213422
275212677
275212223
274592774
272228257
270711426
270711260
215733029
213997871
212993164
208433300
207652587
205807576
204878323
203845404
198426670
196672300
185668581
182714541
181657201
176005714
168900132
146224965
143948898
138183861
137485679
137440092
110105405
49564248
44640228
3336551
279306815
279090980
278957417
278816170
278732327
278695554
278431781
278311324
278279855
277770401
277489825
277483600
277019443
276912995
276841310
274600053
273785956
273537489
273028758
270743916
270688173
247764031
206361183
204803642
178231983
165956847
157579047
157575652
144037025
128555417
128555410
104558873
104558869
98873914
98821072
82384911
72688716
58932956
38223397
26440025
279293959
279290968
279269142
279149664
279097934
278689891
278689862
278680829
278680461
278532022
278379847
278153218
277350567
276897787
275715784
273162479
273129262
272358185
270794661
253319051
253113473
253113407
247566026
217500634
213715634
206360969
205696587
204803635
203499092
196671555
196058064
170466616
168900578
160586431
111107247
95220134
58942191
44976185
44640256
441285
279269218
278716188
278713316
278633448
278616380
278153110
275714381
275714248
274644730
274260581
273238505
271441658
271433483
271070917
271041057
270453700
262512072
253040774
248789032
248585454
248502095
248502037
242411300
217899880
214651477
194183513
192949290
192949088
187746435
185005731
168899782
168899778
103863598
103863538
103474777
51307893
50361506
44976179
25000047
407200