276471716
195291930
174842858
278064377
140416370
75307228
139567621
273596551
79672197
76105910
260810302
205808269
263389188
179063952
185909446
100958457
1464015
217419214
279155733
275243823
279246111
152740748
59047889
191704799
277570576
167615016
278434035
200852591
262550907
50072450
176550321
278275164
252908567
167614005
274761878
1084916
161929413
185055209
104314401
263336124
55093435
251769250
111285054
276886061
262812983
262660086
316890
73795265
274987895
492745
68296607
322063
191077713
272226138
89000436
111285050
145287904
272349569
262826521
275264344
272582676
109982855
278424386
200844319
271365455
217730458
278025336
277410876
160591633
275264327
271288184
274242085
277410869
168924456
270773708
279181449
278873740
271261663
163661774
274943434
200013581
79104663
275183031
172377932
69624556
58165829
277993499
230081986
510934
252764177
213892346
277038158
276449115
199536489
75307230
278357228
275925350
272447976
275771323
275087019
137484458
275264311
121975020
55119955
72689369
200851517
53720978
278151997
279177301
278775527
277837130
100947274
185909454
214598587
184070223
271270159
63473605
278744131
273386447
214598590
277923266
46825655
278704150
195291934
279026812
214598584
262405219
220668855
279056021
214598581
9932005
278697598
275264318
405733
76826976
17944552
1580419
48266434
271784291
277993458
279203931
276344696
217730460
111580006
271270196
276054610
74235036
686535
170298025
54653530
274649737
272448478
97825967
279154325
271270150
2619491
262517040
115897978
56878836
277603277
41092564
277342803
846443
273962941
278327263
167613832
21391592
275918619
277348570
271270151
277174441
276562361
279074129
202780648
11081535
2716247
154718366
105654043
277962479
170345818
276438112
273836478
184070227
275531671
275140690
275015961
274467725
272361982
277993746
225195681
278744113
213707067
192377678
271270187
156224977
161310111
73553837
277348556
47068251
174293691
114731713
271972245
191375410
160743837
272967850
279196874
262663940
275264313
90794826
26499792
274723211
274183391
273043896
279218478
192474352
279127192
71510821
273717654
550899
355136
197639041
277174378
196141881
73787183
271784297
273737548
401396
343401
167615090
90523671
279131707
217515388
278737124
2245453
344937
277873851
271141492
276796631
66923673
54735707
84270567
203128194
277032104
14983732
274169559
153608285
278123522
8964816
217729247
181202847
274242108
274242079
277925821
152738390
141489841
178490760
115624581
253536141
222683823
55235692
35364061
2141509
11509792
273880886
205695067
278826964
167421410
470173
269367423
477566
340941
52592328
274649738
446319
248727495
76688240
117820612
176487490
142002263
106919169
355123
250071823
320482
517379
56196775
57446825
272787095
54513180
261978260
279127110
72334210
272385269
277620897
72642585
53233839
274849216
278729132
187596167
274372439
203701752
271270175
278757797
187598701
243006521
58409577
160788591
171549954
160591623
276491522
272557054
278966228
273708826
276655992
11258521
73593776
257759582
275015927
58971672
278718694
455103
79104661
196152930
276777405
277386630
274762897
1392955
277386719
53233848
278877494
455582
74277056
273301701
277174465
278904875
214584809
253089367
278447139
191675301
560565
274713686
275158845
276314184
276817888
273260595
277596862
6361597
278879749
275221961
206860126
278244841
275754141
278864032
274759046
276439799
195291932
278744107
108493406
278966434
316421
205582692
278031198
274924510
68445823
262582037
252179021
241890383
167615167
257867725
49362599
191075159
276777384
525295
277837134
3230749
179063951
278052119
200847598
278440240
275852325
152529928
195462597
259389009
270993080
72098736
253631270
74608742
277386710
118219774
278901083
74277385
269154506
204083235
160591699
196315284
275859095
188533793
205808047
55321085
276331315
271972243
278015943
208650870
59479145
278168930
272234196
273979996
156234329
271124153
278704158
275387116
275038606
195479322
278870841
217639629
111271211
174293674
271249648
278938508
227685076
847705
74174356
275131132
631425
275072990
274198856
202780508
272261050
262637154
177637600
278844560
277910883
278497756
156216692
262654078
272588057
278919713
273238858
261978303
140045783
167615433
637609
511314
255338979
275359602
276817954
278744096
167614957
420655
142543048
277983484
273986972
197608287
273600466
103512598
204868341
185946854
274713610
274777323
273238878
278628040
277484674
86955966
76283562
262423888
270421561
425589
177756191
72646195
277174450
160788536
275453321
274198844
439407
273847933
273238948
145551036
702722
205694601
253630010
277977644
67694211
253290779
277326896
152040378
222463053
556941
272407577
205696904
274616634
274387620
277931535
278025327
273646769
274901204
2540539
56753902
430589
279127184
146273657
250073758
217730456
278462192
214921112
174500478
275822925
275220534
8146266
276180296
275161219
76404429
355028
278449006
278744028
275032202
140221865
54380457
275858555
207256583
145499994
263974715
272407787
275385520
277348580
513788
278696704
23236239
270104273
217548369
275872330
279106467
276515152
358750
252006871
200969769
7491315
274713694
277994835
273718964
274140913
200725403
340266
225206269
264007273
276065558
272446347
57647463
217085113
205695228
274763628
134607508
355118
271257451
253272358
275161234
273913591
172476005
277968646
276458853
726418
8824864
273221759
90135315
192692177
160591707
202891554
274880708
271517616
201686849
251552261
270788021
152559305
248637687
275188861
160691645
273942941
275272044
277540476
262973016
272030910
274663942
262346613
167613525
253305810
276897999
216384548
113525957
9957032
168924455
252562427
251447090
271295198
93764196
14646634
56800151
278629845
270825085
167614405
21661609
167615325
253632110
278669382
254089764
120183650
167614075
548639
270254078
274367999
277344979
224174848
273260839
273943537
230332614
276817908
272835114
277364383
276521455
249569854
272575670
278022722
274713704
269355711
270127536
275826785
263627539
76527759
130771072
273524640
275385434
275274549
209349588
173449304
255175348
275886508
59402592
162597519
278844541
278025338
167614671
276237953
841946
48266422
213915349
75615229
100958444
167615175
467187
262426995
252558755
111945017
76732671
167614112
2241839
532593
250073957
246208978
185435287
209379063
190707479
277313973
230133445
273232099
167613562
262733954
253176232
203242936
275148826
272242745
274098363
276065556
271144778
278671716
278882233
271013447
275258042
253367719
274713739
276369381
136939556
146223851
278746863
277135698
275264352
629043
6361713
8964426
167613922
257763309
132303716
213920479
9794134
278424388
954666
187297717
273465332
55509730
184629945
275585527
180715832
468077
4423943
550432
392487
9999358
215768912
48266442
381199
132790390
54624608
279160607
278462780
274867662
20325587
251773501
112222284
276523880
278573064
273465977
252392131
7412827
274577771
272425180
249178584
974412
10682806
277348557
215543700
74173570
270687048
277873829
215090028
242656642
637579
273820730
199006589
167614794
277933725
58163975
167613925
253635638
193050640
257846902
273641886
277558820
274840196
137592635
278076722
177338128
249569903
911396
1367805
188535073
273935348
207939061
274048799
277174277
278372085
251405420
540257
276290630
137425251
982671
262936762
55643507
72646201
273203385
274943922
255612255
215543448
143185993
274069675
276818103
277881359
146403809
216285781
276224157
270712461
194463281
86956140
167614771
129911447
277386715
53233846
278610084
270511344
277540375
275264325
48266437
787546
262427031
355030
791660
278059147
72290300
33506009
278424188
277409581
188321479
273710530
146393177
277968696
275398662
278469299
161663172
270126586
276264291
274118054
207256577
192474347
600510
167614176
1710723
276344682
203155991
3211215
486495
272222239
21281264
424995
19564020
274912663
249290629
201691946
167614976
274742899
275018336
273736031
275532130
177617827
278696888
273357410
275778342
253148206
7940953
201114796
207566202
214827001
278360665
263290000
274383827
275720814
216213487
273939137
277736337
273317396
275890776
274713741
205696292
270125222
177145378
271379544
201036182
274458310
262411854
215544506
276348638
230253328
204645994
274840295
277184519
215438139
394531
274140901
57318159
274069701
274069625
248131232
68076456
249569747
167613609
213680355
278757465
209867899
237687996
249046597
271963824
258571171
114944618
89316209
237684535
189631489
7651218
8605796
8475981
278089581
222547077
271689105
222546497
278859843
247656536
277870872
277184605
270716389
275479300
278566217
278037395
273377281
206334828
272341967
86956483
8020982
275264337
638246
214922278
686514
275264335
278462802
275413158
274550662
99056184
192459218
190608398
248446185
205808081
270702667
447586
69624544
372208
353323
480044
273219399
162154129
127654493
262908456
275034838
23652323
275355857
222677531
278961108
174038248
273866671
167614064
274790783
246208974
355208
246247859
167614124
275818428
170600766
274729355
273238882
445189
707569
260107674
278698423
11214113
279224928
214080320
528191
230004709
20276543
252039166
274709120
316839
502817
225206256
57325191
187234769
222665326
196021535
222677519
486526
275809548
167615347
75530157
344235
271784287
274069637
274069601
66433806
67049207
66379029
253233402
263096972
253275155
249934357
68076434
274540577
215748930
273301653
275015970
273242228
188833979
277933825
278840033
278036251
262973083
274455250
203434266
274573295
54783770
262905485
212564642
205809639
215745925
274772831
242075344
270989075
274156042
278151975
274372493
279103939
278038019
278037324
277938178
277931863
277463059
277253365
276369365
275942274
275617684
275185939
275148676
274881037
274540640
273717634
273713486
273177045
271278453
270717111
252603315
252040910
252005298
225210749
215040213
213863280
208310750
206675366
205698802
205696127
193045260
190320413
167613638
137502304
124975372
85050938
70703963
67624669
23206020
923226
767989
277474809
277389156
274729364
274424372
273290736
271784292
271285905
262663928
255349801
255338996
255317238
254080882
253631680
250071382
248732017
248469074
225954055
223909196
214199686
208415658
198379682
194104371
192949251
184893000
181979485
181923917
167615439
167613848
139987477
114279751
76105908
75284565
50425595
32037204
9804282
1621175
945948
550893
500696
371709
277933702
277926381
277350716
276949508
276817966
276315673
275360237
275359613
274939777
274773765
274069681
271957396
270659749
270246439
263096977
262663944
255349764
253782702
253585592
249958376
230327954
230147279
222726459
217535559
215730489
203200753
194583741
178056229
171144619
148000101
137978871
137432610
137259647
120183162
113117246
76688236
76527169
16994333
530028
406935
279124830
278768805
278360850
278247940
277780848
277480153
276807917
276449035
276449021
275385516
275087154
274991509
274919984
274449563
274372491
273952630
273829043
273583971
270120733
270116217
269355229
264073930
263945037
252290083
217332183
216285746
215140237
208608011
202040174
190096985
177145426
174398007
142258565
137852723
37306453
11436637
8149190
1059890
415273
405664
278947813
277729820
277386638
276710341
276379300
275624200
275034815
274198836
274143393
273958480
273596531
273293531
273042240
272429680
271516050
271270214
270131209
262570495
262424685
255759970
253631200
253619021
246162962
221231125
212993258
205810339
204754603
191782137
185668561
177145368
92551647
75615953
74217553
66698368
55982899
54029394
6361621
791662
542756
446369
278850008
275199066
274511424
274356757
273881055
273880803
273472265
271641776
254085723
254080325
252562956
246208987
229769847
225210967
213959742
181971804
167615578
167615544
167615244
167614136
108676179
95497508
74775372
73795267
68823450
55880690
55002730
51518526
46643195
8277500
7796043
2684009
745378
557872
533853
528422
486639
486506
422867
367021
279148213
277881370
277006873
276745035
275715359
274909381
274681478
274592873
273938044
273168861
273121267
271245054
270715530
270064626
253364487
249026550
214824184
214655275
205808179
201074010
198956792
198414701
193607449
185949225
181679857
167615592
127032828
117113430
116052802
68077656
68077652
67057800
66872126
66872118
66751877
66736771
66736761
66663654
66631569
408671
275925208
275210560
274681579
274647954
274618174
274016779
273317655
273296273
273168714
272616558
272360333
270757305
269009355
260807201
252866595
248773678
229960977
222487094
218738558
215745996
215090060
214189316
212323614
197544645
197544643
195732946
193613754
193608820
192289268
191808175
190843381
188658896
186489310
167615165
167613612
167609554
137440723
103512195
66753157
52678730
279231398
279203700
279203601
278703276
278248032
278091361
278025932
275805916
275747959
275359935
274966694
274281227
274123513
274056147
274055769
273442534
273179911
272967862
272547267
272421551
271693053
271219847
263294685
252578336
249644211
249092524
248013516
247799369
216285799
201035257
192459123
188694910
167614278
146272027
138334896
93042180
58209260
29907141
9499130
7940147
279209697
278976217
278742791
278324144
278247968
278216421
277930601
276905637
276828833
276317267
276104264
275532114
275385320
275360776
275359392
275359355
275286904
275243547
274423633
274140911
274121134
273958508
273270436
273044539
272382808
270717027
270715741
270714840
263274279
257780536
252759259
252639249
240360535
214832936
206560594
193045262
137572670
114944537
52275106
52275102
276091805
275006015
274658787
274558513
274447272
273217060
273167190
272903671
272448464
271417070
271074892
270756539
270677556
270118445
270115540
263639536
257859371
253071201
248493190
228722936
216213275
214835604
209399987
209349575
208907185
202631456
197623138
195188673
188960928
182707581
169297189
167613564
160779253
102108289
68188621
54930099
52612710
34775089
10104424
9263469
278445502
277881530
277174349
277003280
275823548
275754562
275731542
275385464
275210589
274840287
274799614
274713819
274713789
274445256
274444817
273927574
273714892
273581738
273301718
273260960
273221208
273121265
270131136
270126626
270118431
252866897
252562819
216220482
215388697
202475502
197849316
177145394
177145376
174605151
173854619
167613571
137338918
134506698
91226092
68832570
276807909
275216714
274761528
274761523
274719499
274069633
273892093
273746600
273608092
273608070
273238798
272398623
272397439
271329794
271312971
271301290
270659155
263096460
263075145
253412928
253290777
253275107
247938879
230301745
230254999
230254928
226160144
215726894
214168790
211924947
209867700
209430386
203402257
195328690
166391631
68077568
66790055
66751576
66751261
1725003
276818285
276818158
276817906
275244101
273725021
273713565
273235337
272048227
271685716
270716965
270142525
269355434
263588647
262747899
262052934
262016088
261839550
259513866
253782700
253344643
253290742
249301909
247681275
247680971
242430485
241615232
222354553
215779868
215779866
215727446
207983602
207914313
205158434
180584896
178776610
177273315
174291366
167613544
137430802
114945223
279250708
277500331
273668059
271688806
271667216
270659057
258571120
258552426
253276782
253276725
253147988
252550217
252550209
252550203
249145933
248329570
247820653
246971516
245230195
242513394
242101825
237686004
230328191
230147539
230147393
230147243
228992796
222544290
214931255
212977173
209610263
167613880
153261182
151971209
151626486
136403555
102479190
66741585
31023749
8635466
277425739
274285737
274071854
274023370
273978113
273662677
273662037
273662035
273638621
273624311
273432102
273219215
273218918
273218838
272416691
271123092
270666977
270666463
270545284
270471413
263643548
262073798
252880552
249145207
242951922
230332939
215207536
209318845
203084340
176142530
167615189
167615002
167613583
90574158
77197222
55139379
54373644
9956739
8977919
8341033
279233189
279228791
278957118
278859851
278813707
278358958
278295316
278295240
278295170
278226616
277870870
277374654
277174460
275543541
275385470
275210562
274566896
274079317
273356755
273314869
273301621
272739298
272413128
272048221
271918579
271540315
270182967
257865776
229777089
215767101
207515315
206480608
204668300
194011355
177615612
116407899
87960224
59511403
54877169
2500889
279303720
278664875
278509598
278037662
276847678
276369367
276344668
275580042
275268300
275264331
274751557
274713817
274649743
274649739
274649732
274616424
274503927
273868402
273710539
270252881
262656131
262292895
257552595
219161870
215637881
197657912
191148990
184465055
174293677
161903409
116048594
108493410
94633970
57705034
53299968
52237889
8149192
2100761
1940577
1456393
279307067
278534280
278037086
277481497
276493125
275922939
275770136
274849248
274649734
274019070
273709708
273604856
273238489
272406177
271497926
270796394
270296105
263179429
262459556
262346412
261152048
253293546
249854001
249383966
248880524
209867901
206359737
198889472
192949479
187769357
163021273
146223842
133083527
86955955
75454259
73514457
25938697
23204773
14303668
2563921
279307972
278037875
276042025
275598772
275512680
275074383
274729333
274143428
274069670
273726130
273467163
271784289
271734351
271497930
271086338
263479775
262405509
259536275
254085719
253691052
252562715
252041085
216687148
205942260
205809607
205256306
204754500
193623825
190601862
167615608
167614104
52592326
32744365
32377114
32376522
31632996
7887144
1746355
767955
538650
279247533
279203575
276129377
275512700
274958654
274948127
274458464
274069655
274069616
273641248
272297500
272058805
271554864
271270178
271247330
263693269
261979467
257759928
257759548
257759534
255368698
254093562
253700570
250072585
222665349
180977909
167615143
167615010
166595428
165250912
146222951
108158211
103814690
68774262
66698356
47941143
24980104
7940986
946224
486536
275972048
274826777
274729372
274354757
274062399
273912635
273564070
273532561
272117450
270849140
270786778
270120918
254113572
252726707
250077986
247934655
230079018
230062098
230015413
230004227
207987691
202529307
195880833
186087937
180987121
180966576
167615530
167615058
167614936
167614853
167614198
167613941
167611099
165256159
92551869
66698352
56680022
55512938
9206990
954460
279289234
278496126
276032188
275037231
274990721
274840220
274729356
274729270
274109253
273990863
273293535
273284963
272284990
272117330
270770559
270661915
262427050
255605610
252562817
228990689
216350878
213977757
207970994
205752193
180593008
174606479
167615379
167615314
167615263
167614897
167613855
167610750
152745497
123554719
46688228
44183113
11246670
8307596
1708545
355197
278863209
278716821
278443613
278435521
278327345
278001298
277962417
277384415
276334538
274729366
274729328
274729326
271337166
257759712
254092781
253720650
253629773
248545002
230368354
229804192
223880818
207986337
207760157
203923088
194187964
181981558
181452897
167615429
167615201
167615054
167614787
167613869
167613810
165854937
165250874
76105912
68261641
52720925
536346
322074
278850290
275597786
275596328
275267868
273958562
273886333
273563744
273465932
273319736
272615827
270507981
270115490
263643363
262730936
257759574
255593463
254113600
251394010
250720983
248746075
248566607
246772169
246772150
228883579
223881964
222677386
185907032
181783064
180870261
167615542
167615489
167615393
167614701
167614146
166649133
145297326
121622174
56047343
11197351
440187