278972897
32921595
276841065
277588252
278247920
271660803
276840993
273445122
200617456
271360772
276502277
77112152
215176497
273445730
270764451
278038561
262646192
58395144
278967421
276006306
271343671
276840997
278192171
277326677
276404655
253365761
129309627
271219461
277776073
276314054
195623942
251268612
271833105
112334874
278475648
176025057
275495143
247291047
276548417
115015444
770481
205695908
192950677
191005875
97603636
197117228
277526022
276641609
275630443
270853979
278685096
619212
270854004
272035240
278698571
275429494
147988188
275042790
196515741
262783985
247291052
252052393
17960476
278713754
275573452
276581788
191683328
263484158
25204527
270712383
212213007
274626034
185006445
271798383
278616748
270764418
271588039
278786949
274955702
263514062
114951844
272032107
181131177
198120393
181379279
276841062
181131166
275215860
191816451
274591126
271660800
247291050
57905701
66512248
278459547
181379275
276366065
214819334
237282077
274069920
273410309
273126009
198120959
278966866
278802396
276159894
275075043
274955132
277570982
251533948
274928152
273261884
271126593
199650422
205018855
252024714
273967415
251748299
230203092
276114602
112538327
278499095
275327754
275074397
74684071
277976858
272369268
278197644
251544708
275842005
274949849
274075471
651557
270543995
191651723
214822901
110181080
262783959
271219465
278038581
249780939
92996218
247291046
196515739
273357015
270875698
146270304
36315007
279024869
278790501
107409415
276153052
263703160
242091372
199731702
276401681
147999775
273357012
167970456
267340212
277976113
274192536
193450831
270699964
277976966
271951014
252053010
278583835
274968085
276163366
274550343
277770243
178219255
619162
278921757
107970948
274798478
72744596
198342224
278170884
274625988
275950696
191684796
208559488
275630444
181131176
263514056
271804231
276161488
275838338
278139042
276376832
272897346
278932310
274931501
274550421
619189
192133038
276594846
275042856
195797761
271798425
191684711
278616474
251268862
67909318
274464068
276313882
273874284
278631836
276076715
274275759
271221717
619154
106599960
278213792
277311764
72882552
208565077
2077317
277976688
198889604
278616542
198784304
275573463
545246
250340254
208097068
276654804
278617144
276161590
276438181
276478189
181379263
115093888
276306236
242693645
275943380
277938421
127215276
276641607
197464883
275541989
279078936
197568493
278220572
270819353
196579616
278760634
191891602
584112
123490350
277504982
275137801
210513756
200617438
116158359
251898537
276061220
278616592
277977570
262844590
252051977
114092411
139730461
178226059
278617095
252296505
272369276
278322971
272305877
208286127
867260
189336470
198889610
270792579
193450820
263436126
704975
100285591
277966695
272345524
278070154
276161534
275283178
278699910
251268756
277554383
251268595
278192657
199515649
276641610
263448699
278165067
271073642
278523759
275894504
276371042
272408925
115786270
201792325
253410512
191683304
278761011
36607378
186106750
276905452
277444172
185006136
177723236
632830
273059033
17960474
279106130
278971076
274822703
275510999
178226044
263045230
124170843
250340139
181131160
109510215
272353392
276438178
251268734
271219459
275573456
272035246
262646168
252066862
274528506
204416952
214189202
274743792
279160232
12219913
278700030
134605025
108327038
272879385
276046630
273085451
198335036
273636563
252197506
276479583
110962950
191893495
277373491
273409756
279133024
277977750
197687372
278760690
195623876
204416950
181131186
277722478
278851308
263210153
275210945
84263052
278972896
275210519
276377084
222455447
191684840
194115765
195283579
275697198
278402283
276493355
89763891
271846408
205707710
278719203
276164524
276311533
274099622
277327447
278242524
273402323
276282220
277521369
58258201
251268853
184410068
246772978
275950620
278760674
275121292
275941655
276394645
252187635
278808762
279160208
230138451
248789040
274146192
278029054
200780732
204880980
263680568
251268578
194101563
273475446
251405027
277138763
270241657
273246023
202876818
275693968
220677530
271829091
58413496
272305773
196579526
193045243
450538
57911672
272035242
271126696
275137773
276090232
272830173
278969702
272731606
275137869
275137867
271433718
270711623
276098814
276160328
278196108
252066212
276025704
273456150
275336410
109487740
253366155
277327514
272286887
251268834
252241814
271121141
276108891
270104291
66512250
191683308
196579304
278228962
276421284
277976302
278760752
272388454
58545617
273357011
278617304
198889612
273894320
205694854
276140103
32701108
116245910
185686076
252766834
191684392
708075
271660793
276841064
273445726
276046268
274075588
275205967
272353391
274839827
91552405
274708414
273676805
191820234
276345908
273356224
270752650
273963499
252683019
275272594
274529249
198335042
263255599
272353395
263514092
275747143
198119962
108261348
262392734
277862310
201113134
277165183
278714451
208371295
278627823
103864028
273441102
195797760
278131228
278275357
278009895
272429675
270676872
278616308
170466581
603167
206145446
278760828
278401585
95071206
274536298
276005096
250340166
175445519
251268727
217188242
278737274
278787343
276161510
275069643
276744354
182984042
191874774
270856313
277837781
278295927
279028782
251540188
272876997
276058409
276286292
277931404
251936663
278518017
274843588
278453491
276377300
277612041
49660967
251268755
276623472
252258792
273493978
278492015
276107835
276529401
250020298
139728589
250340463
178219338
275156825
199711108
274907847
26411683
194099187
274553890
204416895
252684949
202284292
168954466
276456698
198518619
275622544
273125913
262802661
75373338
273156625
276641615
257504782
271692981
272852192
186080509
146272173
199969653
253471956
276309628
278764685
109511068
276260270
278198348
278103642
277338680
251268807
277774381
274998290
278865132
251773364
272881750
273025105
274272773
272162461
277969531
277837568
275685529
200038159
199650166
273296947
275147072
276626476
270494430
172905027
276237791
185575911
276371237
139728545
189370244
275451866
274896506
58450090
278693090
275137756
72314509
5869375
263098989
275697168
195573599
17960484
277977964
278000858
72542503
271219467
276311622
273156629
278467078
275137829
274096549
278907085
244301815
278188933
271528343
278197541
263274020
271076585
274504495
252398652
278146606
275272491
262766146
275495086
275623778
277464066
191820113
252646909
271219899
270505309
176522896
82385528
201579992
163703136
153836556
684765
207645988
247563046
278714646
222627236
271693180
180749894
279132641
197337522
199889966
242091352
279160218
279160206
279160258
80412722
50783104
273156653
17960472
17960480
124171021
278069789
274945475
274069418
276316933
273059050
278029070
278092603
197964795
278616934
278000756
271995973
275295711
276182226
278049295
139728537
252131290
275210365
251998872
108261350
278966868
271360777
66512244
275573457
252700003
274967159
263484162
72542507
273059011
274591222
191825286
4465499
253471950
112332750
249258536
272459256
250340303
276528420
251545641
275283589
276313788
275234948
187188629
278435949
276428739
278015970
263970973
271698055
181379265
272305867
84596108
251514809
277436415
124171020
67889301
272731610
279258218
274679058
251517971
251268787
276595563
203506166
273152302
139728583
278049264
8115151
270847739
277984265
263805561
278616754
272165444
263099034
271291301
468632
82955981
276905425
272353383
80412721
242091366
271846063
278698427
276090233
271219463
275500458
276377058
276377181
276952925
273552256
275624503
122229435
184248268
262664159
191828937
277977112
43111268
106150434
276161588
278617286
97735969
271846105
276033427
275906170
275610216
58272287
271736003
175445574
191818070
191585165
275243722
274066994
274067017
274035996
278139658
277744544
278309167
274507852
252401041
263451136
274069364
274986751
250340301
274186888
272593219
273602138
273822871
272880859
278320494
277164732
278073678
275024176
275499882
276244902
276292076
278525001
278628023
251899660
278249685
278021102
276939877
271296507
109505273
272198215
109488281
251268752
274152024
270993010
275272541
273921686
263273942
186080505
181659223
274564346
272999164
275162278
276314135
277327576
76399927
276314558
273409873
262876997
250340323
272610373
252077367
271617287
278018165
274114098
258667032
209320300
278044549
277350155
276103932
272107862
263097247
276078753
279144711
276905289
276005732
278439231
278600334
58860054
276061276
271620523
274530096
184444242
275475123
277393655
57965477
221361602
272374190
195568147
195686878
273867995
62872851
193712848
195683633
114101130
271729556
92903328
139728585
139728575
262530670
58163533
274069536
191893758
178603955
177721835
278900508
164554298
213691803
276645845
58133505
272552617
277383686
348962
276061196
242693649
278049278
450519
178226047
274986832
189255057
217268893
271479860
191683372
59131305
277978106
278616884
191913968
278714195
275263374
76068319
253293572
276411405
271126662
194098831
191684810
270107331
689274
103864026
275584926
272388432
206145355
278229020
19718926
191316142
253248307
278103567
275697250
278969690
171581102
215176603
275912756
191684816
275111224
262302563
276366368
198518912
262405330
263705050
279132633
6775139
66512254
73177135
191683413
273263607
273125807
271692825
278041898
275813487
278073067
146274220
273535649
275630448
160671646
276478185
278314230
275120726
279160250
199650414
273535938
277977974
196579552
274113594
146270275
140638650
271314641
269973473
276246415
275630447
276493350
208559490
278009400
67909316
279242917
27990882
278760840
273579802
842680
13443843
275121264
263273820
272922721
249936683
277775708
272938550
230018378
151233614
66956794
276314028
270241544
276366019
251546862
263118545
252401680
275257381
273595214
271828820
194102407
191921896
191891495
270662181
277165452
271617209
251268672
278787966
278532508
278497010
278292165
277314125
276165261
276019438
275499900
274876383
273967647
271626003
271042155
263101389
252051167
251573169
251545545
250062490
248365126
109504957
109489557
278598984
278402123
278220569
277988732
276959173
276484810
276114763
276075435
275630301
275530528
275354252
274713678
274382255
274116655
273768562
272941050
272458217
272035236
271618882
253262869
221225311
216280731
201113141
198820008
197633934
197147782
195739796
192579579
187662115
185340305
181979558
162019971
162019960
161979206
115833454
115320973
93211445
60390426
58257402
58177593
278228852
277976478
276957568
276353778
276161558
275856450
275622532
275513594
275254017
274964795
273298546
273244359
272623325
271499354
271410647
271312634
262895583
251734360
251268596
222627232
213674822
199650416
197878751
196530485
195686924
195573589
191818704
189699202
186124439
175445651
170466575
161974512
139730455
139728555
114693326
58258205
2917741
2077313
996104
648116
279136314
278760738
278617396
278459527
278229212
278192165
278049484
277984269
277976606
277474415
277463203
277139067
277004607
276007533
275970862
275892816
275622486
275466432
275327608
273982277
273358615
272305739
272165480
252425534
206145252
203084066
199650400
198515794
194207929
190502359
186369582
146223854
123490314
110180596
72002402
57965032
39546784
2077355
754329
635385
279247649
279189844
279160244
279160214
279160200
279028457
278321039
278165045
278130370
278069415
277729639
277004450
276641617
276394715
276076067
275623783
275242523
274641693
274469705
274069419
272460443
272369272
272353380
271499657
271169325
262451823
249938040
199889964
194131799
194131018
191921572
186106735
186106734
184886715
181131175
58257411
13443851
10401994
792002
572500
278863296
278721851
278320775
278136399
277981003
277971414
277744537
277164744
277164685
276415059
276048828
276036269
276007399
275226268
275210930
275063800
275010053
274948518
274383721
274099493
273823618
273816814
272460940
272460489
272459188
270206508
270114484
263643828
263239538
262525749
262075072
253205610
252399550
252384132
252091456
251544278
251268648
250340552
109505085
59445160
278568472
278220557
278021920
277186186
277138571
276314279
276306178
276290284
276275574
276116618
276116595
276112795
276036761
275970691
275846322
275219613
274863751
272452916
272167751
272057540
271833409
271828723
271450822
270756084
253317983
252184540
252165681
252002758
251517762
251268840
251268570
201477702
197902395
191817365
189699825
185991818
185895394
125735941
124051848
115783422
278220638
277343962
276311241
275802939
275174137
275147124
275111226
275062543
274774380
274324311
272136061
271319542
270508460
263097267
262525462
252857257
251535990
251534696
251268819
250340465
242423573
240551043
219407732
205704798
197162880
194124346
190737930
189698206
178603150
178603145
177703687
176522640
146273543
115754078
114065964
112499923
110927087
109490889
96927911
86418114
278616992
278539803
277976720
277345272
276566614
276078773
276051722
275950668
275892828
275836149
275697196
275157145
274107797
273577749
273351796
271846045
271585601
271342378
271265208
270845215
270503956
262078197
253706636
251520420
247239956
195919364
195471053
194208027
192950203
191684837
183907544
178219283
176522827
139728591
139728533
87632529
58257407
578446
450534
450518
279160185
279131641
278760985
278695795
278617354
278467112
278399877
278073282
278000785
277977954
275283220
274069416
273982279
273561857
273520472
271806550
271126672
262792341
252192400
248004668
242091348
225210766
222627172
214766317
200976591
191586803
186106724
184592611
181379277
147341605
146270359
123490329
112334882
80628939
25204525
23433204
8115147
2066299
861142
450542
279106097
279089646
278644834
278631819
278070776
278038565
278009867
277984257
277417004
276522354
276502285
276273573
276005961
275972274
275603586
275536353
275074409
272830087
272731601
272353387
272028679
242693546
209171497
199038426
197337586
191919907
191892879
191585061
181131155
175445817
175445747
147988192
124171027
123490313
109487862
75390979
67909324
67909320
31998476
278139649
278139249
277164984
277164054
277138779
276025624
275477638
275335928
275243407
275243343
275124367
275009869
274998871
274998718
274996732
274066976
274037371
273768310
273768231
273582250
273574543
273467227
273467166
270790300
270790141
270767648
270678364
270662871
252005542
251268712
250340416
250340407
250340385
250062639
250062535
250062533
250062479
250062470
250062462
191912132
278721477
278309309
278309302
278249676
277857389
277825859
277808459
277808306
277723676
277723473
276271720
276262919
276051638
276037880
276035275
276017649
275588622
275551404
275243090
274875621
274863666
274852568
274797027
274508030
274507713
274472460
274377727
274272962
252063619
252051412
252050193
252002528
251443041
250340563
250340514
250340489
250340439
250335216
250062604
250062595
278895940
278895839
278868682
278868437
278103935
277931296
277911172
274186342
274080775
274069437
274069404
274069184
270215513
270214742
269848777
264019150
263705079
263630661
263630655
263452184
263450879
262815770
262687374
262475754
252961843
252763444
252684605
252683285
252398929
251997249
251930898
251929925
251883371
251773425
251759603
251268815
250340380
250340319
250340225
250340192
279154680
278523301
277771715
277723467
277723459
277615864
277529331
277164954
277164543
276666655
276409100
276076663
275672118
275055459
275045172
275010550
275009932
275006275
274998407
274998282
274986718
274953431
274949546
274949037
274947126
274946502
272019141
271953111
271528364
263334782
263275109
263273860
263243716
263113274
263077178
262525418
253227110
251268653
249253604
249237341
278449215
278444751
278438561
278227412
278208737
278197324
278139738
278054786
277981977
274906166
274896462
273881577
273881569
273874221
273867137
273834456
273823011
273602064
272556843
272460837
271169090
271128610
271128527
271119333
271073674
271051339
270992929
270973750
252090740
252066080
252064184
252064168
251553156
251553084
251551004
251539994
249789520
249257337
249246447
249245590
277163809
276626590
276380261
275401153
275380734
274968291
273584519
272881542
272881197
272879972
272448689
272350965
272162944
272162761
272162612
272162511
272162249
271660585
262877328
262692692
262690488
262687626
262469649
262466553
262346328
262345938
262055668
261967967
261811250
260845100
257781401
253671287
252132108
252131882
252090826
252075182
252075112
252066004
251573472
250340379
279154722
279154572
278770247
278103582
277612031
277611989
277529250
277447149
277164973
277164050
276659598
276090899
276082769
276063202
275019672
275015267
274946476
274762696
274746356
274746210
274746005
274742578
274685376
274591409
274591380
274591323
274540804
273545744
273542521
272056307
271981678
271833454
271625961
271528567
271455786
271389338
271298275
262676831
262473008
250340368
279165341
278536467
278527240
278160160
277922556
277878425
277771818
277770213
277529325
276509006
276334462
276334265
276297341
276292248
276292160
276276371
276074241
275057317
269848529
264021664
263807644
263451841
263358162
263053478
252683688
252671961
251929058
251902104
251459906
251459663
251456964
251451981
251268831
251268824
250340298
250340296
250340282
250340265
250340222
250340162
278523723
278200345
278196034
278001913
278000394
276493174
276383468
276152158
273867216
273822186
273044911
272998896
272879273
272835597
272459604
272420700
270485216
270484958
270442683
270244605
270233705
263097161
263053636
260923209
252138994
252132523
252132468
252131388
252091564
252085006
252084260
252075194
252066016
252065071
252064763
251573286
251553133
251551583
251538017
249228028
278900596
278309126
278249705
278249669
278247365
278227744
277971282
277369516
277165590
275235672
275161163
274998337
274998254
274742234
274694447
274377759
274322584
273967465
273953168
273584552
273581802
273311218
273309923
273246085
272998778
272918762
272458632
272420290
272163200
270206427
261808743
251545407
250098103
152022533
109515258
109511415
109489518
109487404
108200962
68431363
276132648
275797482
275778511
275722353
275216739
275121735
275093546
275083853
275081870
274998411
274998352
274987065
274986746
274948478
274863348
272557704
272394247
272351214
271826744
271334847
269890076
262525857
252556373
252091379
251395172
251268658
250098860
213691883
213490480
209333058
202256058
201630780
201391298
201017267
200678923
186256489
186165475
182559128
181673628
68881823
278139019
277723755
277327562
277327530
276509980
276408798
276314451
276314439
276314405
276314168
276313971
276313764
276284918
276043835
276007551
275219655
274990567
252306929
252084130
251999038
251998557
251863917
251761820
251573525
244152839
244133685
230202415
230015128
225961153
213682358
205274409
202258995
201384097
181906874
78022077
75953914
71927807
71073188
67110702
49663822
277774359
277771994
277771977
277172370
275613633
275219586
275084583
274679048
274283511
274056084
273552770
271725292
271088146
270244268
262728611
262054233
252699564
252558098
252390444
252383909
252084354
252080405
252077805
252077617
252063949
252063718
252063666
252063287
252044401
252006897
251999076
251998496
251985212
251929300
251749748
251575784
251442696
251268523
250340214
249221270
277775155
277771979
277771908
277771902
277771899
277420418
276297405
275219575
275219547
275121621
274843582
274783001
274641620
274507702
273566555
272834667
272300679
270233926
262759197
262694748
262663839
262663731
253447650
253096667
252302358
252129555
252077412
252063258
252041585
251934399
251550832
251461346
251404860
251268827
251268777
251268747
251268525
250340244
250340185
250340179