277827033
276275025
275008401
274600055
274415312
273509497
271141504
262043204
262037808
249052965
243090197
241666790
225911224
217531255
207810985
207356537
204027439
195624160
181122325
170828115
163577792
155463021
151947116
126742919
90508063
69162891
68688353
44904838
19776640
15456014
15064527
14779881
10643534
10576689
3672563
3547971
2796921
1709187
1559537
397616
277836819
277836799
274917113
273419106
271994897
270771971
263202054
253290808
252539373
242001250
230204877
229998189
217195239
216462168
207811581
197629247
197589555
186369224
180586400
160814425
144228259
142249865
95218451
54753485
53918416
50433485
42684126
32635474
25001093
24998509
14839769
12741781
11586311
11050434
10642849
3672583
3547963
816834
393540
340361
277837329
273656597
272382762
272369189
271964748
271194895
270472529
270123361
262037810
257759773
253291901
253036649
252619670
248621446
248621423
247416371
229795379
227146527
225935018
225915938
225268414
225268060
225267261
225267240
217765729
217123746
205696538
204802833
196382194
182983710
181925183
173903464
154463516
146273722
113527497
53598421
51060818
50434867
15444981
14993029
276501083
274507687
274360697
273443670
271354092
271175810
270978320
270962732
270747332
270472547
270472508
270472464
270180183
263703040
253308289
253308285
253290814
249533598
229998230
225937732
225936148
221444443
217293477
217195181
217123667
196382217
196382177
184629932
177994889
167615622
167614669
146272280
129036151
114944749
110916566
60393183
32635471
28057019
11487086
11049272
279305295
279184841
274548123
273867668
263196735
255605456
250071420
242433089
229998350
229998139
229998126
225933281
225267506
223718725
219151154
197628913
197628790
196382178
174830026
141483251
114945550
110916530
92551276
53918511
11368963
11049527
10749004
10576572
10263197
9813205
476619