279268371
279133448
279131792
278967365
278966618
278966612
278760584
278632640
242076145
114386063
114228620
86866101
83857110
75835842
74953481
60693347
59581189
59262642
59262638
58165565
58165559
45255512
43775523
43775519
43775517
43775515
43775513
43775511
42842900
41369853
40774181
36319763
27863426
11809437
11228290
7978778
7280041
1563589
974400
461415
279269780
279269486
279246046
279133312
279112576
279112460
278993530
278969674
278969644
278866914
278761504
278761167
278713406
278616916
275414654
273746347
273732152
270712282
270711141
263208252
217895102
198297411
130754983
130394486
130390636
130390308
68169441
60777425
60707053
60700792
59286400
59286396
40773260
36336966
26672523
26598906
25553468
573955
536591
468256
279308510
279269928
279269494
279246037
278966780
278860432
278527245
278147397
278147327
273637194
273268008
270700089
252637262
250230567
191478132
136482531
130751398
130397998
74621879
71040214
70625220
68169449
68169447
68169443
68169439
60783687
60780365
59262646
59169803
57705036
55282247
41072301
36335759
21465807
17049680
14378804
11809459
2393285
1535535
505831
278616996
278228924
68169435