278816171
278791364
278619745
278504736
278275283
277316376
276928994
276584845
275452687
275206732
275041762
274927645
247858753
247858738
213911370
204051994
200852592
194960720
192948832
192125793
192125792
160672906
145288029
117238177
104074993
103379152
100347901
92859060
74983567
63078271
58268251
52696535
14053722
13967742
13967738
9948025
7228501
2851733
1080002
633125
279134871
279134753
279116558
278665030
278567955
278245977
278043202
276508706
276497670
274719770
273983803
273983791
273768241
273546177
272226143
272226135
272117144
270646902
263294687
262663938
207754117
207754111
196830252
196579639
196058088
195801674
192948865
173479560
149089470
73521483
68296613
56432614
43109585
37967293
21435670
19662180
7774514
6512149
472401
434148
279151732
279131111
279121489
279059002
278969748
278788776
278733257
278451449
278431662
278275313
278119880
277730595
276725503
275466254
275024302
273960641
271414258
270173307
270096805
263082631
251756019
243086155
213702766
212942553
210278154
207933170
192948932
192125798
159814614
121073408
116397450
113526735
87392038
76776251
56801007
54002640
36299064
13902909
10111722
1576505
279180588
279173287
279134801
278966854
278817723
278814194
278638557
278580400
278125139
277963710
276586985
276101485
274988087
274545764
273596539
269992030
253498964
252011888
251395987
251395978
251395977
247566120
207754428
207754113
207754105
201308378
196830267
196579422
179211016
174215351
145832832
134757780
129138352
71980312
68688365
55598189
37966563
4363785
2782213
491714
279226249
279148244
279133612
279127819
279121616
279100192
279100152
278966527
278733255
278043488
277426834
275947095
275611116
274592653
274591045
274430067
274076834
273983796
270173319
270173313
263294709
249934535
215136596
210426560
207754103
205695278
183111452
163577974
163577780
146399211
138932236
107351992
68188681
21435658
20421670
7021473
5734413
4977815
625084
474789
279268443
279232650
279213069
279213028
278972821
278885730
278463280
278359711
278024916
277963708
277339291
276273480
275272500
274931665
274742403
272237255
272237237
272113631
272113046
260810312
253293584
251395980
249535155
247858737
229748505
215136612
210277362
208193242
201308179
177895723
171466513
91343714
71553547
59043891
10294668
4363787
2435743
1955049
421623
362495
279103614
278906938
278229304
278123173
276446348
276385109
275697210
275478783
275325093
275283173
275060547
274847747
274733067
274468053
274421491
274076128
273980113
273613269
271414270
270503349
245787229
206956107
204875018
201308215
199970538
195801692
195136964
193206159
179207907
160082482
146272296
68619859
53770331
24155328
23712501
14332764
4653407
492406
432199
341339
279269706
279183767
279131909
278864786
278830767
278731930
278123419
277938108
276646796
276101455
275583733
275514176
275452857
273983792
273714663
269027935
253069043
199143652
198127380
195924518
180365635
179196410
177284989
146096196
144380551
84872767
77698617
75513726
73201327
40418434
25118468
20547313
20467597
14670288
11258648
9794510
7611515
481515
406961
359137
279236263
279186560
279151795
279116045
278969772
278641735
278585022
277857308
277499646
277339293
276383368
275580137
275532428
274925497
273441681
272597195
272370932
270883272
262783939
261964935
257867253
249877548
242727284
201872060
199739994
189671494
183229921
167183926
152009969
150602809
113527787
109280482
37966561
12008147
11502535
523847
392631
371232
339884
316461
279149606
279028065
278994747
278967641
278451301
278011440
276801373
276656671
276598512
275453579
274819302
274819237
274742301
274505311
274182949
273519854
270116622
262801378
262451817
217125833
214617628
202788437
200679129
198520199
184918803
177340162
163577605
84566224
69764537
50764229
46789749
24984589
14697303
13901884
4977807
1464651
478358
434189
434188
405919
279268076
279167919
279134806
278138932
277931268
277401028
276830481
276503474
276139443
274990010
274832791
274735406
274526636
274525976
274375359
274374070
274046496
273913402
273696119
273519406
272596590
271296037
270173309
265443745
213650630
180222863
179146229
178211323
176170060
172476385
170298048
163578415
107353775
73851408
52683201
52329758
2435523
434341
392607
381873
279163489
279133610
278881998
278359677
278036542
277339297
276585430
276385830
275880262
275442819
274986458
274951877
274742599
274557917
274526708
274093053
274064108
273892314
273579820
273379179
273307476
271914027
271165449
252755659
242992930
242363672
203770563
202961523
202529447
199753485
197669316
197602465
180218730
177886294
170466608
158622138
76052363
73164113
7774991
355930
279269802
278814548
278685746
277963229
277838229
277614718
277528766
277528248
276663953
276350609
275770140
275513453
275453104
275303419
275272525
275272489
275092537
274537296
274093271
273983870
272640722
272134261
271360720
270179170
262463679
251999546
250440228
250367348
249961856
249029607
247945183
230009320
210524098
203840890
201089925
197162072
75580999
36627451
15423419
538860
278878774
277880435
277461567
277184457
276928800
276745467
276503450
276385794
276030546
275453358
275272493
274988352
274218098
273687293
273643822
272429609
272164868
272164381
271095727
270298128
270114537
261967013
249576826
249033316
247953392
242443942
203845834
168181444
146271360
129138492
84872873
73593780
52288600
47158820
37794472
12768384
11370490
1750137
467822
432820
279154953
279018297
278073772
277567692
277021085
276583351
276448493
276104852
276056079
275890013
274742367
274692851
272856943
272370702
272364663
263588371
263294896
252585908
247920641
247719177
242101950
229720279
209905854
200002244
195814674
195465594
193760932
178218983
137498871
127032523
125346315
118180150
75765250
73165394
53770459
14764599
750385
719982
491741
452604
279166669
279159576
279133827
279018299
278916501
278860530
278462254
278130708
278115768
278098290
278043213
277977688
277977144
277582227
277528827
276896508
276376586
275033811
274615627
274097271
273892127
273785585
273546977
273473586
273278228
272237263
250230460
247656586
247566116
242504649
178483718
138226278
107352747
107351005
75765025
23619300
927148
596591
402178
342310
279022920
278961340
278830817
278830810
278692795
277873898
276830448
276385799
275495061
275341636
275195346
275195159
274457979
274421189
274058332
273979236
273892423
272412974
272358143
262570125
261963942
252065134
247730036
247294373
247253692
245776334
245774494
242718532
230110406
229810623
214933068
214614585
160814437
154312417
146226513
143668174
138617979
24490040
719935
368321
278627817
278461999
278451437
278152944
278130684
277857276
277737396
276843336
276385838
276377728
276348634
276345456
276160995
275943378
275921523
275818440
275818415
274994496
274988468
274930153
274417211
273330846
271023139
270065392
253355311
252795313
247804248
204806041
201391321
201089915
200976610
200002504
197354673
195561360
175149108
151223518
84270562
77914180
478351
341703
278530071
277977544
277587828
277528141
276911031
276828883
276807418
276477929
276126837
275596645
275478797
275478787
275377407
274996680
273512031
272112211
271039844
270963933
270179577
269973494
263104126
261966127
253113502
251999308
251276216
250367590
249257307
249092942
214840929
213860034
209863885
205849004
204621988
202053013
195465565
187827436
179445770
129653647
12294957
536992
277384565
277320275
276924498
276818473
276756335
276508648
276377736
275912381
275890182
274875339
274742445
274684659
274655334
274652363
274557235
274541973
273557745
273303191
273292885
273106226
272966738
272844507
272390724
272163799
271913243
270257124
262695535
241650336
199846998
184283678
179143823
178519441
177319642
177092932
176777448
171039219
157118128
118150211
714090
487903
278451339
278043468
278007488
277021030
276863754
276821014
276814818
276569768
276368732
275966914
275272479
275062728
275007117
274931882
274656994
274528145
274526807
274442567
273473435
273467999
273288948
272839044
272616453
272179034
271336772
270384224
270117995
263071784
252795321
252062285
249151880
248703285
245765729
216213520
204621784
199143398
127032351
87959748
83432623
2126097
279243964
278691559
278691527
278473537
277838201
277426832
276843050
276385167
276031564
275195157
274989487
274403786
274040871
273645957
273457663
270059783
263348027
263073624
261995921
256500743
252755661
250086180
249877505
242618833
242504920
230021101
229810565
217125696
215378085
208016601
206651179
206605096
203844956
203844853
197897230
187617312
178218914
177280437
127692346
127031821
278969724
278750639
277551074
276385884
275513857
275453279
275148179
274845416
274746629
274742345
274670363
272372357
272245324
272164282
271219471
263085436
261967599
259568209
259507717
242818376
218754707
202764322
202233374
202021225
198203385
197602483
195664035
187746401
145145512
129138463
109861985
107363564
58939513
45970465
10281165
927146
523870
523851
440665
396794
278851511
278791690
278691568
278491476
278448525
278043479
278036778
277991085
277186544
275419076
275084995
274821577
274090797
273714665
273433388
272898817
270096869
251773340
250339659
250098345
248754846
248569921
245774547
245774539
245774464
242502832
230038196
214930447
214655630
204621793
202529585
197590605
176812447
159364610
109862123
90414350
77914194
48762163
3078047
278896936
278685564
276564144
276385778
276385760
276377710
276345441
275926269
275600154
275185674
274941425
274040847
271296056
271257433
262570310
250100668
249576557
242502855
242502853
242101710
215378090
208187090
204083476
201346244
201110778
192950436
189172523
184918816
184284337
179980778
178057467
177999082
177286237
177056790
176905716
176893804
176812858
146271560
140617132
11376871
278499822
278214488
278214449
278214345
278214320
277838206
277775018
277514770
277480244
276799238
276376660
276334123
275125099
274881384
274792981
274053010
205614483
203845694
203841155
193209832
183718222
157250984
279269038
279159591
278743585
277977958
277481618
276377708
276066228
275970908
275535623
275421873
274302585
273768239
273587900
271363646
271327004
271144217
270799951
263084885
263084844
252185809
243223412
225242357
204941488
203846197
179537695
176633312
167685112
159785685
138557032
138466061
50072452
48481753
25728631
10281169
3549401
476573
468737
452147
279249121
279071569
278245925
278214285
278092943
277976304
277865152
277620172
277504771
276843010
276755929
276683292
276383453
275663497
275478795
274966450
274596897
274185280
273330948
270987231
270504976
270489579
262453026
249042387
230021667
204621807
202413140
201390159
201243050
201055578
197212979
197164926
182559148
181783104
165705113
138602098
125289227
53769786
4977851
1670761
279289243
278763849
278238406
278214641
278214588
277962305
276851040
276849056
276656691
276126825
275507335
275478793
275377336
275308358
275006708
274544753
274496989
274101496
273714164
272165638
263861710
252755683
247841140
244169802
242502837
216226045
212564941
210417965
210277377
206771220
202343158
201243076
200785669
200520699
192032778
170179071
127032650
109873602
102853122
76820746
279298574
279283627
278884032
278818124
278051317
278043452
277621474
277528846
277528289
277465238
277445184
276836926
276348717
276335171
276135508
275591847
275513618
274919762
274428913
274101627
273387473
273330925
273188287
250229496
248826935
214595287
210760796
204621825
197897220
196488075
195924688
195465581
163739554
106349534
91395173
84837696
53770225
53749140
47242742
17336362
279257282
277413629
277409992
276489110
276031553
275967615
275671213
275478799
275186066
274058476
272426144
271913664
270504532
270504242
263107146
263107144
253161611
249576520
249238005
248293118
242718530
242717143
242504655
242504647
242079373
230110163
230020212
217489195
201099608
201099233
181904726
179980062
178219004
177207952
160814566
148578027
140620711
114945019
85560019
419476
278499913
278499804
278024928
277872918
277575652
277382223
275195117
275187758
275185890
274986939
274590227
274327957
272966800
272856932
272558796
263413000
261945681
260826355
249576767
248697172
247953685
242504662
242502846
229810561
216285741
215378056
215342981
214658395
214582341
209273409
205614873
203844512
203841102
203840800
203498052
201308338
195219646
177312723
158755912
50883904
278499920
278441727
277865114
277575670
277511526
277499010
276617200
276160176
275951756
275893674
275889987
275832277
275785826
275145341
275085979
271073670
270110984
263369976
252973718
252714274
252714246
242810819
215123457
207754446
207754423
207754099
203841364
195715825
183683434
178032538
176645507
167019849
111108057
111108039
90329072
76013351
74177745
57813999
515884
463762
279289124
279121425
279121346
278969758
278043490
278043211
278043204
277857298
277737359
276857870
276385864
276385818
276385780
276263082
275315020
275260546
274988490
274553405
274503588
274467418
273605942
273578960
273511821
272565137
272163219
271091209
270885426
263861581
207752564
199895811
190337312
174534978
138449797
137941679
109135940
72742662
54879183
53935560
51693312
20750197
279185640
279133680
279133574
279074455
278696534
278514890
278499968
278499862
278492019
278043465
277977707
277528182
277342151
276843087
276801105
276664336
276390734
276348721
273605730
273473475
272186759
271222306
263294817
262551575
262037877
253362682
247878987
227292489
215727556
212218128
201089839
200672338
198203319
184410322
179530865
150601687
107354079
77914177
23424467
4687437
279269774
278214241
278043226
278043218
276841451
276309544
275377432
275301030
275272509
274919764
274858691
274773709
274543661
273263322
272237218
272198971
271126591
270268059
263861790
261968301
253362686
252795306
252755704
250339712
249268868
249268611
249107249
242502839
242502827
215727633
214517753
211951584
207754435
197354598
182106036
176428048
170621468
127032977
77221479
398864
279260552
279249133
278966836
278867901
278772402
277543282
277528780
277528162
277240674
276701304
275671074
275514107
275272487
274526942
274407378
273474510
273270134
272236366
272186959
271217737
263107157
263073636
250339708
248976594
242718534
242502829
230098369
212476310
201089849
199143775
199143442
196514448
183216274
177990235
177280148
163578282
127031604
116396527
27612075
2982931
278893466
278117090
276385872
276176152
275586473
275421680
275419088
275195237
275188106
274987059
274657642
273106241
269894687
248707432
229810567
217125809
217125800
217125656
209863774
209863763
206639899
204879188
203840679
202016057
201110819
200002880
200001986
195219871
190464082
181978984
177682585
164574574
160922167
159905099
158604169
155210867
139107141
137929944
85560042
64988212
278214362
277416698
276557187
276263079
276060389
275301060
275125100
274951892
274877508
274723154
274058295
273872063
273717220
273305027
272833380
272529638
272076727
262386262
253297719
249574739
242504651
242502857
242502849
216933901
216215466
212212679
207730029
201308294
201112717
200628398
192729490
189463708
188492926
184120785
180221858
177267287
177267136
170169879
81224323
55530421
278827692
278761109
278703353
278499957
278499930
278499870
277936612
277514780
277480246
276385880
276385836
276329431
275638279
275398640
275215345
275070325
274379469
273523656
271433680
270898236
249970656
249825530
246167586
207754449
203840595
200844858
200844834
171586353
169606806
106996471
103374939
98127888
71980314
58669294
46772941
36710543
467823
415407
413882
397397
279112278
278531968
278500157
278043484
278043464
278043460
278043434
278043224
278043193
277543311
277528530
277441135
276802002
276583145
276500761
276385852
276348665
276126999
275513731
275452953
275186094
274989596
274528351
274420326
273892317
273687337
273535800
273534960
272133999
270504444
263827648
263294754
261966231
261966061
249535139
249286045
242727855
216333104
212581099
137941617
279283456
278967661
278627781
278466813
278238351
278036534
277186542
277186540
276828908
276801128
276771260
276734649
275966946
275584392
275478789
275339947
273892375
273868931
273605732
272369230
272305676
272163431
271012142
270179614
263861861
263756247
252062283
250367354
230041942
230013688
215727554
212565335
211951585
209403278
198385918
197547772
125049253
123090579
34434280
22131982
278842557
278451329
277962275
277838275
277528203
277490083
276848841
276441040
275377481
275377215
275320046
275303371
275029552
275023310
274989815
274766479
274526278
274407698
273457062
272565096
272421309
272305329
270069652
262453032
259542285
249962278
249286348
247446328
247405766
212956235
197823259
197531393
197162076
184475633
151950550
127033527
77942851
77914190
46648663
32409050
279277885
279269744
279242822
278882004
278882002
278321298
278043438
276842091
274467444
273949384
270504812
270504706
204621966
196399272