50076345
279042261
279026685
252714360
2293209
273303747
270052798
279036601
275577514
275602243
262653467
55289489
278859878
274287341
277844827
279016837
121973479
263450654
274675927
252714348
197620593
191779378
279026555
263097795
192908962
262655148
277974675
55285256
279038464
278870829
274118282
274118291
275611817
278727927
279071998
10317543
279066535
279030726
55288656
278235916
252714358
263097759
2293199
221228024
274673878
13765021
263104332
263450644
263450768
69323394
279036410
275578474
275889821
274118308
274118289
274135180
278952444
278952453
263450758
50239025
279042840
279043610
274675285
263446089
279033924