273789423
273604927
271270202
271270191
271270170
271270146
270708076
270471944
263085221
262836599
253467812
252138425
248801371
212323844
208643632
203840749
188301266
188299213
187845679
187811635
187805104
186112407
180586236
180585848
180399991
177569711
176709750
176709390
111195171
100384412
84795768
82685459
77539095
54412642
53563837
53486723
37014059
11465908
563395
370260
277929874
272715997
272317850
271541972
271270183
271270172
271270161
270715410
270547594
263028502
253058325
252575134
249211813
248524520
206640637
206640167
198495004
195879235
193747623
188300801
187843891
187815676
187803638
186710527
186080598
180585154
180399993
177569707
169586529
169446654
95993230
95950070
56735000
53901827
42588882
41098752
41098371
39376972
37169810
10233994
273604929
271270218
271270181
271270148
250078516
192949473
190231482
187786026
181379111
180586328
179425326
177610359
174272325
169606799
169581854
137567577
120183408
93049389
73236351
50424540
33007530