278860289
278860287
278817070
278691939
278632669
278516481
278377639
278373261
278275295
278170058
277599506
277539447
277165439
276826014
276799236
276562878
275962493
275926326
274828148
273356634
249875509
249875170
249875150
202661687
192862933
176909221
137442928
136941156
117595535
109765020
74021317
73207240
57354850
56609155
48629558
40429230
10866303
10227724
1647103
997535
278819422
278756939
278607288
278487727
278017462
278016988
277997247
277836869
277816160
276663289
276660934
275278631
275245071
273356637
270661805
249875151
249739565
249160355
206784512
195573547
190707619
132366467
127844385
121185870
114046590
113540577
100376369
84457161
72308265
69764534
66510850
48753264
24403748
17336360
14684952
11371249
6313649
5067155
1576149
1353605
279094502
279081586
279076713
279056295
278836833
278813664
278572397
278373362
278020836
278017053
278016939
277982210
277361955
277199051
276661136
275335272
275235984
275155620
274828146
273609483
272122718
270734420
249875166
249875146
245787155
196150482
192727106
190707612
185242029
181699597
76656767
66510848
55064570
44976197
35191902
10693271
10227726
6313601
1353607
749154
279217749
279164533
279154998
279076704
278966989
278933362
278872221
278809595
278719407
278621726
278147381
278006113
278006049
277877323
276912320
276684150
276661383
276600244
276530713
276451695
276408241
275089662
274966747
273674023
272269820
271950422
263084725
248362143
203204599
197587865
191148972
189267134
180230986
66681836
66681010
25740436
20520720
4175505
1445371
918020
279237035
279217271
279063428
278785984
278702207
278124802
278117415
278016984
277750219
277369393
276840941
276684282
276663277
276661571
276428269
273060567
271479905
270942186
270549551
270253573
253306299
227751937
203945334
186139603
181699610
108752960
82996520
81245168
77221068
74983594
73278024
66681710
56454897
15267831
14615204
10806487
8009430
2916517
1445365
644383
279245812
278744747
278671138
278148487
278089488
278016930
277539482
277405819
277362784
277362774
277362650
276887083
276684359
276684352
276663273
276661551
276661543
276408275
276016809
275262157
272588678
246163542
214011122
203973131
195814567
191088375
179534738
148008773
76837841
65443440
55592762
53293038
42302849
11388441
7774993
5067153
2916519
2622075
644069
558304
279133715
278872847
278851531
278806332
278612145
278350779
278226754
278093671
278074005
278017001
277963730
277369423
277166536
276661139
276504875
276408251
274828154
273165484
271151620
270464537
207831780
207195954
196488155
177117486
165021248
158563273
131843989
112093639
83620148
77230251
52785568
51600469
32916024
16680371
15913441
5154511
4086199
2186589
1667457
974014
279214428
279197166
279153142
279133580
278979143
278945892
278872247
278863034
278860591
278808754
278806518
278760900
278713639
278456235
278443807
278170054
278054637
278054632
277877357
277548460
277362872
277362148
277362047
276408343
273983799
273707307
273674024
273472456
221229959
202246177
147762019
104465376
76012203
50939399
44976183
40429228
13935125
7440075
985256
899429
279235281
279199086
279142472
279132071
279121880
278979045
278866020
278830819
278721783
278599750
278314321
278150797
278105720
278093675
278093437
278006111
278006099
277416879
277362846
277362152
276663262
276661537
273197805
272057403
271443160
271135861
251532467
249921270
199034115
181699638
113454056
63924619
44976201
34320326
31205954
6512105
4780899
1207279
599112
400200
279268375
279120663
278967015
278696008
278230787
278146995
278146973
277969061
277836703
277599507
276663325
276559523
276408326
275820924
274828145
274080082
273979247
273708892
272913544
272405380
260924187
251268291
250060682
247853680
247123713
202203581
190702841
166437973
145288039
140447309
94159123
77105810
75530160
56094203
50430908
37727316
10006878
7718731
5743605
378448
279268930
279180572
279167454
279133604
278969828
278957943
278945889
278854724
278757346
278616318
278226678
278195469
278016980
278016924
277877299
277836759
277362798
277362007
277348525
277348517
277348515
276959919
276661620
276661326
275948239
275820934
275347101
275197558
273701286
209334940
204874990
203982898
181933825
179952619
121102952
117202944
16683964
2544203
1363603
1207297
279131262
278957941
278760830
278757336
278443319
278109135
278016958
278005998
277362856
277198961
276887079
276663357
276661547
276661463
276661317
276661197
276450446
275020865
274828167
274828160
249858383
249029694
208745202
192949312
189161030
154364716
107098913
69999225
33492441
27960124
25733162
20647228
19763805
15674175
10142496
7440071
2711451
1404169
552266
402165
279133184
279063396
278979139
278947875
278443741
278243608
277857302
277362690
277361991
276906711
276684263
276661494
276661488
276408335
276380215
276280444
276191825
276113891
275270785
274045708
273581494
273238460
270798109
263272838
248801406
203841049
196180800
193605362
168181401
77221786
76656771
70415989
58709866
51287035
32917245
22385767
22093849
15693077
7644018
478470
279047523
278969858
278169992
278148558
278147033
278093427
277877329
277836555
277488471
277369421
276684393
276684306
276663266
276661592
276661527
276661319
276661221
276641308
276408281
276363030
275195008
274078495
273524659
272938792
272284583
271659374
263104550
194959710
194451813
192950819
104268048
77220770
54597876
47276023
37118920
28673491
7440079
2174033
917972
359736
278496945
278377679
278148458
278147425
278147117
278006145
277916176
277877390
277870876
277405933
277369435
277369395
277362766
277362164
277361896
276887513
276684363
276661385
276409203
276019596
274828161
274326246
273691910
273691888
273170058
270181478
201538668
201509253
192950205
153045599
109090653
102463959
53935831
30793214
27189072
10191030
1647127
831433
492372
453292
279231822
279217777
279200944
279135529
279133598
279132036
279112306
279005343
278830741
278787943
278758372
278714398
278712315
278148598
278017051
278016942
277877333
277836741
277836621
277836600
276887078
276684284
276661213
275190729
263078231
208128941
201308436
191366519
173093889
168181446
167019778
163902724
146274565
76286239
66682048
48873331
6313597
3658445
2174035
451109
279120262
279112508
279112480
279063436
279058905
279008874
278854702
278802394
278749521
278703783
278572775
278090604
278017017
278016972
278006080
276708783
276661594
276661529
276661223
276661107
276451699
273911353
271527546
271245687
250339589
248585452
241821079
215776589
187785413
186262546
184100770
179408351
173186375
130233548
117595545
50430910
48997201
12141172
10006876
1565663
279237482
279212006
279131407
279112510
278966816
278959518
278831287
278773643
278757356
278643013
278147237
277877343
277599504
277361920
276931755
276900800
276749838
276661579
276661515
276428267
276428191
275274489
273879064
273645187
263310044
260923774
194114721
193736636
192950457
179063942
94803499
75696174
72968648
38436483
25909898
2714159
1934493
836204
603035
405899
279142476
279134412
279112470
278831351
278760876
278627801
278617394
278017043
278016990
277836675
277836667
277405913
277362868
277362666
277362304
277362294
277362174
276684423
276663281
276661511
276661237
275499269
275406984
275278636
275190644
273624357
270107355
259568277
248319420
242716550
197090152
181938622
159694143
148802194
65032170
65030371
28341649
20433534
6471217
2893033
279217775
279134418
278959519
278871024
278702203
278226193
278093404
277836649
277836639
277404664
277029629
276684336
276684318
276663298
276661217
276661189
276408271
276349952
273947772
273197799
272844460
270852398
248319418
217292451
202020030
199889958
192339426
183230571
149707211
136021083
111149052
100988518
96357336
77865077
76299772
68392381
65028130
7957429
5743607
2881423
279142473
279124788
279063430
279059134
278969804
278761261
278617312
278616356
278590519
278443569
278353457
278147041
277836647
277836605
277483781
277362854
277362806
277362652
277361886
277361881
276952589
276684312
276661480
276006450
275870270
275603366
273688263
272218963
271734219
249535098
205985689
204622236
202796286
87612813
77221882
72298640
69248390
53935833
927152
748864
279132665
279006071
278873474
278768933
278756733
278703291
278617180
278575947
278457977
278016999
278016963
278006083
277836733
277362884
276663323
275589250
273789399
273594111
273219729
271291233
253620303
214617392
214584784
211309441
207831776
188229134
185860342
175176030
164848115
147294868
140221867
123081704
118666932
94159129
77878432
77221546
47242740
23036856
8090977
860802
279246071
279243315
278993548
278979141
278969760
278879729
278870876
277832339
277405805
277362333
277362049
276841658
276663309
276661340
276661187
276641306
276408233
275970306
275929885
274365391
273958523
273708715
273692724
273691885
270874357
211309079
208119603
197354071
188575762
180399900
173481350
149781046
94172163
53925299
50497029
46789751
44858628
33492443
7964827
1540497
279281036
278966746
278617123
278148556
278017024
277389683
277362142
276618968
276583608
276428237
276428203
275856226
275577043
275107991
275016569
274193099
274034690
273958564
273673999
272167800
271342479
263079962
263078233
255299319
254132185
249290394
249136390
217125726
215776583
207333434
203840605
197354916
181979204
134532223
91998734
77446844
77221096
55659621
11189120
7823296
279131957
278816318
278229364
278226736
278146941
278016997
277284421
276661316
276661289
276661131
276425092
276061283
274856432
273904449
271245631
267261389
253257464
249372632
222660503
210512539
202604432
201622619
201089581
187193446
186279130
176895182
136080509
109369036
96037662
77639092
77220906
73756640
53871328
48149400
31207440
10577934
6876621
6010325
896318
350277
279133582
279133256
279131653
279131419
278865998
278617338
278572772
278472206
278294078
278148415
278146921
278065609
277469151
277362255
276850826
276661482
276661291
276473537
276408295
275273374
275048355
273325921
273218707
272166811
271488959
262905946
242866695
193131217
173449244
145641463
101096879
82913308
65024421
46772969
41894598
25740941
19763679
15698171
11130627
1338935
278776505
278757362
278228786
278148515
278147221
278147055
278146897
278146887
278146867
278054931
278017013
277836713
277761545
277750370
277362896
277362702
276684433
276661604
276473530
275346338
275254117
274075043
272844539
271390746
271021998
270788999
270677782
263980759
252664492
249771752
209386051
203840850
172445088
172024886
53770835
10857700
10382954
2731681
650526
463488
279086432
279047517
279000137
278906932
278617372
278148517
278146847
278074006
277749958
277362146
276684274
276661348
276408289
275261098
273455399
273307367
272597799
271167819
263592675
262915023
252892314
249160999
208745642
208097060
193007580
186067943
184947622
180399910
179210803
135552435
128711710
119055976
105060985
83619848
77222025
15686469
10593981
10054358
766164
579936
279215363
279131552
279074443
279047511
278966900
278831353
278619826
278616718
278454844
278229314
278147125
278146959
278146843
278065599
277544210
277369439
276897455
276684395
276684096
276663347
276525342
273547362
270545372
263278413
263104620
262773882
217562202
193742534
192949775
192949078
185851611
160580304
137440402
96009622
73872773
52788072
44983215
595951
512972
466686
278860655
278148600
278148381
278147155
278017011
278016970
277995380
277916670
277621081
277362808
277362632
277362436
276950415
276931959
276922059
276895955
276684342
276594751
276519417
276310062
276306228
276074587
272376565
270448781
249895521
249349068
213942646
190707642
188321824
185654055
183891711
159439226
114616857
77446846
63867818
46772993
7384673
7132679
2884149
1041806
279154032
278945028
278848303
278761079
278635409
278616758
278418209
278216456
278016982
278006039
277877339
277877300
277836722
277362894
277361906
276684366
276684291
276684217
276676209
276663283
276428199
275320681
275057921
273928393
273509647
273363294
263563196
205256564
197897266
144405316
96013238
77447115
77222417
51600472
44808484
39532033
32635444
13446506
1734375
400618
279269084
279133349
279078928
279000064
278771760
278757368
278228886
278169558
278147001
278069487
278016968
277836767
277362736
277362254
276661332
276661165
276594917
276494867
276479431
276428216
276425086
276425080
276408235
275197539
275152353
272236426
271063441
253070870
213488450
209603450
207368022
203996363
193737014
185005875
180230966
158450731
106732806
77222005
73827220
10190705
279133343
279132362
279112266
278860657
278848327
278775720
278761187
278713948
278146861
278093378
278017045
278016928
277969059
277923563
277836663
277369437
277362892
277362619
276915875
276661517
276661346
276661261
276661199
276367296
276098189
276094039
275731490
273982806
272155507
271085827
263452402
215221527
202631237
185242036
181452664
179952260
127538476
91846967
48997199
570479
279154004
278979047
278830687
278457979
278146851
278139980
278017460
277841553
277408643
277362426
277362051
276663365
276425078
276408317
275263729
273129290
272615927
272369232
272172758
261975733
253410363
247274968
215897814
203846714
191376663
188229225
179214800
179167718
158773333
152370958
137466791
77222021
77221341
66471632
47292656
10866555
8009307
3876413
1659977
420271
279192835
279145307
279025189
278775714
278757372
278742825
278616558
278616532
278533515
277771508
277369433
277361908
276851621
276663349
276174676
275261248
273900884
273351142
273085936
263303878
263207493
262338097
253470345
249012380
248165735
247853461
215779629
207368020
205894405
192173649
189937889
187183337
159828571
113498355
86516146
76656769
49026028
47036056
31207384
1363731
279133578
279112350
279001197
278966908
278906644
278891279
277362039
276661344
276408269
276254026
275033488
273228962
272419712
272155431
272047710
259568236
253258027
253040814
251441897
247949617
221796139
214497623
207377686
205113426
202429188
192948598
190701454
189472696
184698112
163703911
125417133
114895517
90116376
77221836
73687707
48210068
37409851
23000872
10277500
412606
278969726
278851709
278757350
278757337
278697819
278491510
278325185
278229214
278017456
277859557
277836583
277362452
277361930
276663345
276386758
276019476
274930136
273293041
272321124
271848590
271696380
271542036
253113409
252664496
247464572
213863508
207255119
206860131
198342327
193736777
184873912
176080922
175167325
158641028
77639148
77221190
59262636
53935556
17597773
585311
279132499
278993532
278776503
278429740
278093368
278054943
277860638
277836681
277750385
277362700
277362170
276931638
276684437
276663315
276611023
276531451
276481139
276292808
275731506
275230852
274099133
271829106
270922916
263079980
248496818
247681215
242799773
213964747
202429190
194954061
193927584
193736787
192948708
162714772
155763508
148643402
119698670
113485881
77745316
3802159
279124834
279070593
278959702
278148501
278006006
276661616
276661539
276661419
276661413
276161911
275360968
275064197
273983795
272369191
270854901
270797933
262826260
262073058
248178638
248166742
242101983
206147973
202770494
202242334
201561953
201292976
197592877
149778982
147751656
125273719
102552315
96200983
96034337
82999663
77221104
70016692
56362836
53833189
11286503
543994
278850780
278616320
278602994
278148566
278146873
278093410
277501950
277405907
277404402
277362432
277362326
277362160
277361880
277045296
277038866
276964584
276887406
276661083
276383524
274252127
274195809
273879069
273836306
271959216
263206829
263103789
262792196
212568270
203840745
203840691
203006061
201843821
195544585
186234931
137453599
127033525
68194009
19481781
12633622
7169477
278998646
278854706
278761429
278670968
277488662
276663311
276661241
276428225
276428197
275018367
273682230
273641803
273221330
272994014
270143429
263084795
253905541
229738684
215292692
210524744
210514562
210512569
209867785
208206730
203844501
203841316
203084092
192951090
191653767
189460898
158868309
150169834
96200974
77231306
77222913
77221013
53777102
45321622
2879379
387384
279269922
279217851
279157747
278580186
278148602
278146891
278102757
277836645
277426579
277404558
277404380
277362330
276684429
276684228
276663290
276661091
276408259
273943669
273353798
273305035
272155326
270786020
247657132
215910760
215727706
201250819
195787967
190707618
160814612
80960108
77639096
77222112
77220731
66471634
47774486
25121123
13967732
10681246
2202107
913860
279136342
278969818
278856024
278055980
277775477
277382769
277382745
277362623
276661301
276661209
276661169
276428211
276383677
274034592
273953568
273911626
272365797
272231204
270105843
263308623
262732331
260115473
247949624
247718717
242492303
215696131
214873832
213972823
193692023
187980683
186369274
185466588
179158113
146272038
77858289
77222808
77220827
35474348
692131
521521
279244976
279133128
278170000
278152430
278147275
278093374
277877379
277362635
277361987
275788302
275341643
273246858
272939483
272402964
272393076
271733280
271695663
270834272
263208633
262687301
223800362
213864998
212474333
206641204
201243197
192949750
188229136
181453537
161541476
161467299
160671632
146274672
122958348
84881518
77221973
55284632
19597901
14855860
2404433
2126101
279247140
279006089
278959522
278628131
278534256
278147159
278016935
277845447
277382722
276927895
276400217
275853493
275055550
274098661
274048149
273983670
273434616
272859252
272412406
271064856
253620309
225969445
215779712
207294238
186495622
182482224
171586776
159915723
103284675
84881577
77560781
77222797
77222392
77221242
77220974
59254209
59239925
53935795
11285179
393435
279246026
279127827
279106420
278936541
278795513
278714366
278229138
278147279
277838095
277836747
277621909
276852337
275970281
275084679
273445846
271784965
271303227
263104534
262732337
242501055
242101734
208109077
201088135
193005231
192161739
191391627
190353661
187871351
184767947
183482096
177344472
159501825
147024585
90116519
77665452
24822367
15619908
11656615
7827502
451596
278969754
278830769
278824305
278760772
278617737
278356490
278226718
278148483
277967939
277924120
277873872
277740849
277362296
277361878
276963199
276661417
276661143
276178189
275105987
273979171
270853008
270299555
270127574
253721907
252663434
242704897
203842825
202242132
193002718
192949870
185781830
184617944
180230974
154859990
122592788
87704072
26495633
2920815
1225879
1028820
279133708
279131842
278967531
278148548
277877351
277404809
276938584
276684361
276684153
276663355
276663341
276661171
276608430
276383764
275260707
274190068
273174476
271846037
271579061
271443137
270742952
253093876
252867650
244169815
241136043
204436313
192950809
191354275
188375284
184945916
171807691
163582290
149779879
109295430
101932748
76658150
30886308
6845777
417294
345689
279131415
279127552
279000140
278936569
277969047
277873975
277480151
277408715
277362886
277362258
277362001
277186340
276661259
276661239
276661175
273129250
272837037
270453649
269991748
265177172
242501060
230124689
230039369
226170192
215914924
213519092
210531003
204803162
203422547
193154749
193006759
105366558
77221300
77221256
77221085
53871109
48150233
19764360
437676
393736
279086436
278967035
278775889
278229124
278228896
278147249
277877321
277404749
277362402
277362274
277362260
277305481
276964624
276663317
276661541
276661314
276161871
276006275
275007487
273446054
272895428
272274983
271420422
263559387
262826115
254079909
242867098
217207421
217156073
203845742
203844260
201107317
195968412
177207799
170466500
149520309
127032654
115818569
74200644
72745509