279112959
278998906
278836816
278806511
278682217
278588691
278584867
278472215
278111433
278037718
277837864
276912264
275698417
275406592
275274546
274377708
274105022
274061137
274028831
273837297
273821235
272382658
272237223
272112943
271949700
271342473
271342401
271253938
270711671
264052208
213496997
213496988
200780132
188960732
158622062
151745272
151745266
145288031
105778970
10405966
278671477
278228764
275903949
275505072
274944852
274372526
274045643
274036276
273989125
273951321
273912597
273879048
273238956
272382818
272382806
271342315
271261096
271121508
269956598
263752570
263679907
263679693
263107135
248773524
243093211
216724638
214761300
213568355
203122788
197975160
197973481
194335876
188960734
177782268
177343422
161930959
146065913
117832420
53249478
573716
278905255
278697867
278610488
278238280
278214691
278093845
278003868
275910019
272308762
271433714
271342345
270438101
270138561
263106850
263102319
258805975
258668389
253310471
253310469
253310460
249664807
248774383
248093890
246855728
226775305
226744411
216209325
214197509
213564082
212600531
202639986
201308344
195814827
195511029
190827318
182845304
161255613
151745268
149520448
146086121
279182098
278833488
278777893
278776140
278770391
278769735
278105907
278057932
277575635
277562578
277463617
276174846
275910021
274930132
274191045
274064224
274061151
273979981
273979979
273932755
273222000
272150661
271040669
270743886
270726162
270108275
263085107
253310442
252671682
247792748
242864196
242443864
214760169
213565863
189140712
185198332
184624043
159974198
158610838