278827446
76125991
249875172
278774847
275912250
55680720
217886452
262389395
68113478
273534648
278539928
217868377
278091011
262455978
435196
53867338
275778960
275779146
202611027
277933747
186694076
248766226
276814613
278446921
278012734
68078267
273910978
275779171
160779611
278786352
217868537
272034011
217868170
192289458
248716945
576136
251393360
25091615
47801546
73315750
273374126
716056
275779167
278292174
251380135
273789333
275960837
184440506
251262559
270793514
272497312
271125599
262903698
195924814
278820425
13461081
273483849
270717670
273441112
251983617
76279849
273129256
278321322
276814610
262455988
276101362
276099854
270795001
55680716
208093935
188991721
270717767
274028560
278805572
278321302
278293886
274188234
225386157
278042625
980788
270490729
55908763
274188171
277931491
177777683
177783852
270802452
250743170
195656079
195924566
176024778
195352391
76527144
275276761
273270452
278838144
205973295
278539529
204879202
275779547
273534620
194463219
272405042
272464101
272405075
225907329
273534691
270116434
161903960
274442092
276938885