278814642
278230651
278159882
277570083
277526068
277444216
277361266
276948798
276841175
275243821
274872645
274853710
274163660
273718875
272000024
271270153
263764769
263500714
262695476
208198125
205001886
198415069
192125806
191781262
169640943
161426354
143226162
82996527
73222800
58015654
57325187
56047341
55119185
54266567
48629547
46789754
37887031
7833728
3608623
1576145
279074131
278868722
278401982
277526030
277520176
276886135
276828229
276377307
276316416
275524304
275111684
274799817
274545765
274327422
274247757
271320341
270847918
262695496
252794585
248656083
181938702
179063975
172175793
125737966
116396349
110112108
106149744
100395623
97888625
91625816
90679299
90679270
54431361
52665707
26135056
2776871
1826681
978808
971704
922385
279098648
278863024
278618765
277256424
276852808
276598478
274594254
273904837
273472449
273282788
270661946
263705530
247451183
201845342
201424625
193099629
191148968
182984039
181973518
168962622
160814596
159951457
150689283
147988185
139093773
101839984
97888632
59411896
50182104
49252204
46723657
45663006
43859629
42686983
41593625
36399664
36085772
7011259
6848781
2069337
279112556
276862188
276458515
275731589
275576882
275332778
275305937
273718877
273346784
273282792
273250378
270677461
263728000
262734523
252035414
251547952
248644120
196897412
195192082
187191459
186200856
176725684
172313412
165146053
90960326
79539095
73639048
72615305
72290296
39523267
38385470
37577206
35474275
14083858
11218443
2149527
606111
598975
582569
427631
279104179
278951335
278761021
278486482
278171033
278051325
277520183
276944789
275146354
273656715
273461302
272447079
271456419
249089685
241758779
212330087
207852947
198531898
190755673
185863050
182984035
152743069
146735966
146065916
140360876
100384419
80937014
74277049
57798817
57325189
57110087
48629551
47469931
37975723
19349145
3608627
790312
758635
575176
541346
279218685
279173982
279134493
279127750
279082797
278998644
278831324
278813649
278192012
278131404
277665590
277348568
276749946
276683003
275599134
274733482
273937991
273684252
273220458
253461502
248656087
248004640
241791153
213496992
206675364
196932306
187578028
181699596
179952622
167034122
114271468
77111816
71094783
58339448
56116641
2126451
1734377
912264
686003
612808
279112490
278906762
278632667
278238127
277836505
277466533
276661686
276559391
276130288
275067421
274758706
274392817
273333442
273282774
273134760
272268612
271141512
253237601
203883775
191781260
190155269
178299190
168962696
110447684
106208721
75700739
70637402
68942273
59258217
57890342
53900666
50773990
50322156
44225209
44017479
41549134
21949144
2149529
613215
471004
279084359
279082760
279070581
278807900
278751325
278452777
278305654
278192153
278170003
278120882
277014453
277004394
276329374
275481428
274528046
274361709
274361063
273708814
272238499
270510853
253058421
249771940
241899730
241899726
217268952
215126097
187595371
116577589
85560667
68053035
57598508
53978579
49671155
48314958
45613725
38110395
37902342
36244371
629150
567066
278907057
278037009
277980517
276901957
276634646
275346570
275149153
274553773
273845086
273220058
272391221
272369171
271531604
271429056
270851189
267340232
262469997
258406197
212351488
208739182
199970028
197142805
189472756
188535333
176752865
162399330
129138260
119225703
79608800
76601010
72622138
68049234
15726201
3643639
1727945
949683
896720
886962
613929
515871
279235274
278907071
278813648
278636710
277569483
277533754
277345338
276388838
275079825
274368815
273214595
272755229
261839438
261448870
253293499
241899655
217144230
195961287
192950996
190857129
187827439
179063960
177639263
153518787
149942445
131138719
127991076
108007662
82700697
69337848
60692102
56671369
38439064
37946841
34553360
25886954
1821963
1374385
631200
448501
279211996
279073837
278967193
278424330
277976928
276376522
275275447
274363797
274068708
273546469
272753288
272557058
272198186
272147731
270963491
270456050
270449832
263389173
249854958
220684542
195801682
192733739
190171619
179438739
127991062
127033574
73854882
73323666
71907874
54053152
46755095
45123837
43859791
35408882
34750173
9486536
986186
837604
625841
607537
279037263
278530215
278450330
278096134
277621861
277184271
275213627
274964895
274458884
267340217
262640371
215587704
204009103
199706217
197096037
187191466
177633718
177056713
166033406
150286402
143219851
127033153
102075310
91010162
90679268
77777778
77149792
74161176
59478517
55597442
48873339
21146029
11958901
2120183
1038640
985266
613021
540354
453820
430598
279274020
279082694
278967041
278896948
276497177
276495970
276104107
275406601
274391817
274195857
273658812
273406609
273351014
273083917
272558702
271312403
270228015
270064307
269958875
263336050
263263702
261978299
247998133
247433982
247302608
242821805
214186189
207754107
197652266
191258731
178831416
171580820
171580686
119284166
72926795
69644754
32075196
879440
476885
445724
279231814
279231786
279211998
279121518
278979177
278884479
278883288
278814932
278483758
278277434
277835705
277723666
276848992
276389517
276354287
275078184
274956226
274875230
274824605
274709151
274679312
272362551
272059060
271222232
270242245
263790942
252563787
249243864
229962951
201679187
194959323
187184579
179547036
157468180
140948371
78975614
55068234
22179488
14767831
481622
279248110
279196744
279022890
278916855
278813646
278616852
278170697
277416143
277401101
277019951
275902825
274727932
274374017
274118016
273661911
273298824
272852836
270912011
252026972
248688213
206784522
195299496
192674306
190558203
186434697
175444830
168962698
150269635
149974905
128711601
74418356
56878210
46332488
38948989
9608888
719162
483936
481913
473725
394935
279269072
278616638
278216660
277927402
277778430
274713590
274105040
273963227
273409267
273059032
272239114
272041065
271732460
271495376
249823275
248677905
229963025
205894098
204027443
201567923
198208142
195634995
187595366
186880522
184740964
181567241
178937342
163580376
160694036
150288548
77982972
74415872
70851271
57791775
42847330
20555383
10308658
596115
417876
339792
279259671
278722592
278616684
278226700
277358897
274773705
273908939
273887598
272126080
270712236
249695770
242812753
225209899
220682521
215486399
215399641
214294533
208437168
195192146
189429223
188541651
170490705
167019752
147569966
137569861
124558743
115254237
102108345
77561067
77281289
77223259
45663003
35829802
4779501
1006207
971732
885456
582423
576378
486636
279286677
279127813
279083893
278966884
278761605
278229080
278069039
276450429
276286626
275604195
274096555
273911280
273607573
273465149
272496266
271798432
263062381
263020076
261800051
253468097
209603393
201845396
197230166
193439382
192374233
172175791
167433882
166033485
98162278
77982978
49506137
48882452
48152209
42843287
37812265
32975740
22172570
1527513
637484
373859
279144522
278618374
278616578
277922541
277723669
277386628
277253575
275284776
274423671
273887296
273886220
273684247
273498036
273244065
272919324
272123404
271495364
263085101
247897969
242075265
209274808
206482301
196726736
195634997
168962694
165038796
154223871
150287002
147999778
141242497
115801991
84327526
73259729
68456833
54749787
39106117
38436488
686619
639218
550473
279230617
278760953
278445002
278036758
277548560
277533762
276842793
276807893
276242037
276209791
275809690
274360656
273878258
273866475
273425462
273328969
272048035
270704069
243087783
205857433
202487861
201045775
192688946
190537767
187622423
187595369
180396328
179556254
174014674
127032970
116135582
107401971
73828259
46755093
42829039
36744082
12647219
897164
562047
555359
279247122
278761047
278216895
278156619
278054972
277562666
277540163
276639683
276522350
276489576
275695218
275359232
273544965
273356447
273285548
270660432
263338327
261943137
250074027
249878118
230237278
206675355
206488680
195951963
193707050
189642775
188990309
181113299
179064446
178458029
165038798
137129431
87383281
84331600
73125814
54044965
52069289
37170245
14308445
490420
279295566
279244981
279012931
278214292
276823564
276598520
274911021
274709305
274020063
273597753
272871602
271411400
262812798
252858867
251942854
247402449
242075233
230237179
221235591
213691641
205294139
204027447
198285194
195256598
179210753
178460985
146274248
146224977
145300489
144486696
133049501
102891069
90679259
48873343
40981434
33343235
30807702
23358141
14446873
925909
279269156
279258890
278115016
278069111
277589351
276702974
275678999
275030628
274875197
274579146
274118044
273122436
271312790
262030767
251767379
249771924
242091563
221223542
217829385
214611375
209387709
202604384
201477617
196514426
189463230
187191461
116124461
59500038
58395397
58023085
32351756
29810062
25401561
24155174
12622541
3003447
899437
438950
427865
402651
278966872
278617044
278518481
278438719
278428364
277976474
277944449
277520071
277484468
276334090
275348595
275132296
274118310
273465732
273381030
273282776
271976096
271319865
263117527
262637351
252714170
248587347
203995755
203864182
200651837
192452459
191410853
190695339
181808913
148071875
94904250
92094393
90374730
87108759
79770385
72621963
55302743
38436482
32438269
21146033
279023841
278967233
278919701
278895475
278761130
278458283
277589385
277579007
277350113
276941402
276526916
274934271
274550395
274497079
274457927
274313833
274028592
273887485
273678619
273363320
248985962
242662776
225914084
201110815
181809098
160754695
131139980
120183492
113932805
105378735
72723083
64331145
55070245
54341053
53020545
48151583
37401408
23576200
418607
397028
279181779
279112518
278729528
277974093
277444984
277382332
276161522
275918251
274709102
274669781
273980117
273905749
273609468
273596309
273221283
272584126
270147268
269024811
248740025
247594368
242693647
221018108
207754090
203999115
197899753
192031907
191778444
182971714
177286652
172328140
138323987
138318320
108327034
87591660
79555996
73795009
59378022
8951241
1539209
483943
279189696
278979234
278735026
278618711
277837121
277373959
274908197
274852790
274821703
273285586
273260681
273084427
272240965
272238699
271887213
271520993
271137236
263271567
262812636
252040694
246773318
242206222
217341662
215405596
215364118
208779580
205809650
202450756
198734336
197951993
193043914
182981105
180225195
176777504
176153140
130468190
37961800
36746659
645347
531460
279112634
278192548
277775980
276067022
275108081
274064819
273905743
273401493
273367388
273227983
271302827
270663620
269957198
255175421
254139176
253147175
250077234
249590407
229963552
215763686
215486340
215383834
214931330
189035245
187182887
181783060
178561915
177208723
70722369
67053014
43950705
32653094
14080603
1392957
691578
686462
631925
629219
419144
352638
278000262
277980564
277927085
277835694
277717212
277369965
277184279
276859410
276826600
274882094
274028806
273823258
273654353
273582396
270963972
215779075
213296644
208906642
208608167
173832643
152705176
147324137
130546397
95226207
92710540
74502686
69696296
57771208
54741395
53261254
43950749
42846138
41142731
691565
650548
634270
577319
541196
367652
339650
279017066
278967051
278616878
277987983
276348640
276346082
275705873
275384587
275324476
275303425
273887336
273655451
272645609
263644505
253094689
212475221
209905725
171155636
152798014
137978629
137452821
130469427
130454382
118941324
106362433
106362102
74992393
58362101
54896834
54853351
48622426
40981408
39820466
30807700
26608119
22367394
21442338
20673427
612327
478640
279246191
279192829
278967119
274561688
273668112
273667759
273623130
273479928
273465975
273464369
273384850
273327349
273317787
263097584
253310637
252064180
247402341
247260406
242075174
229963411
197604741
192561061
188535634
186692427
178560010
178462916
173740154
163579631
153521896
114945009
101296961
55636422
54567402
43369469
39019073
22400997
13624084
7533287
4780065
440264
277740432
277570069
276598935
273719505
273686029
273545719
273545349
273297830
273236806
273231836
272639187
272614264
271616892
271585551
270988457
262821046
262570393
262053140
247939664
229962857
217331923
214828458
203759947
200010675
199263247
199101286
198205211
196372535
195797305
181938684
181904591
181210190
176748026
165679112
120183725
114895508
110916527
109867728
108401718
37968907
279132374
278760196
278246027
278195261
278110284
278089331
277174818
276124914
275057103
274704049
274616828
273372306
271950460
270110385
263348020
263294378
261821537
253560074
249243862
242620578
205885128
203844015
195961282
191136674
187191468
176760977
163021098
158868234
138379213
100395621
90185090
73327127
32656576
16256506
3750475
652478
638658
559913
500655
451473
279112326
278993536
278906794
278860605
278760564
278714992
278457354
277551170
277445784
275859364
275612040
275514644
275320881
275069645
273718171
273694956
273623876
273536991
273312562
273059784
271978579
271798429
271726879
262886906
260816995
249693724
213674824
213296726
210134549
209430575
159444479
128711546
87940185
87582849
58364617
45123845
1525329
541170
480168
406390
278737863
278295180
278226694
277384720
276724186
274473762
273887451
273887332
273684096
273654135
273547335
272402970
263643688
261961756
260816993
251514797
249400305
215383324
213165089
208648896
205884475
204941423
190608552
181679913
179072614
159004234
137572748
137279348
93249305
57771404
57486535
54895067
35572229
21146760
10383920
967496
462378
416919
367636
360136
278244232
278089702
277505099
276753595
275338041
273978134
273663255
273556847
273546820
273285565
270709028
270129968
262812793
262082655
249389207
247684715
246773328
242816010
235411538
226928465
216462290
215379317
214831202
213978236
205894094
200032449
184101422
179142586
179075968
177659977
118693690
113825098
84331694
84325501
56671559
53988252
36092657
8197661
4780293
548760
278891448
278830709
278760700
278697605
278052449
276933247
276644780
275492752
275090658
275018199
274840303
274713592
274198858
273710657
273678537
273551337
273399322
273383078
271126619
270883005
262915874
242504802
209380992
195189700
181938688
153260958
148866371
140220406
137582602
136599933
90413499
80935602
76778873
66761938
53259393
42846372
20276091
575842
381238
346111
278967413
278967087
278848333
278617280
277980033
277976442
276127621
275552473
275285973
275185958
275069389
273928774
273486383
273098633
272852827
270830661
262812183
261799746
253239692
252784108
248989673
212567418
204309111
201976419
195192121
171580688
168900803
146988857
116025124
77777118
77561027
76738012
74488125
73638545
56269032
56013362
52695988
12250880
4692655
1940501
279196702
279136312
279012840
278894871
278761171
278238133
278064103
276314372
275275986
275078455
274594285
274172424
273887386
273624390
273120385
270830506
267342524
263394465
262859726
262812179
261961715
261947116
248989628
245787189
196959143
186391676
184790643
181119157
170298027
106362223
79697456
56407171
56257958
26213533
21392199
2380363
545969
542645
500430
478365
276067018
275360155
274916954
274832821
274762574
274557633
274549899
273351909
272852847
261800525
247704711
242755366
242075202
225209892
225209865
215738348
215733826
215733824
215727612
215727145
213873063
213557182
200628347
200521213
197230168
191390319
189413717
188658250
188576536
177117690
176761666
172475747
153364716
152556213
123893174
120504201
108562978
74410447
41886722
37169830
278104124
276345092
275760078
274912709
274108915
272646180
272431273
262656093
262385996
262385937
262345411
251942836
248469238
248010993
247240194
243057373
242101812
230296503
230296472
214933101
214929090
214828480
198350041
196411283
195655803
194199342
193433286
192168332
189463436
189179271
186256511
137114615
128711558
113527404
92010868
77910687
76527930
41556675
37927322
25146109
278070405
275129120
273880469
273682202
273545901
273243329
272410696
272026316
272022901
271136249
270714218
269007286
263244110
261832797
257758720
253721483
253147034
248977619
248792319
242443782
215739343
211958659
209400370
202804854
202475576
200672503
200557882
197576198
192377324
187618760
185405714
181184390
180227983
177270026
176156165
127692519
88911840
63475306
40615822
12427915
279259465
279128119
278671980
278618757
278618719
277987921
277521312
277253517
276905627
276273804
276147594
275336299
273887306
273823422
273823382
273719520
273703590
272237929
270750193
269896405
264153005
263083519
263060080
262821163
251968768
247879160
215221544
210735255
205852158
187610218
187396498
187216841
177335030
177322300
148714444
130841631
119691009
68676435
41070911
37941477
279288066
276356476
275823804
275576462
275091133
274943197
274887973
274802853
273932759
272238247
270704695
262785224
261967277
249878113
247940331
242101849
242075306
219146717
215383806
212213015
206376498
203434254
200561474
197889835
195505385
174808403
173844254
163567972
163405206
162772213
159974095
137536959
123894597
119396388
77858281
59206416
34922103
22299340
19349151
7387829
277880644
277531467
276828558
276489020
276129812
275951766
275091096
274790658
274761894
274724625
274372473
273707111
273648237
273641187
273555015
272555917
272364463
270707906
270227920
257763373
242075193
222660418
214163115
212351422
202475520
198734428
194127596
193512256
192845103
187746429
183343556
179983720
174823101
138183509
130639167
123927593
81133416
77878608
69542581
68562499
279193892
279097347
279091061
276838282
275350235
275324194
275137716
274316826
274140999
274117988
274117926
273935346
273530613
272415425
272303573
272255960
272123818
272042874
270185346
263694345
262053134
253310641
252780941
247862416
247840805
247302579
242694454
242075197
225937185
224232086
219156908
215646590
207566574
206362827
205810137
204083664
201385203
177092936
160779604
110198836
275128354
273716761
273453082
272267536
272263739
272263343
270707982
270677153
270186960
263097979
263078457
262656121
262058306
254117513
253327631
253148162
252042977
251936897
248994347
248131349
248009125
246773322
230017231
221018112
221018110
215769565
215730432
215727423
214831198
209400377
203735347
178941185
178935342
176013997
139490683
114945815
113528587
68075943
67182087
57705051
276395922
275888398
274722267
274418197
273676301
273666841
273560473
270714638
270696941
270475491
267261251
263097986
263062017
262833370
255175413
253239728
253147136
252341210
249085101
248986431
248131345
247948776
247656003
246773326
230348652
229799849
225250988
225209916
215739396
215738350
215737431
215727783
215727120
215390152
189689042
184287356
120183528
110916516
102074876
74994667
274185020
274185018
273667828
273658260
273643245
273476924
273455017
273444620
273443003
273381214
270663744
263061869
252871774
252401834
249151255
248610854
242101731
229967395
229963329
229963154
229963071
229803973
216868981
212465519
208200892
201569550
201569302
193915756
188768440
187183547
167614924
166644382
154365492
154312397
154293001
135346847
125007426
115756251
100382967
67182057
277968615
275180446
274947864
274363349
273545040
273544928
273511865
262734519
252760978
252386504
249130074
249129892
247944157
247942362
247941765
247938435
247822033
242719748
213706964
213705287
201004707
200984546
193701768
193690503
191800242
191356418
190880253
187622870
181107882
181107814
180868225
180592298
175445407
174509105
107465764
68075947
55208260
50496493
41886868
34751978