279259505
279257005
279229417
279166492
278972919
278837736
278813662
278781472
278732862
278118313
278098083
278055541
278004511
277413581
277386792
276488138
276436427
274466334
273915935
257845098
252714162
241984071
214493674
207968695
207005202
205808261
201877500
187338036
169490167
168293266
126474205
77339644
75953557
75636226
72917578
71149569
56207383
31568245
11122712
3608625
279260131
279226806
279131182
278831517
278769760
278729332
278726240
278712721
278672006
278649951
278069737
277390093
277379393
277045716
276263714
276139257
275966180
275506572
275336934
275155623
274363795
274363154
274099558
273219199
272856706
272405387
254139184
213728190
193151000
192692368
188548615
162361397
127591197
126853168
103793574
72001057
46259908
38265901
4219547
921258
278769758
278731667
278491954
278487733
278466315
278110226
278037601
277165601
276614307
276553314
276471337
276310811
276167289
275598409
275588573
275452495
274540861
274365034
274101290
273928591
273690138
271496324
270988405
270253350
263990087
262085390
254093334
242120456
230062341
208432635
206474611
196141912
135968335
135266754
127692234
77774563
39228816
25001608
1228399
533036
279293267
279212536
279134572
279131703
278732673
278724400
278580181
278007584
277657232
277462198
277406975
276640234
276354280
276271812
275506635
274471130
273548121
261965433
257759821
253090625
252583326
230082491
208648786
208219207
201439728
193146978
190743209
188833577
180390904
178940869
174398307
118582479
107803858
104654942
94071401
73753320
50242676
45663835
20286543
860508
279072971
278776134
278730285
278604892
278072920
277947562
276611037
276531456
276281514
274429404
274314579
273968593
273577757
273061941
271626554
271455009
262725406
258805941
254093558
253621222
253335793
253239834
230080996
225386615
218753130
212474028
209177096
205707630
197900252
197337661
188833581
187872683
173673934
135270110
92010765
78625267
67241457
63453626
58220389
57813168
279175775
279127567
279059904
278847693
278729905
278722978
278495104
278462860
278111487
278051773
277613363
276334059
274843779
274782788
273915632
273221070
273099199
252795421
249025823
242500248
211948445
209870746
209612319
204055772
198780760
197920249
193455481
192950933
190214627
188835514
187871424
177280228
160581705
154189814
129138552
118582491
68577449
15445963
5563321
533058
279176710
279127225
279120339
278618317
278065433
277616237
277373611
277304509
277013415
276959441
275988321
274584140
273924051
273828863
273818559
273687216
273672439
273577887
272639504
272321335
258668331
255349680
253263708
247857744
242658983
211255709
208644241
208618003
208231726
206473902
200970205
190155344
188833624
178566805
168283405
160814423
55503497
720128
531592
518835
279150183
279121310
279112614
279097448
279054497
279054342
278722991
278618343
278568017
278099014
277613359
277275625
276493566
275965664
274444780
273431395
271046404
270965238
258571145
255349776
254113562
243293368
242766327
208435771
208137649
205696535
199638703
197857892
197669151
189280018
186590639
183232609
172362442
127692575
127591564
111193347
108216023
95039266
46465129
33420492
279175491
278606337
278578008
278130601
278038695
277976430
277486080
277013028
276495666
276309568
275073882
275019535
274957804
274917012
273968932
273828403
272129442
271307141
271000912
259514704
259512807
251534173
248592422
247662273
225961371
216399449
214200394
213992520
210881263
209411457
208196178
206086521
202064663
202019459
201842894
195873646
182459004
172474804
128711603
65026264
279226294
279120354
278722985
278095627
277353169
276750648
276380943
276355084
276309566
276290847
275918842
275822410
275293785
274506052
274409757
273924049
273911642
263592673
255612305
252165785
215122682
212310557
210145780
210137038
210137036
209881150
208915544
208137684
201932519
201423183
196044258
191571903
188833244
181926128
58298706
32832104
19853376
13107878
2063605
1892763
279175771
279175363
277924166
277462167
277014545
276490740
276307841
275822430
273304222
273156661
262053161
258668547
258571122
255612270
255349682
253631633
253412119
252784124
240068671
213710099
210968825
210137040
209411726
209177771
208412841
208317487
201391710
188689935
181782985
174182691
145500758
138149350
129138309
81081956
73192491
68494430
68077650
1738459
978894
353329
279290988
279059224
278752345
276706257
276361676
275174123
274912950
274869798
274799600
274454575
274168332
274138315
274136391
273672445
273445844
273326247
262043711
262043706
257759630
255425575
254089242
249847121
248643219
244308963
244301708
212567577
209320511
209177687
208906946
208600941
208560725
208224692
208220127
208168958
208064263
199679524
192815051
117315644
105792905
96991576
279293982
276938807
274681618
274559435
258571252
257763206
257759934
257759741
257759570
255612082
255410152
255410112
254113852
254113839
254093575
254093430
254093047
254086672
254086650
254086507
254086174
254080629
254080493
254078396
253721358
253666024
253237342
252854190
252784110
214186212
213164828
207563049
204765321
201877233
201856141
189177076
184414000
183907618
54405034
12202506
276353635
275031090
274403394
273828222
271479298
270712515
264049700
262664426
262045659
262045641
262030474
259512796
253253476
252795385
249950206
219155492
217123567
215561720
211008093
210955789
210878238
209869088
209318306
209318081
208600943
208437280
208432460
208230378
208170226
208137090
208067234
202154302
202152596
201842810
201798670
201629565
201567929
200037757
175167402
34748810
273419600
273129258
270297897
262656161
262030476
259513005
258805971
258666987
254093043
253349705
249664431
248767602
247405898
247301108
247277939
225961357
214582170
210968761
210884500
210274825
210249139
209890925
209875242
209870728
209273865
209273084
208917709
208650086
208587401
208566321
208433179
208432429
208410691
208286599
208168515
208064357
202065368
174509034
113117374
105258487
279294324
279116613
279081272
278844459
278692948
278228697
278103522
277480219
275874031
275210540
275186934
275073426
274098369
274033173
273897554
273690576
273296351
272583721
272415287
272055371
270963483
249599087
248524247
247301753
228990828
209900856
209387036
203840811
196055036
180002478
175647553
172474752
168964840
166417544
148732932
108130808
68360463
68169402
56267172
341526
279300020
279193456
278038703
277373459
276900231
276687541
276237729
275906259
275699489
274059837
273947298
273921684
272836155
272557415
271781630
271125733
260813097
259512759
258823425
253412123
252134163
252131463
209867827
209609877
208437395
208314792
201892261
201892174
192859074
192733539
188832916
179141557
173616948
140221901
140221855
96691839
95996133
53944460
36359773
20286473
277873884
262030478
258848135
258668401
247277924
214735948
214582283
210137954
209905013
209870750
209614212
209418719
209273963
208780705
208617990
208615801
208474521
208430046
208429717
208299870
208285318
208200997
208196167
208170229
208137742
208065947
208064391
202217561
201932849
201877180
201842928
201842808
201629458
201568746
201476202
201475810
196516039
187843361
183678873
124892979
279272443
278885373
278704166
278133317
278115559
277253634
274559355
274007517
273924002
273921560
273380950
273258613
272597225
271077104
263456603
258666985
253411496
253349703
253349701
253211390
252795401
247300597
242618227
214200398
210886560
209614228
209417225
208615825
208596398
208410574
207753229
207596530
195864464
195864355
184240479
179799414
166057456
129138417
37169783
11376560
279150087
279120352
278957204
278659348
278516155
278049242
277487331
275276571
274881807
274468042
273644048
272919447
272619697
272611198
271981825
270793013
262043714
258820438
253555919
248247554
217125690
214200300
210513552
210274868
210138355
208597486
208591499
208537359
208169008
202447815
201802211
201073663
195863897
192951014
179135662
175163665
140582260
137971784
118899990
66649854
273708312
271379390
271064694
258668562
258552419
257767914
257766864
257759809
257759658
257759544
257759538
255612296
255612259
255612240
255605423
255427276
255349684
254086205
254086192
254085715
254080631
254077884
253721348
253300545
253265682
252854315
244309537
243223434
243091125
225220538
212474242
208186353
204871646
201891882
201853349
201613978
198365899
198365377
182465317
149779825
279294004
279280394
278737315
278729326
278712733
278598538
278125866
278022566
277995361
277425468
276393934
276250940
275923656
275005798
274091361
273932666
273419489
273410566
272830071
263394087
263277664
260922728
255605659
254093230
253627603
253234233
249934842
247655152
242766826
209911914
209418691
208587274
208219921
208197157
204059222
175647530
173891031
170466602
127032622
95125988
279290990
279290986
279273375
278722987
276408563
276386239
275062273
274773561
274647627
273676889
273310333
272282918
271439001
271428982
262045652
262030480
258805935
253468232
252795428
252795393
252066142
211948579
210878236
209333076
208437401
208437188
208220074
208168971
208137102
204941501
201842920
201630497
201621968
201613837
201568538
197164259
171787033
109369389
71046905
1892769
278752266
277165653
276598488
275092591
273311070
262843817
262053183
262045654
258668405
254093160
253239903
249114613
247277967
247277926
243093160
214200356
211948489
211255657
209613560
209608726
209608717
209303675
208615791
208587421
208560862
208474550
208196825
208168951
208137122
208063031
207753172
202233372
201090467
197595445
197595443
193605209
192858712
190537938
189494357
125886332
279249471
279150179
278860296
278562074
278103537
276607973
275073150
274826447
274794222
274317008
273888720
273888698
272389936
272358847
271072520
262043704
259515001
259513834
259513808
259512778
258820803
258646649
249693755
248980943
247446361
215544550
208174270
208170546
206561231
201569381
201420032
201346300
199752138
199678915
195801710
193523719
185440590
177907797
173691345
120183750
279287796
278894458
278606289
275270152
274559308
273570034
273569252
273381263
261803950
259513805
257759564
255628153
255627431
255430555
255376573
255347596
254093679
254093516
254089680
254086326
253720766
253713172
253635584
253630698
253628705
253621875
253305252
253273110
251547351
251402461
248422510
243300009
211948415
211255718
208065980
206378481
204771237
197647795
174308798
98924363
279293527
278791735
278770493
278732856
278497289
278071326
277973039
277511506
276527785
276165890
275622480
274777129
274559007
274549946
273900590
269946675
263440003
253665941
253621936
253411551
252795397
244301018
214818731
214200413
209320502
208446520
208223992
202626665
202238975
198223837
192949047
190632330
189176873
186591135
182851032
178521228
118886333
37900162
3152303
2428429
279233365
278768826
278722794
274075850
272135639
271152575
253412899
199196854