278891264
278876600
278521651
278149053
277461071
277275373
276558186
276557994
276509196
275600536
263989680
263647826
216407064
203843908
202510986
190502390
101262263
94260674
94260565
92905655
80366137
80366122
77702366
70490934
58992212
58711366
55285102
55284984
46781720
25679183
25203389
25201694
23439017
23437828
23437685
23437658
22881852
22878299
22878271
325339
279017565
278856156
278719780
278707529
278523329
278521122
278503818
278503679
278503157
278503061
278500199
278499207
278499124
278498974
278497860
278491559
277565235
277540658
277363021
277275698
276558244
276509297
273305235
271101716
263764037
263648427
263645745
263202930
201424541
193924739
185863510
155906498
111108913
70567504
70409985
68371152
58705898
50392696
50179596
29356854
279247018
279244486
278521828
278508357
278503294
278503112
278499689
278499088
278498176
278497727
278495913
278495172
278493772
277878814
276684777
276558228
276558121
276557980
276257240
271102169
270474697
270174492
263764212
175445501
115695074
81507270
73879545
70598453
68134044
56348266
56348136
56347548
53806168
50434026
50433442
46779711
31516177
20580066
20577829
366706
278503727
278497766
277995899
276684740
276558240
276558224
276557978
274992079
274676134
273317211
271102033
270474711
263989625
262758506
190863779
190732174
155884575
91833115
81939899
81939207
78553666
73880236
73879281
70502031
70440886
70173377
68390882
68379316
56348569
56348502
56348414
56347328
56346944
51936072
50435238
50434965
50180605
49481341
46776296
23437797
278727721
277460995
277274784
274673172
270759736
270138392
262758660
142442503
92436570
91010237
82388732
74451763
73880097
68369419
56348561
29355741