278860973
278730291
278321320
278146981
278011856
277504932
277489880
277483754
277457115
276348542
275706112
275587717
275245076
274889709
274831831
274784555
273586959
273380468
273129288
272421941
263208692
250335998
247930794
225386271
225204154
222679025
218023924
217937829
217890006
205966591
200848583
194140174
191039882
165705081
141990624
110286103
108881804
74528925
59239931
54747232
278890417
277574290
274150650
273725666
272421897
271270229
252002561
249873767
225249499
225204989
208070606
206145386