278816223
278749491
278749479
278729130
278612156
278611999
278160776
278037720
277600194
277374121
276633842
276633432
275548158
275300064
274360126
271075574
270507701
262590381
243006533
243006527
235735496
225957718
214493621
205694555
197085807
196483852
174605332
154160976
137129323
84992108
72742666
72742664
62633904
49066793
20909683
3283767
2884141
2027779
714164
656352
278123261
276488224
273676105
273624362
272110348
271025307
270823898
269959241
262550640
249865655
248773392
215051930
208273303
207909646
206488710
206331034
205694547
203213523
182309499
178031725
177703754
176897144
176533159
175950835
174605343
163172708
137941626
137432593
118139117
114945683
91534916
64979330
62633900
47504732
16525259
3232077
714012
708134
696186
650427
278519207
277690861
277689886
274107803
274052988
274046948
273420734
272382619
271585719
271479308
253321451
253321449
249861728
240639418
212323832
207658007
206595239
206482098
206331030
199179212
194368595
180848497
180320203
179233960
177056792
172916170
164437620
154224185
127031938
117926915
114945345
101498024
47504728
42594232
25423464
3257835
3232081
1080530
714023
696181
278742866
277374766
277374143
275611835
271585725
271516182
271479320
270703662
270161317
263704839
259481644
253700606
253284498
248203989
247944753
213997935
209388256
203845673
203844813
199975795
186752148
174605353
164441887
137439946
137425187
112071598
23794632
5914503
3284615
696185