278677281
278636826
278514962
278431333
278378620
278378616
278378602
278378595
278377155
278245686
278194107
276456360
276369656
276369573
276268067
273699701
273250734
271973140
267342783
247741487
247741476
209165797
204765428
103823667
88000558
77112147
77112145
77112144
69322440
68250946
56513009
53443901
27399701
9687407
5502701
4327477
2909543
1085402
561983
541826
278929231
278856941
278836629
278378626
278378624
278377166
278377164
278377162
278377152
278245997
278000796
276456413
276456404
274116335
273670974
273670972
273466944
273461280
273384705
272728314
272305843
270744471
249205032
247741472
247238826
242693606
242430087
213886812
212324092
207641821
189199903
168303290
116167264
85560907
47184478
43399128
33387216
32586787
19617328
1535205
24165755
16447271