279106120
278242757
278035469
277834565
277816000
277717639
277717626
277715719
277361861
276652110
275948804
275782189
275189904
275189901
275189899
275189396
275155624
273745971
273708851
273134999
272349567
272349547
271270199
271270156
262915960
254078215
217718989
213911376
200727246
180396223
157835256
73120237
35191892
15592539
15225145
13362311
5852521
5404407
3738983
335337
279054495
278763847
278580397
278377546
278242759
278156903
278089323
278089311
278012077
277717637
276812013
276652114
275336260
275275079
275140708
274801865
274724166
273245046
273199900
272349557
272058775
271983730
271220556
253410301
252640111
247945510
214598578
209904880
208917653
202529640
195291936
190608334
167613536
158745336
127222365
127033076
92551313
73437397
54790183
5404405
279151820
279105169
278790185
278679512
278448962
278431120
278292330
278089325
277814963
276652869
276360722
276108722
275625153
273713563
273464240
273326859
271410589
271270192
270147320
246774468
222716507
221226529
215543317
209906001
209902784
208906587
200726628
195542774
192376838
181978822
179439771
167614086
158582652
137941407
127801974
52673173
50435641
33370613
22047224
316417
279063308
277712994
277504355
274358470
273709938
273524637
273411044
272392778
272242274
270771520
270481506
263455327
263120810
261834625
258628320
257767902
257763257
247405832
214598579
213936241
209610126
208643727
208643535
203840878
201426596
196338149
195542683
188659510
159437611
136978479
113117525
109298447
92010567
77230827
34380884
22373014
871690
344709
343404
342009
278628026
278524936
278127252
276586987
275122388
274056556
273725380
273725374
273708847
273690852
273216896
273203134
271319561
270789080
270116180
262972394
262897380
262891785
261957784
254089691
252165773
242101899
242075273
230038112
217535561
211924853
209905990
209904993
202064720
201842923
201630850
201623953
200725294
196137550
193669207
178937379
177883574
159390845
143970103
77230809
273823576
273713571
272426273
270992931
270183278
270123474
270120727
262469762
261973365
261972260
261957053
259512799
258752508
253238316
252341208
246774466
241814627
230201298
220923958
215725832
209867973
209867781
209349776
202525981
200727048
200004794
196853836
196338169
196021400
191808196
188919822
163033743
160691617
159015450
153037313
92010717
77231067
34380540
34362350
599787
278024802
277277725
274794227
274354605
274185333
273244059
271959601
270773553
270636349
259513807
257859339
255632941
255612275
255389203
253627692
253095749
244760521
222726502
217535547
207970964
207732705
207281426
205723011
203242201
203222880
196021397
193911063
181783147
179396918
174293685
167615452
167614080
167613963
166418124
163831342
160553611
123447227
120183336
92551399
39142259
274005394
273712828
273682243
273636826
272864219
272448469
272448466
271455792
270131208
270129201
269992989
263956902
260805929
258820464
258752530
257763261
255612247
255605711
255605491
255349554
255317226
254093491
254093257
254078230
252867774
230039172
230012605
221226545
213680898
208917326
207971022
206360718
200726825
200725335
178779481
160691623
160591641
103348157
426734
349582
279296434
278012078
275579582
274047804
273990934
273643738
273643509
273044504
272856687
271410583
270126575
263627617
262748269
261814024
260107993
258806005
253238320
252289966
248422314
247878411
208917743
208906549
205744369
203084254
202242110
202217689
190739550
188574658
181500814
177980046
171292223
158710696
132302665
113709906
109298262
109283072
109283070
92010804
35579040
26662416
279241191
275099359
274024838
273931579
273773765
273718088
273199685
272310395
271248875
270142472
262463628
261944124
258552409
252911711
252341206
249288565
247875446
247862414
246774462
242227400
230012684
213936185
209905852
209902405
209610785
208917572
208739271
208739235
208559440
207971106
201856071
198930243
196021385
176816388
167614753
167613605
164433304
124893056
114944822
32580328
274185282
274041442
273825934
273818227
273399457
273372444
273331372
272155459
270256808
260812483
258805909
251885306
249007374
216288851
214933088
207281384
201569003
193417746
191807992
191217263
181783092
178458208
174491337
167615630
167615491
167615232
167615185
167615148
167614017
167613937
167610890
158595638
137751883
129528965
113759281
101931394
92551632
92551269
66894181
33158295
273786624
273364051
273218870
273058939
272477357
272411115
272239604
272165178
272113682
270478154
270470971
270141689
263564709
263098202
262068243
257763305
255349780
254093438
254093267
254093041
254093032
254087513
254085811
254080332
254079032
254078662
253662185
252767457
252671742
252671712
252385608
247405759
230251773
209904980
203084493
201856086
201391388
194958478
192020807
77231064
278890151
278865572
278216424
277771491
275592881
274095195
274056297
274033167
273462077
273459162
273347416
273331063
273326848
273119737
271958515
270922920
270145059
263439899
262570328
255605422
247878597
208686230
205807445
200973162
200726832
190608602
190608364
185448348
170384667
167615026
167614094
167613516
147220982
58932533
56757449
54782791
54754717
49226546
20420214
2120373
279296537
279296530
279296432
278775422
278639250
278121805
278089315
273746658
273641777
273641755
272860184
272359386
272039629
270715764
270125187
262897382
262052914
261972272
259483256
255612005
252401650
252289180
251235265
247408018
242075345
219161612
215796577
215557273
214000921
213164808
209901320
209349571
207971036
205807460
205289153
203084432
201569211
201423220
200013601
167615222
276238241
274078188
274078185
273786622
273714162
273444580
273395981
271959807
271320490
270214272
262570490
261957095
247799379
222215446
214195651
209902436
209610717
209610662
209280367
207567371
203294415
202258922
201930393
196021413
193668022
192459242
191808028
190608446
190608376
188496828
179058006
167615437
167613850
167613814
167613607
167613453
159384894
141243412
129138560
116938154
277911274
276079673
273886169
273713555
273583717
273216569
272360313
272209532
272148822
271455926
271344200
270164467
263273984
262526502
258673246
258668375
257765854
255612281
255427283
254086487
254079018
253630786
252766881
252561202
243089664
230251584
220662861
207762450
202878665
201475379
197596336
191268669
182848918
181783133
167613913
166340913
140580879
137941689
130063296
66663664
278114462
277563390
277515573
277515531
276522626
276021146
273932786
273912576
273773775
273259170
272980066
272411949
272124496
270769981
270144971
270141789
263976114
263303864
257767667
257763346
255605462
255299828
252867931
215638099
213489114
209349393
200032358
190619605
185410055
167613971
130440907
113672423
109283059
58268220
20532327
15159685
11856440
1746359
548904
427487
279296428
279296422
278961820
278130417
277715717
275038680
273501656
273216938
249775251
209899946