279277259
279222039
279215289
279191057
279106087
279005233
278894450
278890179
278880909
278862220
278800709
278687910
277808971
276777219
276302714
275945034
275087003
274649745
274546151
274238676
273552487
273454482
272111568
271495367
252857451
249157126
207256575
204078065
203231461
202007364
201936415
192909299
132366463
132366458
79110444
73787185
833434
777491
572427
560245
279226352
279149539
279112741
279029624
278945891
278817804
278802196
278665019
278621079
278382707
278252012
277920187
277587910
277587807
275406247
273476681
271394414
271394412
270656838
253357802
253103843
219161866
214493613
207891149
201936438
201936428
193988316
125528587
87823921
87443841
77721043
77105705
63448526
52749308
1029179
653873
637333
585278
572983
555502
279248130
279112810
278964062
278868150
278806416
278576652
278399021
278005902
277815084
277318430
277315964
276959920
276829547
276398608
276286317
275263857
274831739
274797526
274612420
273978192
273417513
271734594
270662682
269982404
249854956
208121657
208103356
204661038
190755666
129355968
94598138
73687713
62373313
56307244
53486725
9859632
636334
490961
440757
404270
279188063
279112966
279059198
279040653
278952603
278949011
278862212
278843823
278749495
277411564
276894511
276894468
276829543
276683113
276398816
275972360
274612419
274546139
274546137
273596529
272967439
272856931
270984524
270983674
263559020
249160358
245769552
201944130
194810669
184243089
144068796
141002533
116402844
78632968
77109217
777209
602692
598763
585277
572985
279074693
279012039
278944821
278805816
278456960
278456220
278194286
278074433
277815082
277318342
277045435
276829554
276564978
276449163
276302842
276139929
275782222
275550100
275237438
275190226
274988985
274825387
274825380
274546147
274546133
274456082
268504615
206784509
202895291
198591156
158307840
139296699
77230657
51262941
7922982
970455
887779
597194
573663
555540
279202458
279200557
279175243
279106453
279024589
278893901
278865115
278862337
278824175
278737606
278639200
278483549
278456237
278382913
278073989
278051962
277175092
276649644
276435145
275158808
274662629
274546145
271394393
269979934
263085219
262806663
262725402
252858860
252035448
208289515
169490151
139296702
98740795
89793156
77230659
45301610
656550
636329
491331
469101
279189775
279124740
279114017
279113770
279066363
278979899
278952319
278872215
278872167
278872152
278373358
278295060
278156960
278103486
277866658
277815099
277489883
277407014
276616228
276593953
274022820
273555263
273552483
262972627
262525575
253409742
253402961
252858864
251345289
191058455
187445838
185443169
159385675
94803796
76393258
56819709
816784
555486
491484
480226
279230397
279214573
279153729
279136679
279120401
279062756
279016727
278985639
278890171
278829652
278737874
278073807
277315954
276921800
276831091
276398670
276398643
275853521
274546134
273689193
273641107
273322899
272856949
272421625
272111561
270984982
270768966
222679649
174263279
136539753
74488129
54393807
54356103
25729300
3037365
2100377
782295
602533
570810
491479
279250398
279167458
278820089
278687954
278643544
278641815
277503174
277489316
277406979
277327212
276756741
276593917
275038884
274102501
271394403
270977373
270465354
255611970
251470277
249157118
247298277
207782093
198295853
196423948
187579654
176733604
150939651
115818210
99862768
88917386
87236131
73175842
59553864
54046994
45270071
4115799
653954
493451
440762
343538
279170646
279118985
279112865
279090355
278965318
278944831
278881059
278873146
278849696
278766629
278703367
278703287
278450451
278111779
278036019
277562478
277043454
276930677
276660932
276633992
276606905
276593950
276593941
276592166
276543363
276449474
276398604
276356919
273641256
273422414
271953224
270984338
205928397
177649843
829894
782283
598731
555128
491733
365608
279218496
279197307
279196752
279139466
279121210
278930415
278866634
278831555
278604856
278325499
278110454
278091198
277770722
277427899
277374108
277318335
277317746
276985029
276938781
276894446
276840372
276798334
276593077
276591909
276243837
276180560
274238670
272856935
271433724
270922914
201592023
191919685
191635965
184645958
148750671
96057075
77230663
3211753
782181
777256
279144595
279081792
279067357
279059216
278966838
278917079
278894462
278872161
278850687
278643498
278576642
278158356
277941662
277003345
276649966
276649444
276593097
276592545
276477601
276451794
275882374
274546149
274546130
274242078
273911823
270984239
249032824
213574788
205745317
202179538
198643641
195801973
190703416
185498729
159811028
782297
645882
572982
505337
425731
279032333
278949525
278226391
278121857
277472352
277373662
277004821
276592261
276592050
276591921
275676691
275287690
271494881
263098190
262434320
261995739
248766076
214915739
213926433
205039747
188299042
185225539
177775337
169378485
166614357
128635778
127032112
103865525
96991282
95938859
56796547
54694180
15722679
602558
564848
541217
436839
435281
424991
392830
279148221
278796020
278728531
278728490
278641800
278229235
278152635
278039598
277387904
277385315
277383397
277017451
276950256
276897322
276593866
276592981
276592691
276592622
276592052
275182084
270984608
270983430
262837540
252035428
249940631
248685755
247706850
202413936
97589652
23266928
14320408
7164859
886990
777299
653786
601817
555491
476181
453654
366110
279241851
279181159
279143631
279010868
278851871
278739880
278729153
278643886
277717923
277553857
277462441
277387196
277342529
276592005
276569047
276533510
276523755
276408845
276392198
275346416
275114139
274526015
273372223
273320475
271416569
270656842
261962687
202661630
156234337
59049716
10697512
782211
639292
636351
626008
555428
555376
540170
491436
447075
279128070
279116297
279081417
279081355
278965216
278904102
278901117
278358852
278325535
277610186
277610184
277429802
277406935
277376063
277195828
277164771
277043173
277017467
276607634
276593229
276139027
276111415
273929006
273221601
271494875
263098186
263053857
261993078
218738571
215141307
175453755
149534851
148556584
76393256
1466875
782222
782197
777243
593507
538645
279202749
279200561
279122146
278857159
278830825
278727962
278719480
278294405
277502988
277452895
277404261
277366319
277318355
277163873
276851094
276799227
276597839
276593632
276592566
276592471
276592447
276591807
276437808
274080122
273236387
270774813
270735753
217764032
203841251
191258974
184048136
183726004
165844707
160203267
142474690
1265853
816732
653837
626178
605785
278916860
278867756
278860212
278726280
278620647
278012467
277545160
276912801
276798644
276651650
276648774
276616648
276593280
276593197
276592697
276592516
276592315
276592160
276591950
276591659
276495791
276438259
275278661
273687012
271415067
271304140
270984460
212565105
203701744
203049353
193608899
190464438
176767149
166625649
162475642
127551334
8325629
1392947
639282
536035
279018747
278851879
278830751
278816065
278641241
277520236
277445358
277436709
276931887
276851078
276606909
276592993
276592953
276592849
276592303
276592156
276591718
276449323
276398880
276393231
273941929
270984568
270983934
270774801
263703094
253039784
203848487
198643651
189468762
137966954
137694366
103798886
82518650
74695662
37468663
782185
761121
610612
578595
478618
279206272
278805613
278749195
278728518
278690167
278136446
277968062
277629923
277545021
277426861
277406981
277180898
277016330
276931903
276663960
276660902
276583132
276496774
276387064
276368170
274149656
273409070
273257626
272001987
270984664
270447793
242707644
214188740
212992667
200784012
77036932
10593956
1481917
653550
626157
601538
593496
574676
444160
345977
279121915
279120055
279113749
279018301
278862214
278691676
278642868
278456302
277501940
277466779
277429800
277318348
276860913
276775784
276753985
276608546
274474348
273479227
270439792
255611963
253629740
253470349
252401657
252180776
249784853
248739795
193419081
184046795
162867684
141002535
128626496
96031639
77481121
50384556
44820567
37134822
782188
782180
544542
369403
279134611
279108111
278996444
277427897
277366306
277312812
276931909
276897343
276894466
276592327
276591689
276525174
276449456
275894640
275722348
275422494
275329688
275020973
274670466
273552484
273357640
273175959
270983578
249679379
217336263
208068787
206607112
185925194
178606748
155114519
144379630
73608639
57219188
35467716
782217
626135
555934
436838
404185
361905
279121957
278864816
278843840
278620260
277468057
277436705
277428126
277368839
277339273
277195816
276985043
276593321
276592499
276443939
276348657
274346584
273584414
273258493
272438199
271994821
271389798
249157121
190606413
187555897
177619618
127033403
104015147
97923382
86517382
77109213
59049712
777271
777259
636484
618122
601470
555074
492482
407329
375185
279121363
278837222
278532319
278435542
277866631
277570690
277566180
277562476
277436711
277386729
277370124
277318351
276952303
276798658
276681188
276648783
276627308
276317950
275002918
274832113
274190045
273459007
273452328
273258859
270984968
270984930
270983736
269984888
262301498
247952484
203840835
202855248
202529128
186086953
163792980
160784182
151757137
817250
654683
495134
278154599
277350854
276931891
276817570
276593920
276593308
276593288
276593248
276593065
276593049
276592900
276592897
276592728
276592725
276592665
276592621
276592411
276592233
276592138
276591937
276591777
276523725
276477641
276443738
276398846
276398700
276389930
276149905
274987914
271724812
271554697
246282854
202475539
199176573
193623926
163739527
37216385
7164855
438722
404259
278860506
278830717
278381244
278242735
278045686
277436299
276592894
276591772
274810679
274019039
271234440
271005397
270850461
252859177
242431170
198927284
85034910
59512678
31516133
11429314
782287
653674
555456
443867
395735
391943
279200555
279077939
278842951
277770611
277545086
277545007
277541470
277428899
276593644
276593408
276592969
276592961
276592904
276592535
276592494
276592477
276592271
276591941
276591771
276445330
276423987
275863918
275188867
216406450
208442994
202413871
200618721
148802206
132834653
79110416
13841533
829900
760058
694264
626099
601739
532967
491804
491744
485426
279158289
279149928
279112600
279107661
278945126
278866628
278786383
278725093
278051945
277608063
277445180
277368841
277195836
277195826
276736551
276593626
276593598
276593485
276593356
276593111
276592982
276592907
276592845
276592759
276591586
276483782
276431887
276393086
276125922
274633705
274069661
273552049
273384712
271158283
270984935
264114026
261809674
247061561
215802334
59594013
279148417
279067358
279017931
278936224
278306827
277562472
277358068
277342525
277045457
277028656
276931885
276817571
276668159
276601851
276591695
276554109
276495726
276439927
276408843
276393193
276387062
276346624
276272832
275970355
275671951
275363394
275244163
275064563
274543495
273534058
270984330
253263810
247275607
240330674
216462162
191822385
146164777
3750491
531995
417214
278621023
276861685
276648817
276601832
276593880
276593865
276593460
276593015
275130712
274384917
273609470
273534504
273386783
270977375
263693087
262454612
213562693
200780121
199901869
192704701
182100178
173691342
152646010
113886645
85034903
52105383
36313846
31514965
13761540
782289
777241
639167
626080
612230
559147
555352
539773
497062
485347
345306
279185700
279021415
278873729
278685931
278105174
278069505
277533172
277428128
277342894
277163964
276963504
276593955
276593934
276593584
276593180
276592997
276592880
276592825
276592434
276592379
276592089
276592066
276591975
276591698
276591623
276438263
276398862
276398543
274910990
274178690
273535183
70743635
54609022
1763575
829910
777248
626044
625319
555497
344671
279202467
279128072
278863831
278788671
278749564
278659461
277436331
277426828
277385384
277318364
276938785
276930626
276736481
276592015
276592001
276591965
276237761
276235844
275918780
275418866
275341718
274077881
273693142
273522389
270984508
270983610
270983498
270483720
250101206
249853625
248754503
247299379
246282673
230206909
217765669
217764542
195863529
127031969
81506280
11336319
279113783
279107368
279092295
278860220
277911982
277814987
277590899
277385198
276928848
276799271
276736518
276660881
276645088
276616227
276610077
276496602
276490985
276445570
275671960
275072965
274731257
274644450
274558973
270977369
263035681
215908520
212567833
212557360
161426372
160749850
148600253
75701477
817338
612184
558399
532680
476186
456670
421864
344820
279127823
279112664
279046955
279019619
278889562
278136485
278023245
277570386
277214573
276952256
276920287
273905937
273555265
273407032
273400022
272856953
269991653
263514072
262656136
262016189
213794737
194198009
192862164
107101956
85034902
22967154
2286207
1275579
892681
746432
708521
653930
653803
625987
536154
491739
491491
450031
438358
435394
276632146
276594036
276593957
276593913
276593900
276593894
276591917
276591913
276591903
276591896
276591895
276591882
276591881
276591869
276591862
276591849
276591842
276591835
276591831
276591820
276591813
276591801
276591791
276591775
276591732
276591714
276591644
276591621
276591599
276591593
276591591
276495705
276445156
276398895
276398839
276398811
276398800
276398798
276398740
276398718
276736553
276681230
276681227
276663974
276641592
276641584
276594043
276592971
276592967
276592964
276592954
276592941
276592938
276592935
276592903
276592889
276592883
276592870
276592869
276592831
276592827
276592811
276592804
276592305
276592292
276592279
276592194
276592192
276592191
276592189
276592180
276592175
276592170
276591953
276591933
276591929
276591867
276591823
276591736
276591734
276593608
276593606
276593596
276593590
276593571
276593541
276593512
276593505
276593501
276593468
276593465
276593457
276593450
276593437
276593423
276593415
276593401
276593159
276593029
276593010
276592754
276592750
276592741
276592699
276592619
276592615
276592607
276592568
276592363
276592266
276592238
276592221
276398680
276398662
276398652
276398626
276398618
276398592
276398590
276398564
276912313
276681147
276632137
276593689
276593667
276593649
276593129
276593085
276592144
276592143
276592133
276592129
276592126
276592114
276592092
276592091
276592077
276592072
276592037
276592023
276591994
276591991
276591986
276551192
276438246
276398868
276398814
276398786
276398784
276398779
276398770
276398766
276398763
276398762
276398758
276398755
276398744
276398738
276398712
276398706
276593931
276593929
276593908
276593892
276593878
276593685
276593665
276593662
276592843
276592838
276592812
276592807
276592795
276592789
276592505
276592489
276592481
276592425
276592404
276592355
276592353
276592323
276592307
276592225
276592218
276592209
276591961
276591957
276591883
276591841
276591797
276591787
276591746
276591739
276591642
276591589
276591581
276591580
276398836
276398828
276593624
276593614
276593582
276593545
276593499
276593431
276593418
276593407
276593396
276592599
276592571
276592562
276592549
276592543
276592541
276592531
276592526
276592519
276592501
276592453
276592443
276592431
276592390
276592335
276592329
276398693
276398692
276398668
276398664
276398650
276398622
276398614
276398606
276398578
276398562
276398558
276398556
276398548
276398542
276398531
276593612
276593588
276593447
276593446
276593360
276593296
276593225
276593153
276593138
276593109
276593106
276593062
276593059
276593044
276593043
276593035
276593017
276593006
276592998
276592773
276592771
276592760
276592743
276592739
276592727
276592711
276592707
276592705
276592703
276592701
276592676
276592640
276592636
276592611
276592608
276592604
276592597
276592577
276591998
276591983
279202452
278435857
278002098
277873989
277717856
276931901
276641298
276593390
276593384
276593383
276593375
276593371
276593346
276593331
276593324
276593320
276593312
276593310
276593284
276593271
276593267
276593236
276593205
276593187
276593167
276593120
276593094
276592921
276592236
276592079
276591620
276438240
276398658
276285677
274826945
270773606
253300487
249878103
229695654
205379702
277873979
277318360
276930849
276593886
276593533
276593369
276593353
276592937
276592463
276592069
276591687
276591673
276591610
276591595
276445389
276445055
276398864
276398710
274412923
273471671
273373281
272949970
270790947
270744410
262982820
253324867
253310559
253310554
253300451
252352160
250466803
243808213
218736549
215725868
205428004
203467895
203175236
201090284
201072625
179231915
277569973
277404273
276930620
276593506
276593454
276593143
276592737
276592558
276592459
276592325
276592205
276591860
276591789
276449448
276438288
276438283
276438278
276438274
276438257
276435829
276431909
276431906
276398850
253657501
253382145
253346312
253326509
252352151
252352148
246282706
230242263
230242028
230241773
225241037
218738574
214595779
214200529
193611321
193605271
108716723
279121929
279112604
279105573
278967960
278952570
278880039
278880033
278863324
278863292
278849669
278818142
278804244
277407016
276930683
276593959
276593164
276593157
276592973
276592150
276235323
273504408
270984886
270984868
270984766
270984469
270984342
270984284
270984232
270984058
270983854
270983808
270983734
270983592
270983566
270983440
249880906
242012337
203052377
154245322
115977795
279214867
279188248
278998867
278971137
278861372
278838142
278612207
278583185
278525267
278093795
278051933
277935963
277406899
277400041
277387906
277387262
277387194
277380994
277375354
277375325
277346062
277341908
276892432
276892424
276593433
276593039
276592913
276592803
276592775
276592097
276592007
276591616
276531704
276496662
274670493
274397135
270306603
249213568
202413794
113932636
278863260
278861041
278861039
277819854
277472297
277404265
277376057
277360397
277318337
277317619
277195834
276736488
276632556
276632535
276592655
276592613
276431923
275190633
274917809
274869958
274831432
274389923
272392165
272362553
272172736
271661318
261809676
254188275
246160523
225214505
215151134
215077384
203054420
190087677
188375702
188375370
184600334
180722555
142251550
113117338
278931593
278496599
278496597
277436329
277304695
276592917
276566305
276556923
276555597
274941563
274875996
274470227
274034432
271734397
271199052
270984380
270984276
270984208
270983824
270983632
262691668
249974492
247799397
217628163
215728046
200816346
200816251
200717379
196042994
195970094
195255676
194752132
193207859
178739300
160368513
147319349
90521130
77221388
10582248
2376349
278599801
276949513
276515316
276043381
275512741
274506608
270985018
270984962
270984880
270984842
270984652
270984252
270984186
270984079
270983980
270983537
270983514
270827733
261833294
249680747
248582223
247030151
243083985
235877749
235512190
220669551
217764106
215197002
214591773
210964838
199974940
196341439
181144972
171926774
158774704
148840299
142815564
135457175
95016543
20060195
279283388
277549856
277545373
277426830
277345880
276597803
276593525
276438282
276233217
273710567
273534305
273386617
271364769
270984950
270984690
270984572
270984372
270984311
270984176
270984081
270983958
270983936
270983768
270983486
270490847
260925986
258284530
253136513
249681014
248705002
247466168
247286419
225911092
212977408
201308448
177339212
147564388
127033157
101476984
90522883