278966840
278957120
278951868
278907067
278803773
278637526
278226976
278105350
277552964
277312157
276473388
276058699
275057844
275015923
274800458
274123944
273670928
272648557
268504618
251551154
250104305
250099407
249262329
247373878
199739777
197464923
178240521
159912507
159912461
159050459
127033575
125838238
116904731
109861903
104465374
77865079
77865073
68840976
68840974
68823448
279112514
279073197
279059194
278969696
278967522
278862370
278787975
278775730
278653819
278383827
278238299
277920263
277717784
277544480
276860878
276473260
276473222
275747155
275057830
275057827
275057825
274595587
274064843
274064825
273906652
273835064
273710142
273707322
273461292
273373488
272881785
271429897
270906266
252583641
251548203
193895553
185024815
185024810
120183254
51348559
279269292
279268932
278994715
278761001
278760638
278617098
278616708
278472231
277544274
276499599
276473386
276406302
274640592
273820770
273670940
273670918
273082009
252850167
214187516
182458796
77865075
44640202