55286695
225195278
270053086
3782621
274676630
197530339
489855
278235904
198285213
44860372
274142366
2163631
279033718
2162039
10762708
275610494
279030245
261840815
73492020
274124286
278727464
101262477
277555110
197530307
193101642
2208879
489917
279031581
489835
262701495
79450472
279043704
102133180
73584898
263104498
587821
279035794
274354322
279039311
279031738
274142716
274143192
275602185
2163311
29354999
263179556
191780021
197620691
279040189
278714105
249825841
277461065
279037724
279046014
122521953
171653807
191779912
191779332
274673789
278153981
278154027
48755224
191780474
279033998
279038348
279037844
174182860
278153992
274677943
121078350
279046344
279042391
31933842
278154007
197897380
198285565
489842
277370464
248703444
173854319
273307910
267340858
279030848
279036224
77702354
271527617
278154045
279042806
274674623
274675676
279046104
197530477
263100996
102132943
191780469
107004688
279038603
278714297
198562378
279038527
263179544
89481592
279033762
489892
206248722
222627756
192989170
198285460
194183584
274540526
278717652
278717630
278737961
262305564
274676077
274675654
197388049
202962072
101870609
191779918
191780558
191779487
191780634
101871334
171653457
171653791
274674684
274674446
274674535
202961952
279038651
263179608
51031239
263209676
32196835
279030866
279033982
279036172
279026826
274675666
279031527
248703424
279027557
270502249
248789318
279033746
73585152