279268571
279022816
278967415
278703576
277591148
276894599
276893886
276893521
276893474
276893447
276893437
275268290
275007887
274587862
272305306
271381480
270702373
263328881
252040645
249000788
175147113
165021304
115968704
79539097
68301511
67966529
57913617
55731351
51845894
35957459
31970489
31970475
26099959
1686753
691496
656475
603139
418695
406755
372182
278967353
278772372
278735811
276938459
276895765
276895178
276893537
276893517
276893456
276893435
276893421
276893393
276893389
276893383
276893372
275764936
274990762
274717761
274169885
271126607
253721648
212610589
199650418
197337580
196219887
196155771
195954727
195510684
192333861
175445811
175445446
163739580
163021277
158775134
32583279
31970469
28449505
11662825
1074864
916970
279133028
277031564
276894691
276893513
276893501
276893467
276893455
276893453
276893430
276893429
276893427
276893413
276893406
276893394
276893381
276893378
276893360
276893350
276893336
276893329
275590464
274626019
273314847
273024286
272123485
271298033
270750354
223966400
223960843
205802197
196220012
191769424
186880524
163021297
138269684
129309613
94597234
31970461
1074850
438644
279288260
279269450
279133381
276950833
276895755
276895141
276894766
276894700
276893822
276893516
276893451
276893445
276893411
276893409
276893355
276893240
276893099
276893085
276893066
276893063
276893008
276893007
276892958
275290574
275057231
274998157
274998147
274190907
274064202
272453625
270925765
270490728
270490690
253179917
125640319
124391376
38191267
33089119
26412693
20975114
279269426
279132587
279131774
276950837
276950823
276950819
276895590
276895516
276894636
276894630
276894590
276893523
276893491
276893463
276893459
276893443
276893438
276893433
276893422
276893419
276893415
276893397
276893387
276893385
276893367
276893359
276893358
276893345
275839080
275057237
272058563
227408551
177274859
158775140
87902756
36582768
32583287
31970451
31658868
31658864
279269574
279269538
279269452
279268952
279268537
279131975
279131322
276895753
276895537
276894767
276893547
276893509
276893493
276893488
276893483
276893480
276893472
276893469
276893460
276893375
276893323
276893321
276893252
276893091
275543585
274998128
274135756
274019093
273320628
272844499
271964746
271434986
200976551
177274849
146271716
115867734
56388669
55282151
39532035
610624
278071267
276950821
276895680
276895453
276895397
276895156
276895121
276894674
276893611
276893529
276893515
276893497
276893470
276893425
276893417
276893402
276893401
276893399
276893391
276893376
276893371
276893362
276893356
276893353
276893349
276893346
276893340
276893245
274990920
273645221
271134418
223963028
216387829
215538285
174293664
163739578
31658887
31658866
31658860
31658852
279269020
279268707
279268613
279268497
279132710
278967281
278860653
276895406
276894858
276893573
276893562
276893538
276893527
276893525
276893507
276893505
276893495
276893487
276893485
276893479
276893477
276893441
276893255
276893101
276893097
276893095
276893089
276893087
276893083
276893060
276892999
274869688
272845135
272496299
272247688
270711446
93953323
68301371
29164805
24166036
279112218
278860647
278593161
274998212
274990858
274990672
273380454
271846246
249273104
248994416
200720033
197878817
36940939
33089368
31658870