278996719
278745891
278745852
274675239
274674066
271444172
263179532
263179528
263103181
263103128
263102397
263102350
263102337
263102303
263101576
251983816
251983729
222627639
208056376
206145513
206145509
206145507
206145505
206145502
206145498
206145496
206145494
204317189
197620661
197388045
149847158
149847156
149847148
149847124
149847118
125089800
55287144
55101443
55101426
2208701
279039285
279033178
279030638
274675103
274674172
273259167
272563864
271444182
271444176
263103243
263103239
263103114
263103106
263102373
263102285
263101548
263101464
253324053
212961693
208056369
206145522
206145511
206145500
206145492
206145490
206145486
206145484
197388106
192951406
149963656
149847132
149847110
102132993
74678340
74036022
73492140
64454691
64453336
35856221
32112173
274675644
274673507
274673500
263103162
263102423
263102411
263102395
263102356
202961890
118522750
103475288
2162201
1664927