278632377
278573499
278462185
278430695
278378632
278164890
278118319
278118317
275286930
274847163
271846172
271291315
270790930
270772275
263030327
262903755
253468323
253293588
248915788
247796547
214583517
207933180
181170807
167610859
137432347
127591350
109925561
92551954
57705138
57516957
56697265
50481472
50246113
45347827
43341561
36723955
25914368
24791923
14983736
10374185
278859546
278856945
278431332
278378630
278378612
278378604
278378600
278378596
278377156
278377153
278227496
276632157
276632117
275066059
271995036
271782414
271659340
271529537
271424843
263020982
262903731
257759943
253626862
214584800
210134582
206488498
205695345
203958083
100383090
87573265
72851567
57917875
53639899
50442812
50322255
26598924
19297959
11228284
3619425
549173
278516434
278378621
278378617
278378613
278378607
278378603
278378594
278320461
278244740
278117623
278110620
275422551
275407825
272834407
272834270
271424762
271424683
270300603
263110127
263096327
253700401
253689859
253660538
198208149
181922797
181170840
180887460
177860466
167615528
137415164
109109673
58936346
57516992
55060233
52788265
42843064
38611872
11228282
1617487
447750
278878506
277717715
275340826
274846988
271996363
271659342
271659338
271336854
271291311
253626971
88000562
50490557
48979187
25362767