278025225
274537552
274537546
274537524
274537510
272557937
272395575
270677462
270677454
263028543
249866930
198816942
198198470
197920819
197920813
179063549
178502530
178502497
178502492
176831135
172069382
153521900
153521892
102806471
99321602
90481305
90480568
90480504
90480319
90480255
90404641
73409627
56750844
53875091
47280037
6822831
2791027
1659975
540521
490668
276642197
274646550
274069398
273896713
273624791
271193509
248665531
247436596
212992682
200727373
198898952
198198497
198198491
198128737
197920821
197920816
197920811
195742690
195664300
190826595
176831140
173878691
167043784
167043782
167043776
167034141
166437326
153521908
153521906
90403230
83680363
74616446
71898423
53870535
47280043
47161881
23224027
10640765
602479
540500
275216877
274942098
274392867
273894851
273678608
273135043
273114211
270257067
262915199
262034374
261993249
249488814
248679215
242389257
242384666
210513596
204880985
200726481
199999596
198898972
197967699
197964305
197956785
178502502
167043780
167043773
167043772
153521904
125740008
106153852
99681450
98239415
90212097
73735667
57647465
51711220
3343897
2791031
1067714
403944
273684100
272815582
272583541
270789812
270302055
270222580
262035904
262034512
262033750
261993240
249857252
248844890
248676527
248667014
242085611
230368366
230368364
224153079
217143525
214910005
214773790
213704096
196382345
195862029
191654211
191548328
188695911
181567259
173878394
166474481
137941490
113527999
113527888
113527746
92551695
77221721
77221075
56722650
47273263
33543719
275538856
274599343
274537549
274118316
274075421
272800296
271361762
270455916
269897880
263980876
262043998
262035900
249853693
249488781
248667639
242201492
242085598
224157598
224156360
224155735
224154627
217324109
209867683
201120753
199998961
199038641
198822733
198198499
197960241
196859575
191652344
191525824
186494666
173884886
162841597
149574597
102806213
102805569
102799986
33543725
273712883
273522615
273302105
273219939
272583600
272476047
271451136
270921824
270677456
270455945
270222651
270222489
262818544
262035896
261993235
248680102
248679084
248675719
248656168
214909629
209867959
203845710
198898962
197966940
191544188
190608372
186637775
177142582
174263283
167614744
159974538
149644225
106362761
100105811
88998879
51711218
49391550
27964166
2791029
1724807
275414276
275048352
273479562
273394936
272320408
270772233
270682769
270682674
270456024
270301983
270301799
270222593
262034240
248679895
248677938
248677786
248676295
248666616
248555117
247446347
230368362
213992436
213911628
204874983
203846183
202604249
202510749
198462903
198128692
196387903
178502532
177254289
127031818
122521466
113528767
77221077
77059005
72321670
24823008
2791025
277845860
275193992
273933987
273328690
270217206
262570252
261993222
261967259
253271394
242492725
209349493
204382684
200000049
199999463
198898960
196858151
186493909
149653474
75740582
59082952