279258163
279236719
279189428
279165379
279106083
278901562
278851381
278814740
278311349
277923286
277621791
276750342
276252079
275987657
273119845
270660213
263514080
258520741
249374002
204771676
202879294
198644079
197657913
195801643
195662905
190705661
184774173
177487151
167210779
164336677
109017985
95289208
75455518
46789753
3639597
3304875
1702825
576981
565772
505786
279258216
279151847
279122098
278814739
278759320
278704636
277946302
273711852
272811069
272353238
263514060
262663936
262461142
255480975
252011900
249856790
249161188
216142892
214497210
212992707
208415031
205986078
200877613
194200640
191045567
191045565
189940724
187843292
181699672
161633747
137694321
121635154
112712440
99513994
85396163
57211757
47469961
30792962
1696345
580314
279149956
279134997
279134994
279066553
278945893
278749485
278723598
278601972
278003775
276106643
275987554
275101646
274319420
274021417
272915164
272879977
270065407
263980366
252131254
252035390
242725099
214493579
203494219
184466862
174896123
174605359
173748413
170326207
167210781
144207403
129911446
74981856
33596832
646029
580321
548073
532018
523820
493240
417289
279192358
279150079
279082003
276963578
276901768
276289476
276132425
276035496
275335271
274327415
273043906
271518319
270909823
270882338
270120780
263515807
252564157
219155877
194205626
187843295
187828263
186117437
178831358
160759007
122521450
108130857
84457162
77324132
57595576
48035283
36995865
34749890
20750207
3304859
1659979
583666
573320
568132
564789
561075
279164505
278896961
278777892
278728399
278403952
278095633
277929644
273247091
272617901
271949678
271245625
262846075
262516086
257761691
207256601
200849009
191422679
190701644
182124474
179796003
176056522
172545674
171549961
160553086
113528647
108493404
77942731
58437180
54057021
19844964
7798044
1577275
974016
814272
791814
644076
637360
573205
431961
376124
279273130
279154738
279131915
278672817
276832102
275258127
274174913
273053410
271245618
271245599
263088283
249374021
245769677
217574761
217536280
215733059
189632934
183329999
180736985
180224140
158868216
77942694
76837847
36299941
20270745
17961774
6585167
3241171
1615913
970220
828649
638638
611461
575792
567443
565726
553858
550472
406555
391251
279131167
279074243
278997041
278694958
278464510
278294681
276943126
276559194
276525604
276107758
275407373
274828155
273948957
273535974
272172639
271781004
271245607
270446365
263515815
259512903
219148750
207280262
205148082
193736699
192894204
191148789
173636790
170098835
160552923
122521455
108259024
98300951
77942823
2884145
1044670
725071
602895
557547
550344
497529
279074239
278994752
278732330
278351439
275034463
274104516
274033269
274031760
273943197
273689188
270244037
253629857
251929899
249052258
217478984
207368047
204879320
203845612
192950414
178056708
160553076
160553022
153491598
140221906
113527179
84875304
77221133
25303232
15686501
3876409
3343899
2003123
787753
696315
592929
558342
552179
521741
493236
475357
279121277
276231573
275485875
274853770
274853523
274848506
273914341
273902522
273295175
272833623
263703110
261975737
252136470
249777041
225211382
209377478
207933203
206482405
203883777
203841150
202891556
190109899
189940704
187954623
180987317
180736657
174321440
167609865
123782210
120219394
78488040
8175875
5995393
5809353
4070547
556278
553829
549856
541151
439270
279262065
279090121
278098091
276295795
275806193
275152666
275034361
273959359
273725404
273425557
272938288
272913336
272583531
270840552
259535591
252867306
251279258
248703276
217778087
205807519
203846646
202529468
197602412
197590307
188849374
176875342
160553088
151524164
96389878
42459046
5154645
3558505
800614
561802
545015
541326
520343
453375
411315
375842
279065679
276750341
276743338
275576884
275327590
273827509
273786778
273566728
273197803
272915046
272848719
271613434
270476425
263493497
262516543
261985961
259310810
255317233
249575765
242502666
242502657
242443717
225195111
222627369
208403374
206995381
176779826
137430689
127591385
126742913
125608967
90376174
53840017
11656091
11655071
610596
576126
557164
497361
487396
278841893
277529329
277381892
276106013
275571104
274033267
272219172
271394397
270885465
263755096
263207834
262056322
259535599
249773418
244307689
222659820
217511098
215773577
214498407
210530970
208101035
204879330
201599706
201089701
200918258
190110275
176812872
160552956
127692097
98128126
84875274
53833195
32308846
21709451
10104785
559160
552550
497528
391903
352916
279021026
276445972
275504713
274366711
274357838
273969575
273916419
272913655
271666855
271245615
270726008
263393497
259535601
253665947
251590737
251279421
249253444
249237690
229698437
220679300
200981505
197629367
196157253
188858883
187843299
178056795
176063180
158745363
96037650
84875298
76781534
76527181
1953601
863172
577078
521527
475659
440964
359653
335375
275585332
273817352
273817317
273245208
272303765
271720042
271394707
263584454
263584262
263096668
263082588
252870427
249972837
249281920
230261153
229698455
214938263
214080794
205548268
203592350
203069196
197628660
196202212
185668137
184496160
181979555
180870213
161067320
122576756
115246765
96390061
29354004
916876
772194
643969
563995
563621
563620
444785
343830
278796485
276700787
276164686
275888780
273747868
273707409
272247103
263201162
259310978
253238322
251274437
242502669
242502473
220932202
216213485
210513569
204879331
197217858
194087280
191926655
190705663
190110361
179540602
162025653
160553142
151757121
130439444
127032507
109862072
84875363
77942737
76527175
60808682
55582278
55582232
54925142
16212465
655964
474266
339440
278350886
276583212
274380806
273868640
273835124
273671887
272918180
272300547
271848635
270544980
263339119
251384558
248989389
225918469
218735500
216462157
213864317
210155894
207332489
204428460
187952199
183509975
181238070
180223898
179952205
177887742
177339255
137485545
136332913
109861944
21309010
9364480
3312909
814016
574968
555111
525496
494122
444497
340138
279066341
279054691
278790252
278377638
276059185
275356628
273579898
273305031
272638876
272406020
270774867
270215503
270113647
270103837
263201158
261982686
248957261
215793665
215785061
202529637
201237724
195996557
193527937
173137638
160552958
125637817
81499976
23084464
4067895
1816789
1535541
557548
556608
555108
546114
543051
506450
493256
459037
343234
277929886
276701060
275987959
275943334
275585313
275571741
274198916
274101618
274084734
274037554
273270998
272444160
271450042
271245635
270483122
263096666
262055751
253298980
242502188
222359347
221701831
203846923
203845266
193525496
192692931
188534368
188050703
181938726
179170598
172476276
139296431
98301162
96034309
96009635
76756490
67870657
16258007
8155360
625756
474255
278775866
278295139
277038946
273870887
273827500
273333261
272442779
272423143
270942423
270898276
270744139
270113530
259535595
209863841
205039752
203841271
202604428
201514860
201114726
200779110
196468381
193525612
192459018
189658533
184243096
181895544
157118136
134796208
84875294
78488027
77942843
77745828
2063941
814208
532020
531672
512561
386618
376985
376956
278063784
275597173
275585312
274364164
273979360
273356863
273303297
273197289
273122397
272897152
271336094
270173286
270071792
269959658
251279410
249962177
249600695
242502676
214148571
207515321
190707886
188860582
185024820
183223188
178463094
139288550
137941341
136752346
127170153
81506490
78488044
78488036
77942831
43802131
16258196
13577101
814130
516133
386412
375866
279287285
279279776
279194427
276383760
275585322
274185500
273744804
273707331
273672035
273278753
271620693
271585673
270852004
270704457
270184493
263703120
263560249
249355405
249354987
249287788
248543413
247273593
242716771
235664406
225957254
203950118
203844977
201599704
198899333
196897067
195316880
190455477
184617691
177886577
169959283
169375503
164259140
137259176
24917632
573641
279287283
278454848
276196293
275585315
275570992
275570990
275569893
274365627
273304976
272966642
270243038
270211118
263097442
263088287
253298987
248637894
242502212
242443802
218735484
215773561
212556394
208741226
204895987
203840644
203468688
197636122
186742703
179954240
179113755
152705117
144522810
138396266
105483763
100293570
98301031
95250597
95250267
92552028
278977335
278905435
278776658
278606224
278438246
276525173
274317823
273899806
273422416
272359498
272305745
272165464
270744038
270512377
270421244
263021102
262463086
253357797
252976250
251756026
250070934
242411362
214930675
214004754
207027226
203002221
195852127
185668605
181699612
171745382
163149660
98128734
53748150
35829794
25746152
10281302
2674461
1708915
529087
478479
279308780
278440013
278105956
275854238
274826711
273914357
273852809
273707455
272644324
272407137
271995913
270104325
270069761
269137861
263750109
255345725
253253479
247446332
247406230
229700172
212462360
209863843
209399512
201873232
201857053
195547994
194114028
192950703
174608099
114571402
113236020
109861988
107348362
84875312
84875278
84875252
76753166
55582276
36300600
278631142
277956544
277554336
276699734
275585326
275585319
273989623
273726212
273227352
272982307
272631471
272630207
272629802
271956634
252867310
247446338
242501339
214654646
210524075
209378240
209377514
205893114
201013866
196579509
193720288
137966131
124040422
96037622
84875362
84875324
84875270
84866584
78488022
53872066
48156457
42873133
33543746
20889775
20129538
19578545
278339868
273868630
273868617
273868453
273085391
272412141
272376609
272352570
270320014
253081216
252784126
248523202
214938283
214090433
213964062
213931225
208633472
197636801
183375661
178057870
174301598
167614839
91645990
1734353
279083995
278721552
276310128
274838628
274033399
273851481
273844374
273594883
273278803
272593773
272527350
272389969
272365908
272349618
270922812
270745744
270302760
270123193
270117880
269960592
262512838
262066378
259310852
249349228
249285402
248880611
242502196
229699837
225171427
200631458
198127986
180870710
179375683
177915334
177915332
135442945
117315736
116126076
96390043
95250008
279287279
279281989
275711120
275585336
275571735
275570993
275421500
275065826
275022936
273868616
273824893
273824891
273583013
273442401
273019216
272886592
271585627
271484894
271474683
271266221
271057383
270744118
262469746
262052866
253100926
252595318
242101992
217125785
216987140
214922303
214837592
203840675
194088338
183348348
180863723
137261659
136482278
127033138
95250176
92552010
279293902
277181311
276848293
276840518
276148392
276058675
275792210
275585318
275571739
275569895
275569891
274194557
273879616
273868558
273868483
273304861
272055757
270821137
249205034
230261055
215950813
205471592
203846964
203846793
203841153
203288378
185435301
137482106
89591446
25302062
20113907
20113821
20113820
15449178
11962358
6568541
6451143
1536047
546321
539254
278775860
278722576
278001657
275585338
275336938
275274558
273987247
273817374
273284885
273174540
272811062
272475937
272444281
272443955
272442955
272421348
272261046
263272811
263098294
253265759
253129529
253102206
249033349
215914541
201106689
201073334
199179211
193433942
162201943
160534565
118236878
109862025
84875296
77942847
76176361
55355802
53833185
48541378
36710676
15449180
278709630
278321839
278068361
278067447
274379756
274083688
273914350
272938520
272631467
272615788
272611350
272425060
272413226
271245669
262663930
252794992
252136921
247296295
212462362
210429936
204879322
202604337
200790415
193524934
193045282
190096477
167519520
160552965
153493625
137941628
129138343
127033531
127032700
96031659
84875360
84875266
53777095
19582912
14791114
4067901
279082507
278068364
276493483
276156702
274881137
273707411
273122133
272811056
272582637
272441849
272240992
271245676
262936589
261971257
247661414
242766037
242504251
242501329
230011630
217613052
214189152
213961005
211961146
209377814
209377525
207502999
201089692
200981507
197907390
194096488
191658461
190096922
174444186
173911173
151757118
77942772
53871560
53826833
17000933
905811
279258161
278808870
276453989
275037425
274380480
273868591
273395985
273156637
272474257
270959650
270875719
270725992
270482249
263096659
262552348
253594366
253298983
253040796
248543961
242502193
217412346
215408034
215242481
214938277
207877617
206561021
204237131
204068783
201477642
201385879
179215206
178951234
172024587
127338432
98301184
98300981
96389815
95250838
95250021
4257519
275570996
274090360
273978017
273289013
273281846
271433628
270965249
263452116
259310934
251442700
249971265
249349234
247944132
247821871
243094010
222598272
218735509
208600937
203844229
203844017
203841169
203841021
203068398
199240697
198824581
192275551
183254385
179746768
177209851
177056774
176899934
176814072
176062110
167615250
146225235
137444986
102140811
98301112
95250898
95250476
279287304
276901366
274930281
274028838
273906535
273121942
272497645
272360100
272359007
272147447
271175997
270954760
270747322
270717795
263494368
251262661
230258804
216210070
215773498
215733075
214920845
214512375
213864638
206377166
203844932
203844731
203840846
203840615
198381520
189201432
177286641
172476209
169309675
155495505
152380459
117315810
102552255
46107062
7201933
558048
278958694
278817920
278776666
278309627
278217937
277311550
275571737
274089806
274031762
273842941
273122124
270908312
270744233
270216980
263179483
262806667
253248315
252755689
211945377
207502895
205694775
200918132
196548754
188533804
185674311
171743581
171586424
160555930
151994933
145093426
96201009
84866563
71891507
56203850
53871554
36710281
1826685
569133
521081
436926
278114098
277579017
276314145
275326645
275276634
274139605
274107143
273979006
273916403
273452255
273281822
272403727
272318432
270883505
270835261
252795290
216983085
213969032
210514122
209378150
207515310
205515116
199118662
196514495
195801705
192452461
190110068
190096962
159829043
153491275
129138447
127654491
127031700
122521489
109862063
96031647
91544544
84875272
22152308
11476916
278114131
275571725
275568050
275028762
274084716
273943195
273331604
273122325
272916184
272844503
272443749
272408416
271534124
270064701
262692721
253281142
249092584
248523302
242502479
242501341
225211390
209377510
203288368
195835727
186670480
185888686
140940215
137941482
113151704
113117402
84875318
84875310
84872271
78488024
77942807
76899389
76753146
53871097
15540967
15267833
278711549
274174940
273987257
273929303
273914362
272856013
270925528
270883687
253397853
253081207
190109772
160552954
137260077
135552423
53871558