278682211
158641027
278809843
277812999
279135170
278590521
111537683
278626139
277409853
278890155
277998254
278275160
275138977
278856940
278894190
17336364
277425002
279186777
19274771
103379147
275576878
274315608
274761877
50414368
78015041
278636619
278440162
270167976
276467797
277165894
50884654
74793313
997549
187827438
278972871
275576876
540385
192909292
278569950
276960027
276546963
276833106
277164024
278901500
278159880
278638933
271317275
58957235
48543855
278249910
148600247
273708371
76278485
278194108
276286329
3876677
273822794
111537689
187341520
279163505
279273122
182972777
277923288
278612144
274376748
273621275
278277956
278979188
278619827
27633936
278229022
8835161
279135186
277599516
277164028
279135183
165030727
273418280
276836745
127077157
274919182
279056036
278636624
278760776
278054810
206308058
276091633
273476650
277139821
143858325
271121222
278311326
276583969
278025563
278695573
278764186
278324958
278074416
278746813
109488211
278170053
276280430
262477177
273612269
278636751
272187679
277977208
276861008
156824943
279211551
187827433
278901549
14746553
276423429
252912100
277396060
274554776
279231824
273829133
275452238
606191
38436486
277599510
277722355
155463012
278969755
210524077
274088317
203701749
276859412
135552441
145134946
274574708
139501701
57911668
248523154
276280442
205942269
277320349
59107043
2906093
49786840
273667924
272658148
196853079
275421986
113530800
51903728
278159888
279231818
279191866
274053075
171549981
207398344
275698445
21031780
278245683
278029333
199177647
110204641
272458775
193897099
196001724
207398360
276286318
152517438
88917447
275158818
36827340
997529
90866357
277837116
279167412
277637450
545278
278122197
163149658
186290800
278781476
278169997
278229029
278883145
277922912
277026745
51376702
276525618
207841114
276498772
161903419
277444504
84981063
103550551
25117901
277521192
183551389
278474848
279028463
109488203
279112358
278003909
263486742
279133100
145134960
279028461
69177751
110448020
145134962
278539461
197588247
51376704
145134954
438454
277973574
278653823
165023962
278776917
1954187
272309444
278611998
278880313
54053521
276504658
142791761
278813668
275335273
57761618
278695557
277360085
275698427
278760800
279250992
6766205
251395989
278229308
278972870
50269973
200705634
247858581
277741479
278094740
201004693
274678749
278703333
274135766
278964394
194959718
168924459
42659127
278442994
275543150
278073999
276139927
145134926
278448960
274591201
277837114
278572786
262037780
275821960
276840179
46649781
278728684
277812996
11873727
177274837
278278071
51376710
42460486
83789519
274871421
271781005
275671873
278812222
263968851
278603003
274456095
40824600
278572391
275059415
276926519
252912096
248755010
278827370
273509186
278296308
276424000
278591149
277744862
209608148
907708
3024679
279132861
149534847
273417501
24934161
278063696
10084275
276405761
141002531
279022906
97825974
197499378
276658863
279028465
273932106
190155334
186495597
277519344
278944275
277250721
208436541
262455617
252099044
3024831
271846287
136020881
14522406
109109523
278770245
273747315
277989733
274554754
196932362
248755029
279022828
108312683
279037253
279142585
278692094
271950433
277878518
43109583
277977316
275906421
271920472
271846166
197636443
275036859
53935990
5079449
137966224
277463167
277869658
278718885
263063923
276482696
197352178
277250710
279066765
276247881
278626510
276368698
278170049
278851820
278967741
278757593
272309441
278966594
235728500
190702831
276504679
174037877
273476675
278383638
3149769
278121815
166359327
275276456
278788573
207398349
276900563
277977822
77269893
242180949
142791773
172940374
278777898
263596342
278569585
449571
109488209
165030719
279247613
109488205
274867693
279153980
37751167
35131239
278893077
275616712
210134580
171097360
393443
148551644
148866412
173406524
259568254
273385531
173347862
278575851
90885611
75983628
274540698
276566275
278639256
242980613
273645225
276414624
57979766
40824597
199177645
279133557
4365225
191914718
172349664
271627405
158716091
276187434
274404809
200710308
278817329
260810308
173449323
132834655
201860503
79556388
254859673
278745640
252912093
278761101
278603760
274355824
79603006
276656669
274544203
273456139
55605406
273043890
246772895
274185276
175545179
278053115
277468770
203204618
182541461
51286826
66461801
273822780
278498677
278718883
49640886
253182552
241666771
278504643
276960025
370811
277168577
258284713
102412533
278227016
279209451
276933259
271627414
54777110
178218242
279211968
193109496
271528827
278095634
43341578
21130350
275924604
43986355
279103117
58807122
48123810
273823614
279165653
277437194
179805639
244236919
275617754
271522781
186495252
273978111
73209893
122336562
272474152
277819327
272198594
190157234
274419276
276391234
513920
25118135
271627448
206874047
262783976
273925472
275163767
188784319
197366280
201237594
263049471
276348504
275611912
185438276
277174885
263106892
55795735
24154843
145549081
273835811
194183481
199892980
208739544
148866344
22643187
26168610
277540136
276423999
137941244
273028706
274064102
410105
274669564
277520847
276098486
94409926
278966870
276523403
276862285
274636565
276396465
50269858
276448387
1661279
278016071
170490622
152700527
52346615
278964392
276275267
153920917
271538452
278769902
262903955
578249
271144926
277410874
173420792
8087401
275611945
178951731
81437618
151645823
276735132
278979232
2202105
263948664
182787208
72331146
279023583
201622752
124767708
10570789
181181995
200010682
174321415
276019480
276589564
245769703
129911452
249382898
275578647
276598442
278637602
262812009
278114460
274069252
129138600
79561248
33543715
253468337
199541610
275377998
275821962
148760915
69248886
275721834
492876
262605378
277942385
276368771
273406077
197499426
58695341
277586778
278863040
272830289
278769911
272247052
10121108
11220951
279154994
247401667
276929614
486350
275466220
275606453
193109498
54308767
94347530
437447
341515
2879923
271329461
275792772
277744867
278037047
276643961
273271813
5079359
273431370
276548343
277214289
274958661
277869661
278768769
278091489
274192463
197142885
19783680
275893146
276231564
278670976
275217302
274084738
185517194
273473861
278670640
275697212
276045178
275645193
271218682
13782194
271660516
92145942
271950677
214831333
248293202
272269898
278946377
278761443
255175062
263596576
273347243
190156616
273027890
48544204
274890738
273452869
275537009
275888220
162865519
72222991
247858745
199895208
276911039
274017768
276906378
263485140
21031760
11277416
970532
274832783
248004886
263077967
212424557
273452588
193979844
253293526
1059658
201237645
277976446
274526214
273408731
273609953
275254210
274823497
279058919
97678563
171549988
73203156
273835841
272306815
35438381
161539856
272402980
271627399
129138521
170330629
276016573
276952471
273530040
276334706
10120976
92503582
541206
263824577
17016823
278769903
279136340
173577892
277873785
278492006
277807605
254073695
104074401
276067801
275966835
278729538
205563583
137563641
196932300
263705428
5023493
2149567
1674005
273853475
276604430
274178464
271188034
270457304
10226596
248755011
274648441
275341709
273748074
15173892
277023896
215802277
199125520
77323110
274831505
262796288
178211413
278490019
278469959
275613666
201709196
272336077
14529483
225195098
274430425
275585199
274145234
278226502
278903748
2873383
278635393
263074982
180223139
270767555
198127113
274831374
148939889
273916333
348174
33502236
276660443
276379020
276368532
276286449
276161492
274254885
274192472
273987186
273692861
273688289
273670795
273509188
273506317
273476647
271542722
215200730
213676906
197235379
186986445
93072423
48592470
279158217
279116015
278703365
277727807
277250719
276963510
275890294
274890626
274835703
274363249
273612271
273411154
273218983
273121258
272474250
272474154
272250263
271627423
270975716
270487493
261807694
249958374
249387294
248293187
235856155
209865234
203862785
203846587
197894998
197317162
185668589
177975814
170105240
134313606
124885661
120471755
37292796
16967912
16967879
423272
278130095
277938123
277457015
277382662
275060638
274646518
274468820
274360644
274327232
274173921
274053180
273904256
273835818
273500921
273281824
273263094
273152274
273122157
271963945
271959179
271627441
271014750
270774934
262338127
251275423
242743168
213913725
208740493
196180776
193536795
193263854
189528570
186317962
182543143
171580907
140376176
88095805
34744490
33420923
413096
278243497
276389932
276389339
276182147
275924290
275601004
275286920
274430181
274134071
273987188
273914098
273904749
273621112
273274698
273244324
273219072
272547379
272477289
272245095
270675222
261034705
253239797
249038710
248541358
248293344
178032352
176765863
174599765
148600242
146226229
135424433
131388799
114830477
109109705
79396154
23427026
20460124
15612817
344010
340502
279133678
278966774
278671784
278306434
278012944
277989061
277976624
277813001
277320329
276668138
276379030
275847914
275340758
275314782
275281200
274836225
274557128
274075874
273852730
273745450
272362562
271846151
271316600
263063974
262862178
262016106
250230847
245768040
210755993
210523656
203840906
150372905
146225070
127692473
55066557
11474698
1886279
626789
468008
460589
279133740
279022886
278584354
278524940
278500212
278226462
277870858
277470282
277018594
276908435
276355127
276280377
275893197
275738227
274254483
271974983
271627459
271627439
271627425
271600660
271332550
269953533
263090008
263077531
262065991
250338941
246208032
208432619
197634550
193736658
193099634
183551343
177924880
171937564
149095222
132196515
49191793
10120288
2393625
521546
278894879
278803667
278732190
278490664
278473543
277736013
277344688
275466146
275137689
274190760
274164650
271822576
271627415
263625818
262687634
245769669
235855452
215543807
208432701
205926840
205414531
200766929
197823212
195671016
178545066
163739576
153409157
137966159
114271480
99838179
55407407
41072579
35434730
24149846
20453254
888211
859175
859053
845553
278938244
278879345
278292334
278054271
277511522
277382620
277320347
275602861
275356531
275056915
274526773
274407352
273854007
273244441
273182758
271130115
270773688
270487487
262694255
261808858
249921297
247448854
235856645
214490418
208436101
207710200
203840606
202604465
200969875
197897194
197657918
196517685
184410314
174933109
167019514
140579352
127692531
114569617
59252857
35355716
279217747
279133748
279133692
279023141
279006093
278761303
278366696
277499684
276981441
276687767
276598444
276545393
276065798
276054194
275802337
275084280
274782220
274075880
273822571
273637419
272443076
272237277
271953655
263251679
260810133
245766171
235854914
214831329
212465752
197897222
197894996
183315088
182735483
182474472
176731704
137607916
84866307
43341584
10369452
2902225
278967700
278713762
278606346
278092951
277976418
277729522
276895949
276821105
276750600
275316673
275274580
273885345
272410178
271966351
271957325
271956251
271538131
270945609
263106854
263106852
263106844
249772219
245768137
243036826
215104828
206794461
200573257
199978206
185860401
181451970
177344906
176761068
172024985
127032225
108956755
87726799
42846780
37793814
24153057
1582099
278770113
278769907
277463195
276919000
276672159
276274811
276079767
275507942
274819321
274458183
274112752
274057559
273835837
273446023
263639538
263337107
252671646
225240703
214831331
214210719
208103504
207897418
207491333
207479658
207477120
206314512
203843982
202612857
200720696
200627662
196180778
193736650
185448046
176640294
145977552
44447043
4364909
1471831
463104
416425
279133704
278732929
277837377
277437158
277375977
277174192
277043441
277023957
276583225
276500554
276414775
276350577
275341872
275060581
273688291
272376583
272186880
272161916
271918664
259568224
253619368
248805368
248430476
247879818
242504796
219163417
213490673
205837940
204049302
198567977
195300129
193099628
172342072
167210783
125867107
77942735
24765754
1517213
982037
549801
279124532
278325187
278001302
277977472
277540382
277498378
277214283
276649442
276566200
276500550
276117851
274994298
274663530
274470793
274408130
273913641
273881053
273501690
272388697
271627398
249775752
249052303
248764386
208742056
208378563
206798352
205414637
201622134
201243303
201055533
200813039
197576390
190749545
183223783
172365666
170338409
127692197
127591105
113165433
78957098
279251034
279247440
279237446
278969648
278714472
278244534
278205089
275321428
274722077
274542356
274467655
274329363
274059845
273326120
273278357
272245177
271956022
271493807
271455244
263105356
245769691
245766203
242075251
210527062
210513558
209866422
201877317
200561541
182090511
180229658
179058530
178010763
177860570
176822188
173752008
56202675
51618106
2852761
426549
394782
279071590
278429193
277526094
276831723
276099264
274805575
273461172
273245050
273218015
272362109
272306911
271734367
271620645
271542477
270300311
270098847
263251768
262463265
251448902
242486995
224959061
215221636
213676655
212565076
208103513
203845681
199243246
197847351
197647859
196338080
179690039
179528235
179520695
177308138
176734427
159914217
158868275
111322367
25190244
760251
279124836
278894867
277976862
277557838
277496925
277184293
277174932
276830419
276182111
275925226
275761118
275376818
275255643
274457951
273987308
273304939
272068654
271995966
271437347
260810296
253393198
250338943
248418228
247760205
242693600
208507072
203841239
201592092
193237237
172368056
149119800
127033567
102132815
62349860
50883581
37699909
450679
434170
423116
356297
278966792
278442177
277976884
277744615
277029441
276016561
275341705
275323004
274407326
274302589
274273447
274168509
274096563
273878962
273724169
272421759
271627427
271627403
253281783
251417378
245768125
227164646
208405432
206480712
201998779
197897240
197411131
192471671
186318174
129355980
127033030
122521513
107410035
76175424
51286692
12765697
3656207
900070
409768
342890
278863074
278802428
277938116
276906366
276828682
276079625
275603292
275416642
274370831
274363253
273456544
271964466
271627979
270134779
269354992
263697727
263251701
263251697
262691918
262053181
249971715
248293204
248293172
245769727
215802330
201914510
201622315
200766902
198817263
197595342
197165074
197154160
194585052
179983662
176731652
134284776
11855743
970447
365159
278851727
278813612
278813575
278775405
278570088
278226343
277621100
277382667
276065791
274467648
273308285
273185777
273185775
272358212
270803372
270447771
263968961
262086149
261807696
260928461
253395959
248781469
248652752
248133855
243037645
236113770
215545143
213708094
206686419
203844746
191260641
176938776
176522692
172352772
157252253
134313604
79560731
66227441
53107736
16230189
279112328
279074431
278966694
278524944
278431127
278371025
278121809
277978058
277922674
276799137
276327008
275774062
275384547
275086780
275018354
274532497
274322808
274023226
273916401
273712498
273586995
272362272
271915945
271627396
270767575
253468303
247658612
223949941
215545224
201580268
201548835
195545835
195545351
192951111
192949429
179988653
55512208
55066555
53833179
419336
279121420
278966640
278714360
278591356
277174738
277164023
277043443
276906376
276744418
276563981
276376034
275286948
275199538
274541940
274034883
274034580
274005437
273534851
273463758
273305041
272403621
253360315
251383306
251275654
249039221
248792344
247442547
226130712
209866419
201246190
195952178
195640066
193646128
113117512
76756136
21301088
1667325
521536
472387
426555
276950377
276273585
274791528
274370676
273835833
273600941
273587023
272418827
271970989
271967743
271627435
271188524
270985595
270487473
263456911
263206744
263106877
262066005
249971762
249668093
249145685
248492297
248206696
247816498
245766192
214088422
203084314
202242936
201795865
198824224
198495057
197315173
180223371
178603835
178603815
176908972
120183583
112865764
51070611
16210435
279122863
278971352
278850107
278831827
278816026
278467941
278454840
278446202
277921699
277501152
277475182
277375407
276823233
274931636
274467657
274047803
274047051
273530065
273128904
272426452
271591679
271584551
271541996
263702996
253629162
253227547
251983135
242983082
195523735
194489313
183481659
180224923
176937704
176766551
171125840
166359321
165707868
148939873
93067626
49455422
279282192
279274263
277437200
276908421
276558649
276368180
276259142
275764001
275356271
275072502
274150626
273980884
273649763
273645300
273621442
271980924
271372402
270964233
270833718
262704783
261970704
253305434
243223699
229962959
229736472
217577802
215221692
204428571
203201081
200561689
197340973
196249188
194033279
193643177
184423223
183525122
183525000
177617735
174248145
172024868
277963525
277736071
277514777
276654274
275928997
274874884
274636491
274184234
274061064
273454189
273244178
272052011
271620532
271324309
270510361
263679038
263395903
262891475
262085484
254089571
229736247
215890843
213676746
213185330
203844261
203840828
203840625
199597681
193411537
188995431
179193959
176778466
174247793
140221881
81595045
57180811
53924654
41072108
13941933
4280013
278787600
278723606
278524938
278491851
278443367
278294152
278170952
278121807
277320343
276672316
276369545
275892241
275579415
275578652
275520355
275358546
275031483
274394601
273835835
273688297
273372231
271759635
271495017
271223621
270717815
263974872
259479626
254896870
253319005
253293522
203844773
185006359
140221883
93374921
77665546
55998430
54051752
51957706
2879597
2119903
279235373
279133618
278617140
278492705
278491961
278431844
278036746
277977742
277976954
277976678
277531216
276929699
276849026
276448459
276357221
276357217
274993851
274989915
274901226
274112369
270182312
270112944
263048892
262512093
253229908
253098496
252664539
208405335
206147926
202961363
201891947
197745208
197604653
193736664
193736654
143174541
127031840
125623373
108317897
12605523
279269825
279269570
278859839
278760650
278110678
277522445
276724224
276476056
275346370
274469847
274319896
274084704
273122401
273122201
272858404
271018461
270773723
262464081
249038452
249037385
249037022
242281379
213954012
208623862
205414605
202529521
201695383
198425373
195860761
190156339
188322723
184417145
153409159
109109499
96002434
56745634
45175775
38484300
21301270
2202103
279308075
278768707
278760686
278714582
278448418
278327358
277374571
277032077
276611864
276376426
275618416
274469426
274462098
274377239
273676087
270790265
270787148
263347836
263294177
262550886
253360489
251447947
251383006
247311440
210755767
199978740
199890148
195801339
195640085
194595455
193268380
193237247
183052034
182115218
172368315
129138250
128669692
127692631
108964764
77942768
278827384
278802416
278226949
276906370
276849018
276814822
274138157
273891742
273645251
273482943
273400009
273364675
271954685
271627421
271627401
269992628
269946662
261965462
252005941
248822568
242498239
208739640
208734412
206907635
202639983
201877320
201841929
199975286
197300977
197299745
197162131
186483247
183038032
181449657
173449196
172369675
171089968
162025741
40750383
21147137
279309432
279273384
279133686
278833477
278053680
278043205
276744425
276591357
275660295
275617766
274526781
274150502
273835956
273730651
273676925
273534882
273509194
271956219
262852682
253360640
248445562
245768087
210755991
208739680
208739613
206480495
205819905
205813809
201292132
200768149
200615963
193263815
190741070
129138280
127692303
125432106
122521475
77942883
77222077
1941033