278690049
274069425
37946843
1453497
189170188
277412034
562546
278690058
273921445
249960247
276231113
279057469
189076560
271450258
75454165
278698572
44812542
206784514
192194160
403727
271528700
143172597
828643
184101377
22634345
10325548
270801550
391674
889764
437718
187279375
276252362
189169418
74332666
537562
41161739
435975
278712737
49601464
187308339
525925
115483166
278692265
5052279
216097690
403775
95997783
189169078
518169
180851234
59553862
2582025
2582027
278698569
19364035
200771987
777411
20424658
777409
549835
192951048
200771984
275007900
3715851
170490712
48557725
6557311
247931435
196516218
1686721
74332660
437471
535113
535831
2733013
650363
421868
566493
279131562
571996
724736
212314876
521147
572013
430846
278698538
274069413
978832
196516210
403758
275993230
275007901
212463299
152740750
694894
198436578
270550199
433348
2733079
22634363
525934
192951050
86756291
56906067
192987058
4538055
3483095
274188452
484012
430860
17944712
4719833
277401666
547817
407566
565984
650226
74332658
275825692
777402
278004798
278379030
278305144
430856
276425503
278819075
274069431
46332522
566362
481213
278979381
278819067
777403
73408982
506060
23223334
549877
278698574
12288564
405649
275024205
212212202
9949532
155110809
210156231
247441867
275419104
215040171
532273
136679796
277997202
277168606
73632439
437419
255317161
278818983
73200139
168962692
62330212
22373016
250056877
271780527
115780462
486598
192948960
481204
253471996
249766716
437784
7456637
562547
106208729
270108293
276756674
650237
192987510
180851015
407582
694903
275620970
503957
182980683
3840811
37946847
278692257
74451256
279131433
46332532
66636308
279112256
540620
271450254
278819069
271317439
430835
435978
200771995
212213008
274112471
271782375
777412
437477
279219140
181224759
275346620
204063080
5845095
276259739
136482620
702914
6479067
525928
160814510
6180601
77665076
186464788
183702836
195969717
77665078
69980931
196516215
23222667
278690036
77665074
276180755
6180597
221229388
435967
157054867
278008341
273609186
279244728
278610446
181224874
275993209
10595496
74332662
274084764
48980150
435977
533356
48557723
184913698
433349
505876
73408980
274814601
405631
437433
28726912
263646526
777486
195664845
278490498
156193933
276565795
182306165
195561470
276224075
278851579
540612
73633042
279162150
22935010
247938079
185903113
275007902
274112909
184495574
276736367
900658
260797533
213860267
274112710
177267173
203841134
272780185
275835896
272364553
273818213
73408984
74332664
279058925
196150461
137440325
277344592
105231155
392565
483504
346649
278722995
277374502
451696
276327750
275513539
74458470
3715853
274873672
39376929
204878452
136684902
187316087
185635679
66654812
491732
518170
74180822
540605
186495663
491676
407558
273707013
196180806
275531742
272249254
96806312
3869871
3840813
534934
279076564
650236
253412720
138183893
6414579
262792250
650367
3483097
69219929
2582029
69219935
568803
277043044
25000189
273887388
273640980
505806
273349046
276675720
195666645
185367170
115790151
182981128
2916523
175526834
246168067
271198538
1073236
272147666
208643703
167614352
109776160
260795524
205223945
270800657
260795522
595690
276425771
160747844
506680
506695
777418
777408
433386
201929213
48557715
278042749
777422
154235671
50367677
69219943
274084770
274352746
263208218
263085305
483505
271578989
4362289
273624691
437594
277314072
208290354
263588960
273636707
221229405
25208491
272464596
278725080
273463952
195526258
165092043
213519215
181224781
115521147
272939286
273867701
273678444
206360653
276134818
270747482
273166877
435972
20977115
276291001
497523
193450828
435971
48557711
777419
71682301
491710
77214396
162025737
818272
108130489
181453927
204872086
437749
190502345
271497954
477969
435970
273773816
25553104
277761540
429489
274020576
1661227
152924357
253681656
116143934
156192996
273689180
275588453
252550199
247898282
528731
37749674
273166873
6180593
100382905
272394408
82072617
371172
2789619
12622550
443243
650356
535164
193450826
274932384
433350
272830297
92492868
263585750
74865713
437721
491678
689155
192948950
69219939
271793578
354271
828639
270717123
7431457
273832089
272035254
277744633
279131405
704676
275190229
277452265
116455527
270942361
691574
73632348
50361619
48557721
273832123
275007897
215040183
42690043
104272697
214584869
209349534
208643721
208739310
278790317
270858850
271245907
274028974
274917375
210144944
273725317
249807029
274112772
274112557
258628322
215590746
247570845
160691629
258628452
246070193
215590683
215590674
216354095
248799305
248797298
248208362
173183420
272392750
273636028
215997678
215997706
192987790
271088514
261962560
37794068
270863192
109776189
167614647
277420691
273666315
51506265
262590310
192950303
80896028
177328472
177435878
177334977
186690940
177456933
109960467
155580331
185262500
121235676
185035524
177368385
205232045
109176859
109113800
109162591
91295803
109958987
109959842
109981595
185804861
111560459
109134852
115748402
111704788
112534755
222660266
222660253
253119550
168110162
92551703
252550197
248554156
208917629
248554122
181224394
278629893
181224749
181224512
181224701
181224845
181224558
165686622
274999632
73668414
206360901
214732018
274990190
274073536
276118967
272657900
272639191
48492233
270715359
270717121
177838847
183728062
273529457
273354323
198458251
26598926
881076
212462745
253666250
199541563
273166879
206482144
208682478
255389098
208648869
208643687
209349499
210138349
31658832
195523042
273166883
270715543
273503578
271585727
255388825
260795221
260795514
260797999
213691827
273968298
273672119
261839552
270703854
1453499
10367880
260795486
205694840
3483099
435966
48557712
42689427
212213129
106208727
253470346
270702661
274875186
5743623
146224554
270700183
253444080
272388416
277347453
39359916
71682304
173093784
124859158
217577446
222723756
253060483
191757025
249610726
197062950
167615000
278976813
271266976
274354342
768009
161245800
116961294
207317611
274875228
20957686
253060179
11809439
247931377
3619427
215914832
271579037
177829347
177844144
177845201
253090447
273180730
273187514
6925305
192950000
1217923
208118246
534869
146272156
271579041
279165673
271579043
190502325
271579047
181453946
109890530
76841910
205241053
121313191
137440320
115795520
109910906
192949208
279289230
48557717
270707558
205808195
253096022
278788907
270768547
225243102
215636732
210878234
274112905
166322206
209298950
274112340
210283549
273461711
146271516
32855263
246068329
260795512
259310883
246014388
246018436
160691515
247906110
253412896
171852672
270483519
25557384
274112913
272140356
247792793
271995295
109962135
177403448
109848084
177454891
182797489
155642834
195665620
184314846
109980753
91273542
177468933
177334914
186691759
177308146
195656918
111485859
273475198
219156884
272406264
273586427
261005613
192950293
271089491
185096380
116145713
263863585
276327733
204069149
271323938
252041179
181224696
158868315
271326061
177977596
202217611
273316879
252550201
270863161
270863189
279054340
32901467
271100038
273166881
182131386
104628459
248191506
276565793
181224629
278532505
181224784
270715361
136482636
142418727
249114768
277467271
252856986
73668416
279092209
274188441
194793805
274186802
4439895
4439897
273656059
177518593
177518919
6914097
252406006
200719168
254078698
70665934
260795476
253660508
271090499
278499834
260795180
255317246
200719166
208682474
273166871
138342801
276483224
200010589
254080530
255389837
258567202
50322346
208917264
270103775
217535298
212463204
273166875
276308778
270715539
273818409
196858157
270703843
98870917
98870092
4890797
2001025
5743631
261839548
274920908
55552213
138342125
263085346
252040922
9949536
273949757
276675737
278819502
42689441
171468244
209174527
279166577
100285142
279218780
261005602
261962546
248619715
278070789
181453813
186139590
181453773
272620320
154224345
181453878
23462934
277995119
278090692
276851723
3483101
48773246
263207580
146271552
192988056
112334877
277347477
253059901
279166545
203945344
146272158
22634349
5743637
48364405
215040205
279269836
185925223
74992394
152740746
272918184
5743625
253444072
190502288
186744540
253062578
5743639
180609888
5743621
271579035
146274549
355790
184589282
273461290
177844643
274875242
76838074
442423
184442393
273980300
184414933
270774111
273953811
275007899
275007895
47242758
275007912
279243379
242076151
221229418
276418970
277998598
209905684
271246638
167615074
270126606
252134082
210276088
261005597
273420329
210143559
210878250
273725012
274354607
273475275
36850680
274112510
259515055
246020487
246159155
160691554
258628372
275942716
92010299
275942722
272842468
273160272
272349419
273687942
273374293
184247501
276230318
91298955
109176485
166156998
177347956
177496402
177462078
177335756
184775623
92084532
81510357
185042990
91734795
165998016
186273665
177843811
177835825
111362974
184415314
121221107
177425299
108831267
89430026
109926026
109913587
181224815
181224417
164379530
274073463
222660239
272249236
252043183
252041161
262972880
181224764
250073998
92552146
146224725
271234856
270801992
160691580
247302570
274999630
274992586
140436671
278042621
261005606
275338062
249001059
276327731
197899981
206334824
137478246
276008819
276319836
272048253
270717119
73668419
205523548
272984601
189264034
274188354
263294441
274188408
198521050
173617068
263045281
273887891
279165730
276290956
276224229
276191223
275505822
273927570
271326464
270785978
262976083
260795277
255349617
253585835
212463047
210964957
209902408
209171764
208682456
208648857
206474189
206331633
205807486
202656448
200032477
193900321
191410851
167613745
160691528
138183863
137410502
98874291
92551517
91471509
77627262
25494703
23226959
4439899
3637415
2592097
1753103
354831
279245829
276851635
276391973
275589315
274875240
274875222
273960222
273953801
273624695
273623282
271579031
271578983
271319861
263646530
215040227
208778425
201088125
197639037
192838131
186877014
185637109
183725549
180850997
180399981
161245808
161245802
152740751
146272047
116148088
92905409
49994425
48872750
48557718
22634368
22634357
20977257
14813659
7775736
6479543
2001021
278775558
273690568
271245646
261982683
252178535
207566010
205506413
199591734
183702479
181454047
173420541
154953468
111557552
109936232
109885902
1453501
116506899
279302765
108843313
177383225