279134330
279048324
278591192
278490811
278458761
278451231
278381012
278306502
278214685
278196096
277490316
276653469
276479704
276400028
276376652
276314352
276160169
276135509
276128666
276127300
276127162
276121280
276006064
275942420
275823545
275814738
275814715
275698416
275305711
275244109
275188946
275158833
275106529
275058386
274989907
274989708
274694335
48898734
10381816
1938893
279232374
279217783
279214424
279207224
279116575
278451370
278214581
278214493
278214478
278214427
278214023
278128631
277614588
277614556
277613431
277466860
276314226
276246191
276237611
276128469
276121478
276121377
276121261
275909930
275882898
275865322
275823543
275044449
275044395
275042953
275042916
274920825
262781815
253053139
208907158
184774163
178035270
175885199
12710043
11372055
279170772
278975670
278306680
278214405
278214218
278155262
277925570
277613459
277613435
277613428
277490312
276314649
276314214
276263088
276241878
276176922
276147275
276130497
276128971
276127350
276121260
275965544
275818436
275442895
275244108
275085969
275080402
275043279
275043272
275042999
275029548
274953195
274923025
274844318
262690321
253053365
253053137
200023600
199118854
36702055
278975638
278451467
278451277
278214519
277936353
277613443
277586202
276499272
276314641
276263126
276263108
276263087
276246195
276127473
276121516
276121390
276121313
276121267
275859374
275264082
275043206
275043172
274920859
274694262
273934486
247376602
209610658
167030903
36700815