279043030
279042613
279041505
279033136
278942977
278788941
278755870
278235868
278005619
277555679
276828592
276809612
274677111
274673978
273303368
272558564
270502177
263115035
261157186
252892484
249825904
214766319
213936774
213936767
208056435
208056367
198285294
138196694
137187968
55285808
2530747
577212
517233
485308
442309
424839
365745
342742
342102
337193
279046466
279046366
279045894
279045582
279043668
279043372
279042095
279042005
279041659
279040655
279040577
279038152
279037804
279033244
278717657
276657126
274673573
274287361
262877005
262516799
253350371
250098986
249921423
217517677
195283823
195283815
89481158
55287230
46757542
7203073
2530869
2430579
2430577
2027429
474654
462863
429059
421281
416348
370421
279124529
279044264
279044002
279043893
279041671
279040205
279038154
279037644
279035906
279032862
279027129
278971053
278942993
278113400
277596640
277427711
276666452
275005643
274992065
274364374
270845656
270808340
263098899
262651715
249921549
249825855
249825702
214766224
193101541
58710988
42261052
647906
577219
574429
450147
436034
385504
373268
339697
339589
279261974
279046304
279042870
279042133
279041889
279040593
279040505
279031826
279030756
279030674
278789828
278785267
278722665
278719062
278062747
278054967
277427647
275005653
274675361
274675089
274674559
274673071
274673048
274673046
272532899
270808402
270808384
270808334
262851269
242076415
208056387
206715327
206715305
193737151
116571868
101871332
51991126
50247575
43751954
424843
279043138
279041947
279038346
279038302
279038290
279038204
279038138
279038026
279038006
279037784
279037524
279036972
279036851
279033398
278586112
278051907
277427624
277364414
276957923
276149661
275890524
275890456
275890390
275890382
275842282
274991742
272532906
270700383
270700359
270502265
270134922
263388458
263352517
263196777
263196718
261157781
253350341
225935865
198285611
25204469
279045714
279043616
279042655
279038172
279038088
279037756
279037742
279037120
279037076
279033400
279033016
279032994
278824719
278809597
278586152
278510583
278444747
278052181
277363130
274991870
274991864
274991730
272559660
270502191
270502153
270502147
270502135
249921553
248789423
213920395
209603500
204090665
192951446
192951424
192951410
95491031
4552507
2030509
574078
550160
279261985
279046564
279038450
279038436
279038308
279038298
279038280
279038274
279038148
279038130
279038110
279038018
279037874
279037856
279037708
279037672
279037660
279037580
279037562
279037514
279037004
279036216
279033366
279033248
279029654
278062899
276191005
276190967
276048636
275941971
275890424
275890380
274677857
274674790
274673077
195696947
119699006
101870942
101870772
88043597
279044366
279044290
279043058
279042023
279041959
279040617
279037568
279032719
278718591
278711709
277010732
275005578
274677190
274676154
274167978
272532979
271272621
270808368
263196619
249921585
249921540
249825686
247902388
242718253
242076425
242076413
213936800
213936748
204437458
202494068
196058189
195472354
195472329
195472310
195283789
87045120
55288151
48755694
19808847
7194295
279043676
279038322
279038086
279037728
279037550
279037480
279037478
279036683
279036306
279032810
279027787
278794446
278776227
278730147
278727491
278719770
278717650
278707906
278164297
277427658
277180701
277180635
276368854
275970986
275941931
275890434
275890362
274991874
274991825
274463492
272532967
270502281
270502227
270502223
263450750
249921648
195283726
192951434
117985156
116456123
279046252
279045169
279043556
279043264
279042047
279041843
279041813
279041639
279035666
279030900
278151482
278062787
277017620
276957717
276149651
276048698
276048668
275890526
275890376
274969870
274678072
274677501
274674292
274673180
270808400
262730367
249825693
247902469
242076477
242076474
242076380
209389058
198285227
193600992
190709021
140763292
102758200
101870535
577255
315821
279270006
279083434
279045898
279044488
279043260
279040465
279038889
279037962
279033226
279032970
279032820
279032579
279031683
279026645
278586080
277180779
277180777
276161701
276048554
275890374
272559694
270845610
270845604
270502283
270502261
270502175
270502143
270502131
249921527
208056342
195472267
195472241
195283783
193737128
192951319
192951251
153995574
111109189
58711518
3687849
279042940
279042882
279042880
279039497
279033252
278586090
270502215
270502119
116571788