278130374
278111429
278029138
277964993
277809461
276933761
276933759
276933757
276933755
276933752
276933751
276933748
276933747
276933744
275716180
271957652
269973488
249875527
248544492
248544481
248544480
247741459
241748808
115693251
103379153
99944798
74935639
74935637
50367673
50367671
16135291
16135287
13443886
11368983
11368965
3344263
2987225
1864759
1534619
540039
278238309
278170173
278116973
277458811
275986784
274843714
273678209
273676348
273434634
272864400
272267446
269946660
263484154
252040968
249875510
248544488
247938094
247933416
241748796
207811604
190502329
177703611
129937250
129937248
115888375
105737809
105670440
97822658
97822130
91864225
91861712
72478124
52586686
52053255
50367675
11472698
11470936
7709526
7625304
2466033
278769550
277964846
275986787
275665073
275246078
272864409
270186665
269946652
263484153
263484152
247936770
247932995
177860524
129748829
122948993
122093118
115827792
115271221
113525859
107419178
106348454
105737807
103379150
103379146
95035999
91861134
86947311
74441132
72477857
71948062
71760969
71641411
71125311
49601074
48565678
19449356
19449079
11470329
7771864
1040956
279312372
279312172
279165315
275141252
273676961
270481217
270335681
270335629
270112901
263484150
249921250
247933001
193268601
147570470
122277394
122092324
122091516
121677905
121661919
115901690
115901686
115828883
115686334
107419172
105737825
95031151
91863087
91863043
91862001
90851546
85175302
74935631
74513350
74442346
71702550
71639739
53562135
49960409
7710132
6754225
278854132
278854118
278245993
277458809
275986783
275665539
275658649
270862781
270858930
269946844
263453071
249921252
222684296
146491466
122427384
122426951
122277604
122277331
121678120
121661952
115689134
115685817
115277666
115271036
115265253
107419184
107419180
99334038
87896312
87547213
86925928
74766367
74442603
71682082
71681865
71674402
49721424
36257936
16135289
2987235
278836829
278769494
275986781
275339765
273678069
273434620
271956509
270862766
270862756
263453364
249921315
249921258
247936757
247936738
201243700
121680617
121678719
121677782
116040069
115972255
115936158
115829795
115828180
115824256
115694996
115693360
115690706
113475697
107419174
107419170
107419168
105737823
105737813
99334383
93182043
91778956
74766460
74531908
74441632
6630307
279312209
279308564
275243312
275141751
247936774
247936753
247933412
243086157
201244239
122277591
115967612
107419166
103379158
74935635
71950114
37793597
10595372