279191156
279124419
278628038
278115953
277564121
277504506
277361865
276478186
276464748
276307662
276159900
276054638
274872983
273714425
273638852
273308611
273260670
272918765
272918706
272839131
271418920
270830676
269981526
269981380
263596243
253100005
249662752
249054305
248774220
243093004
202497824
196517627
188940817
183540838
169749419
161256053
144379995
79937334
10297987
7308707
278117029
276653805
276569478
276569402
276479730
276308024
275325107
273714403
273643459
273333420
273308309
272392895
272391106
270300309
269956600
263639540
263587017
263563274
263114643
262874917
253362336
247273793
244299862
214824411
212603129
204874725
202854834
202769939
202182078
197618967
196757675
194205649
191148978
183540842
182484168
156821185
144380520
144380003
144379943
449990
278490683
278012130
276464772
275586542
275236777
275195013
275069702
274169028
273653990
273624498
273624485
273474853
273334081
273260610
273219888
273129340
271626763
270501945
269852011
263596572
263585656
263100158
252130372
252129444
249016567
209349544
202055739
201430936
196527488
191915110
183540846
182484932
181993136
159654667
144380348
144379666
144379658
113004492
75283346
10297993
279259418
278863082
276307634
275072952
274140979
274113253
273959905
273332797
273315080
273304757
273302019
273294173
273119735
271326956
270057833
263596551
263587013
263100176
253052064
253052062
249662746
249662744
214824462
212256458
203841368
196544415
185271848
183540832
180967902
173632745
159884953
75284571
75284569
75284545
75284541
75284538
75283348
75283340
72882543
58709598
277026767
276398971
273786273
249662750
195946673