279177274
278112754
278028593
278025930
278022270
278005070
277992997
277974091
277944661
277941077
277891014
277877225
277876967
277870748
277770395
277736690
277583061
277582721
277575533
277573971
277573696
277548984
277445692
277427536
277427501
277427473
277427281
277427213
277427109
277427101
277427093
277427074
277427070
277427063
277427041
277427033
277427023
277427021
277425482
277425476
279044992
279043678
279041583
279031597
279029098
278720821
278510622
278096822
278055452
278031402
278029773
278028201
277837502
277739898
277739459
277609546
277583280
277573766
277573542
277554517
277543486
277427747
277427656
277427643
277427592
277427569
277427542
277427293
277427141
277427133
277427087
277427053
277427039
277427036
277427027
277427025
277427017
277425484
277425474
277425472
279031116
279031022
278051905
278035741
278028486
277940676
277877004
277757909
277739773
277739701
277543371
277461908
277427727
277427689
277427604
277427138
277427081
277427073
277427067
277427031