275406600
277809376
186286187
276944781
276497151
277165432
273534078
82912488
40933969
153045601
276344688
216437675
79555641
272392161
276497185
275948798
140360872
76014598
274761752
278895130
278055600
270529639
275396866
278893206
1208799
53545648
278724609
68823440
277398406
52004412
278724617
205610621
277228776
74608741
278760554
53434623
276379931
279282096
255395241
275948805
131144753
278816032
278229660
276497181
204806201
179063963
176824195
278192559
249178401
760853
176824206
53128072
255395245
278837733
249694167
275852951
275853192
276075295
271096617
277045427
198898957
170706974
274063729
278863196
251547354
175700818
275319759
90056903
275863855
87600810
270713936
12400846
47242845
187791770
274049786
273118796
278025330
750781
277045403
274926603
196488132
272362278
277313364
274944416
276065450
109982849
176118765
274173569
271095549
274174041
10303679
177860500
257758625
276489092
209867647
275244155
277267255
161497798
275591569
272412121
276330140
204806203
278632673
278238131
270789162
277816110
279191508
276683453
199040148
273708805
273103346
274770354
277995287
278837632
279145553
241758808
586937
171549940
57771314
274836254
269951247
278659371
272369236
273896964
76688366
173135227
275863881
212484329
277740333
73553844
433287
277992580
273708796
76014604
160488881
273729040
277808916
24744422
403072
274174208
275948802
1355399
275148257
178032058
185910756
278816036
278749371
48629531
50303829
144772934
95311759
273356633
207194170
32192503
277816006
195954729
799109
277505039
278837732
530357
278296341
90576496
554940
277320305
274761754
275948799
273202452
277470890
275818649
277621854
53244803
274926599
276680033
274372475
250063806
275215510
275101757
10726843
275034811
73586947
278055553
274797276
177321518
279273900
279214872
275010420
275264309
275950622
278025333
271118631
255395249
106243682
173135231
277987891
273851337
271981709
279056221
279103114
16601446
278843835
276363479
273122805
276680887
271953923
992029
46723648
438704
243058309
579823
11954630
176115533
273896902
183679021
87457179
131138713
31063629
278090828
84254217
209379479
205696131
221365568
274168471
278819418
84243040
278192169
276083975
194451533
148937423
273533613
58946834
10073118
275264351
459313
216285721
145582044
553138
278676842
277621855
275950628
277750356
275264377
278590964
277624119
100947278
275520299
274086119
78974744
50070695
273429543
455271
273046888
272496306
171821059
252672558
276642074
275261182
10101862
109864301
276275020
19783674
273928878
277976202
203933657
273419985
253580667
274600049
53467573
278025565
275305925
209430637
273558072
203929839
423191
262812844
66067655
275376836
275148662
278638383
276732866
271960042
274797592
248277096
261943977
273886196
82996518
173911223
208613403
272618376
275777746
273904289
160082484
192376848
63473607
212047494
76175341
278814478
273454419
274949993
270704065
276376938
37401641
262734526
273851338
278599745
270116454
230017762
276331307
72001040
253293502
271781389
465203
272886549
275853603
196595660
246209144
275277638
274836362
274947130
275770120
205695111
275264338
246851950
278730305
66777055
261943985
247291773
199045274
146272616
278037637
195192138
275922421
250980336
278025332
262734517
215752243
274773713
263326022
270707930
278701310
168181886
270121755
252911565
107692086
276145885
273634553
273305230
247930810
274875185
279056224
84870181
21416786
193916024
275385316
168900792
275105656
87457177
148873486
277586092
279121931
35130846
273897572
127032589
277621857
275917625
276497162
275694138
278883392
274802769
58067160
9806652
274989058
203995468
274363342
7063033
57647474
278399141
11023193
193910794
275485466
276636733
275016991
275170725
277725790
195192249
249042870
273608282
184476526
8022954
273637099
60863035
279107492
167614654
273537981
275038876
76105410
403076
252794580
193605366
270453645
186369171
277976490
571396
276497188
94090411
94091658
181809052
208650083
274920832
84898824
278437922
531395
486643
230081854
271516874
275303017
248619221
195849668
201892442
186972955
277383364
22968838
277975469
195516256
80981526
230017926
270274194
115978192
500709
176132376
278994132
201631489
70847902
250057620
403078
277392828
278777063
140221902
242420976
263950163
274064218
278922333
247901530
180749886
278731661
272912934
275721660
192563425
275406590
249791384
273851345
278719409
531504
279121959
270658993
213678473
278871954
279004745
275264343
276400831
274169806
255630353
14616042
195192110
278124419
275630380
262734520
252648367
155112598
198889468
271095547
181982657
118582616
274883986
278836987
191806913
270257651
199903842
278025213
53545652
564168
527875
275567776
270730858
198902533
253310591
189688523
279100004
25186166
277837459
251506874
74858366
262830411
73744081
248216009
277387399
73532534
50322393
200768216
192290272
149974916
39523256
262664376
212326109
274064769
278519094
187746423
50330238
274055685
84244733
273157890
275466296
275543619
72742668
83396167
195192084
278326209
10702692
278025217
273385517
241121387
270766700
275244195
193638742
128711715
261962027
273418890
243808130
273250465
279162225
210163739
273315113
272019136
275493094
278037378
273852090
279231641
54778645
275213217
210510181
270704537
274652170
126131357
189542968
139950123
275034848
75953559
403074
273494066
278631547
44984248
613112
273529947
68059438
74038272
109864298
475153
208230588
196018786
195192253
261956825
252134102
103865575
253300225
104795326
107890147
273667028
189945432
279231637
205119155
132304418
163739501
195254406
278076738
149969470
270678269
402523
272382638
262812842
271585721
277519423
278951367
20447485
246168912
249823155
137941508
247679539
274565548
426755
277288883
435812
273221480
42336643
242663618
136595608
274680048
113084041
162528739
242663632
59344694
278836845
273787664
276056117
277514121
196280121
274800290
272030265
274919160
270501975
273219180
44338769
5404371
273341136
16218137
249033885
270138531
278725091
278725115
212051393
279169678
279085169
357050
279177000
35579101
174321363
208739115
52853154
252928475
87447652
761039
213969589
277614594
277613445
75700741
273934002
945978
277919956
206673646
186199712
276165557
272238087
72944059
148866350
198295312
273103344
1651907
275816426
84233791
275149175
204806207
278853333
274408805
273609972
273238593
272912863
271126101
263104958
258379605
248882116
246772809
241758773
222716247
196280123
192560862
177045612
137375218
134583805
109876362
94259212
75482807
71974464
35974624
23879176
7069213
278892820
278756680
278663334
278306340
277927404
276929229
275279688
275237221
274627928
274555958
274449128
274325375
273645284
273608034
273510980
273464399
270223546
263682272
262664347
248424569
246852561
230017802
215752241
215732911
215725888
213144334
207565795
190624521
188492932
186394907
185858116
180865851
144280820
137968383
127814388
125280059
73183407
68077522
536525
531518
277621849
276952327
276364194
275923109
275777745
275606499
275182533
275071076
273561352
273452102
273118811
273081360
272474148
271433630
271270210
262797765
261799560
259767802
254093232
251547362
242124191
213992884
207959037
207933221
202529635
196515346
196377989
195797307
195192131
87244153
77776710
76274236
58440817
47802316
23619294
21537831
1681469
455035
407033
337857
278904203
278730090
277936315
277750217
277581688
276023851
275143423
275021337
274587887
274170658
273888074
273475419
272530379
272468655
271537264
270723508
270502062
263117519
258670071
250077971
249252619
248411805
243808126
219150407
215725896
215561343
214759165
208508375
199538983
193211935
192734236
191136696
146272186
143694647
77231729
72679575
68077488
14981160
11783254
861460
279197496
278631403
278566381
277921778
277839301
277621847
277383403
277184277
277174163
276897261
275529137
274544087
272165207
271585504
271383548
270704061
267339694
263704852
263483763
262423947
259512980
255395243
253284245
253258492
246855107
243045754
217125834
212993131
212324156
211303680
205696898
204068765
180720936
167615518
167019843
155531932
110970732
70743645
2126449
494057
278901813
278814667
278093418
278069015
276645102
275928624
275418632
274932816
274875218
274086086
273817324
273666427
273600910
273458698
273326879
271327008
263209496
262725550
249794706
243273646
242090901
226362701
222614828
221236054
214732020
202961345
202529289
158973681
148760924
127032981
119703611
107454071
73855003
48873341
36495307
1355397
787785
486268
471553
419136
279137809
279121917
278832147
278807713
278772023
278659374
277565057
277086556
275322712
275058325
273980680
273847018
273595758
273424626
273314579
272468194
272431228
271998150
271485234
271329521
271122612
262050476
253300254
249570295
248882289
248882106
246397548
243087590
242078670
219149615
208623909
207752897
205810520
185860532
181783088
177920897
129918826
77231047
68077496
36330517
279177017
278726117
278089387
277854910
277540147
277463029
276952411
276929255
276625027
276412133
276332647
276270661
276148711
275254099
274885985
274049782
274028314
273310037
272852835
272058336
253394436
252166063
242760427
207395693
205274162
179398420
166529609
162259627
162025665
139975194
138279943
106362415
97810348
88862132
78578208
54917383
750563
685508
573654
402366
278120876
277006992
276612370
276489510
275917657
275852846
275627029
274587888
273600853
273201067
272918129
272244700
270962941
270962933
261801749
260924960
249679120
220910653
209867778
208917314
208738931
207515289
202529223
200023618
187601118
187156717
183512463
179978820
161983634
154258876
109864304
52889852
41241737
37572403
36830962
880036
541230
540402
484342
408640
278831682
278711690
276929245
275302540
271961350
271134912
270759964
270544132
263273867
263273844
263197206
258805937
253325729
253325724
249679215
247681095
246852839
242433761
224242514
217510065
215737468
214930602
212048490
199101334
196280119
195286798
192170928
189462901
189035759
181166062
177309405
154441286
152559236
137440046
102108311
92551278
74417191
68077544
68072866
12502908
279289868
279226318
278076944
277717136
276929263
276628046
276381981
275210419
274713612
274372465
274136593
274028572
273958568
273910333
273851342
273388745
273296299
272830336
272048231
270804402
270791505
270711362
262074882
256500842
244318378
207643833
196381964
196376992
196376855
190507026
186165463
166437169
150019330
138183485
138180896
120183374
109369047
85654200
49180670
15535544
279292687
277555079
276412185
276306213
276111387
276109452
276042009
275320781
273817333
273713327
273666889
273609128
273502648
272620331
270114180
267177654
263980980
253662100
253661668
250057630
246280199
243324602
228842099
219150504
213967078
203468810
195822641
192022711
191571986
191429788
181979375
179786803
108130821
103813929
94237141
77231309
74774642
49001372
32412011
26078377
278448906
275322408
275303374
275143708
275143151
274926370
274660565
274632903
273608170
273608004
272764755
272382611
272048167
272032356
270711495
270707962
270244228
262812846
258670003
255406887
252675587
252167994
248884198
248524544
248328148
247896898
246208845
206605370
206483391
205748807
201801860
198902556
198359415
150689278
138342424
138342422
137423669
76252016
31863924
11963649
279177019
279177015
274247926
273608274
273161599
272764775
272037395
271102012
270803528
270441869
263027550
262725384
262725380
262570478
262050492
259512747
258605074
253300256
251998478
248739574
248460901
248085039
245770157
215730398
215548583
215146557
213959802
202239060
199011563
195250030
191658964
184495990
178711290
176784943
138327454
114945291
105304388
102108272
77231070
68072852
277940835
277929292
275731524
273676383
273667107
273594748
273584342
273314585
273302359
273263782
273122518
272836474
272764767
272267394
271662082
270759129
262074106
253239637
249823732
249044086
246279349
246167298
243808128
243059567
230347058
230347040
230347005
230346841
215730440
215548563
205695064
201807662
195192220
190489676
181910593
178937737
169917407
124893045
115758511
65463519
278832431
278304173
277387397
274635766
274423377
273828993
272419682
271540309
271421238
271245030
270772556
270257090
270123335
262664419
260860862
247016962
247016947
241129022
229782377
225209696
225209683
219151109
207831317
206838141
195656694
192276425
186265573
181787998
181784327
181674685
180923983
153980968
75516314
63924415
55650075
54819808
48463727
26527761
22084895
20698627
279299013
279176998
278293008
278035143
276451776
275319761
274989070
274632894
274546359
274118034
273868397
273785911
273243233
272454768
272431257
272155865
271270208
270744176
270716329
270704437
270119843
263112404
250057622
225209692
206474402
192883233
191148976
174321389
172313400
160779609
138183824
120070072
91848331
89604359
88881648
87457181
87447664
58992085
7266521
4055471
278639351
278152289
278147654
276914864
276598915
276567924
276350643
275418624
275361446
275283382
275190793
274947802
274064815
273551259
273464376
273453128
273235596
272999393
270921260
270453655
270257159
270253571
257835597
198202880
195732852
195696300
195536301
195192100
174321442
172024597
119699181
108957019
105291906
100105809
87834248
85623591
77900271
54622524
41556296
393752
279289851
278307057
277916521
277702256
277436401
276502169
276326927
276287079
276249824
276108857
275922915
275802327
275105658
274376204
273645247
273643352
273399772
273162465
272830089
272597303
270750344
270716967
270119845
263693451
263484416
257835575
216437673
213857070
205807568
198996074
196280091
195192195
192948630
181938700
149781030
137445546
76469398
68188685
36371935
538812
278451302
277019927
276744957
276129201
276103409
272918385
272833911
272577498
272478421
272269839
262055519
262055506
261809516
253499202
248230919
242663606
221255530
202232526
197530297
195854401
187149935
178831515
175845302
142419091
137569833
137131087
132171688
127031882
98732910
92010787
84898822
81419769
54539210
53486727
53261238
49922644
37216866
36701147
32686684
24835043
279236723
279236714
278326170
277621852
277621804
276922321
275377546
275025178
273583869
273477858
273465957
273271865
272940710
272434876
263558422
263334734
261943987
260814615
259483253
254132154
247808425
210274873
208286616
173738192
157258911
134777694
133067116
119309783
77324123
73597545
72680637
68729827
57767766
42545435
34747215
32900059
24030263
688382
419135
380701
277476781
275924956
275917565
275418173
275384595
275322114
273656730
272367963
272283669
270625560
269953766
263968732
263209528
253499197
249496554
248005877
247719273
247390710
244170014
243245018
242663626
209295338
208648721
208233220
207342517
202343657
195704000
135266784
119285026
107428019
107101936
72001052
66667606
66667473
55695391
36701211
36700932
22472017
529983
440825
275731528
275336381
275335532
275322028
275087151
274844377
274364255
273888364
273608118
273608064
273608024
273607991
273607988
273314580
271585555
270725802
270715298
270707964
269901907
262725378
262050497
261958719
253310601
249738464
247925835
247540387
214582339
208237620
205705277
204301990
201623895
200852345
198898186
196021433
179232845
129138582
88861612
75579390
68072858
41241741
279137254
279127937
274587891
273608284
273608208
272279108
272255588
270766716
263575309
263482254
262765946
261802007
253310596
249823744
247059627
230347069
230017669
229714510
229714504
227759764
225911054
217385229
215730479
215730473
215730438
215561861
215382726
205884945
205809920
201391228
198894887
178329969
174604715
174580004
171154318
101418301
68077516
68077484
68074362
68072846
279219292
278922367
278832435
278294698
278095937
277927052
277589084
277167737
273967682
273825551
273645992
273401387
273254608
272661453
272029928
271665116
271662743
271540191
264018775
263957676
262821221
253720821
253182030
225209685
214889694
213705602
208192948
185856623
181500410
181238158
180749651
177860516
177703646
176731713
167614231
115710758
114945471
114945431
82885817
66667576
278729672
275426019
275275423
273825542
273646027
273584334
273228333
273171331
272392445
272361766
271327689
270991089
270442157
270239342
261798998
248574724
248277773
243087592
243057772
225209679
216900581
216285807
215720749
215483654
214932962
214930757
212985948
209403362
194017067
189046703
181147242
176050034
140368208
108298973
92551431
91847925
55439583
55193603
52197356
32527515
278566201
277837032
276957870
274989807
274882721
272000577
272000208
271316430
270839658
270831864
270711404
270116464
270112607
262688077
262664384
258820785
258668403
257863296
250059501
249696380
248789810
248789798
248789671
248789669
248789667
243087588
242433792
200790283
200790217
200768212
196376989
196376864
189462770
179145856
157147261
84305150
68077520
68076458
68076070
68072889
279231643
276929247
276929233
276807819
275202900
274887975
274064767
273663099
273162491
272828884
272554863
272166352
271360380
270743877
270300520
259512784
249036060
242767426
215725890
214815529
212051183
209176873
205705283
198774284
193910681
183561007
180609894
179979170
172313431
169377719
162025616
153291103
150033866
137127669
129028220
123863670
100292850
95073953
12649322
10697626
276598911
276244834
274713751
274364556
274067678
274028624
274028610
274028452
273608270
273188854
272321595
272002674
270745301
270715344
270714823
255410105
254093226
254086718
253258089
252854337
252853795
252169877
249681017
243090202
230081852
224247604
213691961
205471921
183481734
177860522
148924995
119330570
102876151
97987793
97857283
93179511
77231511
76730165
76070432
59547962
278450551
278448747
276929235
275189085
273456916
273363710
273152284
273127629
272497464
271822515
271585529
270820193
270744032
270716971
270716315
263496238
263058983
261834642
253395961
252637286
250057628
243087596
243087594
214930474
214154990
206361191
203844485
202160836
201630589
201034214
196050667
181782040
180609863
173449364
162140331
159034362
137440037
92551524
91848039
5851643
279302528
278457529
278371017
278326547
277993750
277040979
276065568
275987000
274858647
274550112
274372424
274028507
273399584
272048145
271529911
270715305
270715063
270707960
270701371
250096244
243084627
219151872
217729243
215725892
159484593
125237373
120183269
105778964
104806756
95125743
88874467
75603172
74024706
44860086
42177980
23191030
19697197
1275577
945944
469896
278152285
278042602
278004906
277976774
277604180
277383393
277097170
275148265
274968374
274926404
274626006
274546357
274372011
274049785
273462203
273406101
273304831
272639272
272058957
271270168
270716331
270700228
270268760
270119839
270119837
263197203
262346631
252639478
213857314
199869509
194954045
194568670
193511854
136939558
52592318
51720404
36678672
7393215
6215021
5404379
278882115
278650246
278491891
277977232
277463067
276937083
276912932
276161528
275771455
275413092
275083424
275019486
274932177
274870708
274561578
273729018
273643767
273371743
273341076
273304815
273081392
269946884
263703038
252912034
208403367
206248642
199969324
199969213
196579322
196280125
196280113
195192148
192949150
189492463
186080465
100947294
95866352
57147346
22650284
992021
278631443
278326105
278124421
278025223
278025210
276849032
276681830
276368767
276233499
276114685
275928436
275912760
275802339
275697190
275034814
273851341
273639667
273459412
273424029
273406091
272830033
272135643
270141955
263101455
253095302
253048207
247390426
199969349
181808979
168900817
164323240
164323206
158868336
146274108
127367992
109982874
107798573
92010650
75639692
23432493