278908035
278631732
278059034
277993576
277963567
277314382
277014339
276830383
276473264
276452126
276123443
276123435
276123429
275739080
275044507
275020956
274361702
274055727
273409265
253473946
253473926
248939590
214493577
213913984
206307750
179735874
168359005
130996084
113228772
91343892
91343810
73358946
72206742
47992475
4309067
3718031
3717993
1383707
478433
474541
279102234
278959594
278870241
278641988
278637373
277993558
277965245
276497161
275034817
274970379
274761045
274055731
273737654
273282770
270980676
263034532
262663925
253495902
225912274
221230968
215152337
204216303
193433626
181926172
176064225
146077308
106864375
88792560
74991834
73355339
72642579
72206747
44627538
12081410
12081408
543208
541360
430356
412892
357023
279173536
278837063
278691671
278598085
277314916
276451792
276344675
275898049
274358212
273622242
272458001
271410581
269951251
253473942
252857456
252004133
247391009
214515120
206840672
199536497
193701857
189648532
179955392
177267220
174609866
159015506
153541250
130458966
128711721
117202633
77230265
72642589
72542483
36370086
24165418
16583811
10191440
438310
431167
369108
278890923
278491285
278117493
278096830
277030911
276662114
276123427
275030579
274746359
274423364
274031656
273600441
273523484
271967572
271270198
270980894
269951211
269947158
250078383
247938420
214515116
206590820
204027455
195216136
188844470
177614724
173890258
169818358
113430160
105672949
94383189
84203049
72680634
72542485
72206744
55321170
6675855
563410
562582
453838
279059902
278763692
278763364
278714482
278436052
278278130
278111517
278059129
275264353
274655682
274540905
273520628
273282784
270660740
263975007
254080845
254080843
253495912
253264248
248329398
216211258
215560788
213913989
213913723
212042571
201622673
189557286
178032267
155379548
136796324
99056724
85029029
56274189
8047919
6593225
1383705
970266
917692
643708
405352
279134438
279115845
278930273
278018102
276473232
275839386
274936381
274361701
274097357
274055711
273990703
273719237
272306654
271448837
271098585
263104230
253308238
252389854
249533710
198414180
194794269
193771523
178458180
178458045
175445829
175143797
169910538
141999300
99851795
94384785
91343899
74569879
72647908
57325277
14497364
997857
968193
545959
468373
418172
278837076
278746115
278519202
278024844
277988993
277484074
277413572
275716160
275224237
274806565
274364980
274361681
274055713
274031748
273356431
273179745
273085435
272967210
253473901
253473898
253326702
253326695
253059619
252591767
248329409
225912261
221229953
215141281
213527148
200013637
197667734
194595379
191429603
187600440
186256554
119087146
67624665
946136
602980
428852
279188178
278114453
278001451
276497167
275134373
275034850
274635577
274454342
273667788
273247284
273245998
271974470
262055749
262055747
253478682
252857462
251551360
248167759
244168748
244168744
221230973
221229963
213913997
198414176
196901224
194408504
180924354
178032261
169910515
169817958
104328588
77204029
58268326
1073276
1056762
1056756
922389
650820
495714
478483
277873993
277873924
274444863
274444007
273700948
273667846
273643263
273642257
271422812
271405691
262055739
259575210
253307459
253307455
253241331
252550174
252334535
248329486
248329458
248329396
246923670
215378748
215378460
215205341
207256341
207255797
204421231
201829994
198898764
198894935
184589287
178464287
176909352
175445719
169818340
154491332
154474584
104341239
76527165
525815
279124748
278677210
278605373
278111504
277135141
276843707
275942706
275458542
275170547
273896642
273317054
272076390
271098596
257520460
253395894
253365719
252000805
248052222
247853650
235368511
230244192
208653332
204871341
198968227
195713836
193978848
190513096
186369454
184490676
184442450
173433260
160295379
155759243
154167260
109020479
105231359
56732518
50214939
31207376
16860778
279289849
279289844
275518340
274989823
274911144
274862978
273984187
273637253
272587575
271142385
271118005
259575208
253786856
253395570
253165940
252766880
252060886
250028032
245772192
243808274
229779057
206595205
206592917
200005215
199647579
192795389
186369464
185991861
178031713
175533037
169910510
169818260
169818128
169818113
169817783
160295309
160295137
143644363
76527773
37156996
276123456
275083859
274472742
274444847
273821126
273697825
273603717
273595359
272731274
272165414
272049987
270660596
253478529
253308236
252033133
249569744
218735694
217640460
213913995
208783238
203757774
200689625
200616938
199536490
197955903
197622255
197169650
188492837
187616541
184333848
154924225
152920488
104328809
104326012
102108239
72513189
6714927
3232083
2146255
418282
279268915
278519211
276545376
276473258
276392068
274361705
274361695
274361687
274055725
274055721
273282779
271410587
271302741
271285827
270905929
270058348
263034534
261986226
253473944
253473930
253473924
253473919
253473914
253473904
253473899
214515115
214515110
214493603
214493600
213913718
213913715
207933214
198898966
198898948
197920645
178032269
163553057
132206908
111107668
997781
279112522
278967031
278746102
278616287
278037076
278024820
277969874
276685368
276395141
275092553
274626082
274457929
274055716
274055706
274055703
273304919
273304911
273304825
271118711
271098598
263055169
253298033
248004954
248004950
215560784
197337631
192950885
192950877
186638156
175532859
109024331
99854748
83038166
82700831
49592499
34747617
22080367
16860782
453872
450364
279231407
279173535
279102230
278796315
278760991
278757707
278293777
277962550
277950187
277931117
277462236
276485008
276344665
275832245
274684686
274505186
274361697
274055723
273949838
273398175
272910735
272448136
263703080
248544494
247935591
207933258
203086773
200998700
195845063
195190176
194199321
178032255
171707713
169818696
165021209
163552667
146261704
146065935
77230267
72542480
278763659
278761292
278714151
277993781
277441387
277341988
275034821
275013101
273523654
273356876
272391059
272360217
249535221
249389982
249237469
220771117
217317819
216462107
215141291
214657978
214654843
214595922
214592921
214493583
213522783
207755222
207755220
198898956
198898953
196672532
194635619
194477699
178031608
169818571
105664091
77221346
71024340
12081404
11957129
6640315
278495908
277275984
275770182
275336643
274445331
274445115
274407108
270769654
262055740
254089876
253786860
253326706
253308234
252389853
249272009
249238107
248523286
229995779
217187382
217125739
215141283
214939746
214657089
214515114
213913727
213522650
207755210
201580207
200767301
184314877
180973147
180720679
172476184
129138546
127199599
127032475
109861877
19841990
17494180
474568
277326492
276304230
275590641
275575677
275327283
273700878
273643235
271964934
271829348
259577994
259575212
253786862
253241348
253241346
252550172
252334580
249013196
249013182
249013180
248329484
248329454
247391011
215378781
215346178
205966722
201610670
199567615
198911471
198911442
198898780
198894939
190154958
189371578
182091292
178720880
178503870
155618875
144426295
76786344
76527926
278877895
278745753
278195927
277962427
277926375
277613511
277613439
277562800
275986772
275531867
275134384
274951467
274680920
274635547
274616824
274285900
273603628
273386293
271428987
259583305
254080847
253273005
252098341
249964678
249533722
225258968
208915827
208671253
184588669
181773375
180395976
176662306
169818382
152208910
141242548
106869584
80945440
32613927
26145971
6679915
276485014
276485007
276464681
275776583
275177571
274965065
274470091
273623890
272479392
272448095
271716035
271539045
271410591
270980832
259575206
253232316
247978913
213913992
210941847
208648832
202328298
200616706
199973179
199973140
197622346
184591076
184587541
184416061
169910546
169818280
169817758
166480577
165587960
154923923
154474443
127269209
115318297
109020994
105139762
87436709
279289863
278700952
276930669
276135505
275592628
275168558
275059042
274862982
274862882
274472443
274098074
273317687
272739515
272522173
270463953
270115811
253479183
253307453
218735697
218735690
216407053
205509799
200031127
199973238
198414188
195993385
184492255
178526702
178463068
178458064
178031643
129600303
104325543
88914083
50265648
38494105
34747515
17016819
2146257
547936
279124746
276546739
276473224
276392259
275020510
273737656
273372406
273349785
273330533
273079210
270058342
263034528
253495908
253495894
253495883
253495865
253473940
253473938
253473928
253473922
253473911
253473909
253473896
253473894
221229961
221229954
207256513
198414186
197920650
196305154
196305153
194585244
188541494
178032263
175146596
163552665
145288348
71072225
51720410
12124441
279268996
279102298
279102286
278108898
278024833
278024829
277950702
275893122
275832247
274958806
274449661
274101095
272448126
269947166
253495956
253277235
247377012
225915839
221229947
216899645
214654984
199970577
197337620
193567668
192704970
192459743
191429561
187569395
186636947
175532928
162025597
162025577
146262373
113175038
111107643
111107599
89893500
86532027
55551624
14618544
279188067
279132744
278966983
278948891
278226177
277951610
277403417
275229353
274924906
274901232
274855065
274324048
274323720
273374158
273374129
271098943
271098934
253113467
249392703
248004985
247937044
216724430
207755218
194595606
192951098
185658549
184492410
184491447
184296974
169910530
167019505
163553054
162025575
141016071
125819120
111107661
110120524
72542491
25980438
493177
278051309
276385489
275270292
275133391
274994215
274172933
274121696
273355259
272227233
261949295
252389850
249766857
248167755
248167753
247938887
244167248
214654963
208443317
198898942
197954510
195696294
192950639
186192091
180749828
178461122
178031675
178031644
132304585
128711557
125899032
125259998
120183256
117832627
72646197
53967383
36727161
12081406
1463963
1463957
917830
279173529
278642414
278329157
278116669
278014956
276385495
275586952
275264347
275245430
275133476
275020963
275019559
274505611
272624480
272308863
272239491
263558257
262053177
252857452
252389849
248167761
243086221
214730855
213523443
210118332
210117242
209605778
207755214
200771526
184588505
180985240
169910535
137941638
116743077
105231473
72646193
58932526
2805881
2805879
395329
277873922
277873908
277446888
274707916
274557342
273667774
271302743
271118725
271118687
270508556
253413338
253307559
253307457
253307451
252550176
252334442
252334240
249013198
248329434
247394284
217125734
210438116
200738962
198902070
198869638
189533840
181991023
181926943
181673732
178720285
175533377
169818365
144409712
117407700
113888621
105231352
92551316
43751660
32776225
24864591
279180584
277172183
277171671
276424894
275942712
275942702
275058991
274316320
274090302
273737595
273595361
273595185
273536054
273383755
272588021
270980750
262982514
253168631
253166403
247981058
245764929
218735688
217125835
208659134
207830987
206587920
199647534
199569465
197169639
196933269
195771241
195716286
184476545
184443742
184430354
179777244
175533380
169910512
169818523
97835281
279189432
279151781
278974364
275733063
275573420
274657044
274445107
274444963
274444574
273521161
273424169
273386270
273385805
273317040
271959682
263798509
253479028
253326692
253325682
248800448
243808278
243808268
204282224
199591899
196028956
188552475
186080592
184589005
184588803
184487023
182135460
178113865
177890963
175533419
172082646
154246105
90743259
41097941
24998772
16860792
279289866
278746312
278378735
277951097
277931189
276473266
276392914
275180487
274989594
274848054
274514260
274249354
274190088
273446953
271443158
271429014
271410585
271400909
268453833
253473934
214862092
214493593
214493571
198414190
198084735
197058190
195993391
187562776
186745280
180592713
169818184
168357045
161903986
146077311
5988095
5851941
862027
691980
505847
355233
279268551
279102274
278703313
278024835
278024822
277951315
277951215
277931351
277921762
277911219
277531563
276843690
276569349
276394471
276165069
275832251
275832249
275832243
275020501
273304925
271098941
270671052
263703066
262792182
207933216
199647482
193758234
192950440
186638207
186638060
169818056
169376009
162540948
162025567
160814439
159349097
158497550
111107750
14619348
453689
278024831
277950472
277443136
276393913
276392025
276344672
275034829
274684661
274361707
274361699
272209287
271211405
271163414
253525840
253473932
253473916
252714252
242161318
235975123
221230964
213913721
213913714
213913713
207933219
207933205
198898968
198898950
195840978
193094749
178032277
178032275
178032248
178032247
175532931
169377693
165021286
112287619
111107703
83038160
77149668
279269682
278761233
278307676
278064359
276473251
275245458
275227233
274626078
274361690
274143005
273374128
272788020
272767630
272764686
272744597
270107264
252084384
225971174
217186376
214657150
213564995
207755216
201113524
198898964
198898946
196305155
194767274
194584154
191699975
181234940
174896111
173890257
169818432
169377703
152470611
128711618
120183321
98380993
19751889
10104217
278154490
278018098
278002062
277964837
276473254
275050376
274925463
274673221
274669872
274653793
274560699
274558913
272306507
272297653
270976382
260932592
252389847
244168750
242432801
215141289
214730859
214657061
214656855
213564084
207400588
201055504
194770140
190756117
178031653
169817968
167614896
127032508
120183308
119087147
116904729
94305744
53913598
11081958
9437024
902281
279173527
276385525
275033290
274831386
263576183
248167757
214730900
650831