278778130
278428127
278378488
278152503
277870912
275813447
275746657
275663502
275604324
275604072
275600564
275600164
275583031
275573812
275573798
275543529
275507466
275479346
275479278
275478885
275283384
275231772
275215919
275215570
275071812
275045724
274909469
274876755
274873108
274870280
274866406
270835030
270678362
267338891
252883271
252880160
252880099
252880051
252880019
185903114
278907241
277544262
276461212
276383008
276286459
276042019
275920599
275606958
275604151
275600231
275600009
275583045
275573808
275507464
275399689
275398281
275398160
275396945
275396878
275216156
275216136
275215982
275215680
275215656
275215596
275215578
275213843
275071653
275045755
275021987
275016824
274918159
274874615
274873079
270880080
270742940
270742896
270107333
252880090
279132571
277480718
277417695
276104105
276076882
275970866
275917180
275890248
275607070
275583035
275573732
275507484
275479165
275385330
275385229
275385227
275385225
275231103
275216060
275215674
275215532
275073929
275064344
275039257
275038878
275038695
275016027
273267547
272830147
271070911
270700095
270700093
270541643
263677369
263358259
263045849
252882964
252881933
252881897
191410849
278378089
277442035
277420537
277417711
277417596
277267307
276461211
275600054
275573804
275385332
275290783
275290741
275263330
275231347
275216092
275216008
275215500
275091151
275081636
275081591
275081556
275062816
274986448
274920105
274444657
273522965
271497905
270972042
270926158
270845380
270435674
252880125
249938146
249937996
182481452
182468714
181453866
181224933
177534097
22534447
278057922
277943834
277846070
277549525
277549260
277441874
277437730
277420681
276493100
276461214
276308516
275971371
275966831
275746728
275604643
275604605
275604268
275600160
275589361
275387456
275195297
275086998
275081803
275081678
275071372
275051255
275046137
275041043
275039279
275038671
275038656
275016789
274919175
273941378
272830029
252040502
249693646
249693644
195696270
112821845
278378572
278378393
278327460
278325049
278251713
277807689
277480721
277437716
277411643
276120873
276114659
275950298
275663865
275638283
275606509
275573744
275399769
275286144
275215892
275215778
275215744
275215652
275195270
275148231
275064385
275046188
275038870
275022082
275002604
274986444
274876468
274869990
272844532
271456417
271075212
270942204
252883108
252882675
252880038
185903117
278378648
278097544
277345357
276264364
276114665
275746716
275620664
275606512
275606399
275573790
275406018
275216106
275216036
275215974
275215664
275215526
275215474
275080641
275073836
274988293
274986456
274922180
274918058
274910625
274905904
274783429
273308766
271497950
271126684
270845382
270107091
252883181
252883150
252880152
252880075
252658842
195541265
195237371
181453857
178831401
279133614
279133496
278761225
278152505
277549487
277527096
277527066
277417707
277411858
277411592
277411556
276154407
275971507
275920677
275746668
275286102
275215478
275195291
275195280
275090666
275090524
275087023
275083327
275083284
275074161
275072108
275046101
275046045
275038926
275038134
275016965
275007114
275002594
270880072
249938032
249693640
193737016
182143200
118522526
118522524
278152523
278030061
277962484
277944913
277549512
277441897
277437855
277437752
277437739
277418258
277417590
276461217
275920766
275917186
275917182
275836197
275746707
275694128
275604679
275255600
275231764
275086944
275073874
275072024
275062770
275052884
274951511
274919392
274870047
274445232
274445188
274444567
271999875
270833726
252040476
252040445
249693666
192462641
182461402
155884195
279245915
278378866
278378305
278377696
277345343
276023927
275912772
275912770
275606487
275583037
275535613
275216102
275216084
275216048
275215988
275215924
275215868
275148197
275148187
275083342
275081383
275015917
274909433
272540807
271075440
271075207
270942427
252883330
252883187
252883025
252882934
252882819
252880122
199109288
198858922
198858910
197639032
195573582
178831488
164502720
277921771
277527054
277420256
277417701
277411856
277411770
276430029
276025621
275971602
275535703
275218548
275215900
275215754
275215514
275215495
275215490
275215486
275197136
275091131
275090379
275083264
275083259
275064334
275038727
274986442
272900450
271578915
271246642
271141480
263677419
263022754
253363119
252880147
249016783
203146128
197902410
195696268
184097474
182456561
178831371
279133734
278378756
277944882
277944726
277441895
277438620
277437846
277437835
277437743
277420931
277420849
277420603
276023250
275917193
275842817
275840368
275759337
275746746
275663867
275600101
275600037
275399726
275398887
275385324
275231762
275212196
275081775
275053152
275045971
275006596
274920704
274917921
274865898
274444869
274444538
271846270
271445150
270880112
270880058
183538811
278378299
278377723
277480716
275813461
275747189
275679041
275620747
275604197
275600152
275592855
275387464
275216064
275216042
275216014
275215772
275197190
275080728
275072154
275071232
275007223
275006710
274986446
274920507
274908419
274873387
274190536
272844541
272430860
271979444
271126677
271070899
270670476
252880144
252040535
198858924
196371920
195573692
193900323
192838125
177274797
275912766
275606582
275573792
275573748
275216050
275216004
275215858
275083250
275074123
275072272
275021941
275016974
271578959
271578929
271075202
252882962
252882922
252882522
252882503
252880136
252880131
275215870
275747191