278899345
270834150
66863431
276269704
67120582
276163461
277390294
95039294
273990147
67120545
276284951
276390994
248994455
270114160
276365558
270114623
276318042
73376443
264052089
97012348
186635059
196825637
273984100
273419996
209722627
95039255
92010630
185595374
270113792
91988311
198102714
184860968
270124680
276445524
196825580
73400597
106362885
187010296
276088758
137429488
106362346
276957592
271585539
273680310
263206746
278371428
95039250
275886192
255175857
202604303
255175866
273553061
208739056
270715985
273420042
206474037
95039246
277860616
95039292
209900007
273678521
187182734
255175863
188288861
263957742
261943038
190490079
273708652
179373192
272304136
179372346
274028385
8496788
187608232
255191846
273658415
270068346
255191211
278616219