279041637
279040864
279038318
279032928
279029731
279027355
278350545
278062821
278017158
276826941
276295370
276149609
275793440
275793166
275793073
275786048
275571485
275571109
275062854
274961813
274961622
274677835
274676889
274675904
274675648
274675562
274674216
263591189
263591072
252556922
176713902
112170860
105664886
96290238
93296647
92004140
91985805
91089704
73585149
513884
279045938
279042711
279042065
279030094
279029925
279029689
279027415
279026081
277722327
277719818
277717492
277369447
277364424
275941803
274965063
274677892
274677627
274676525
274676266
274675694
274675297
274673670
273638426
271126856
252561025
252557343
252458215
193107240
176713725
174182832
169887399
122522025
93297378
91998790
81939217
74539426
73300932
73300854
2245323
550895
279257461
279044088
279043982
279042766
279042107
279038362
279029126
278852383
278852225
278852054
278062797
277717659
277370278
276369101
275785876
275028781
274677922
274677421
274676909
274676601
274676079
274674999
274540952
274034151
263388469
262674117
252557879
252557779
193102041
193102012
184763764
169887553
169887508
91998933
91998832
91984764
91984684
91984591
81939219
513893
279043700
279042792
279042591
279042235
279042069
279041709
279041601
279037622
279030624
278853251
278852240
278586064
276246352
275883840
275883824
275571603
275571590
274966703
274966696
274961763
274677641
274677363
274676285
274675844
274675121
274674882
274674696
274674286
274674019
274673476
274466912
193107479
184765422
183111561
171592132
109765294
105664892
25204711
25204089
3529961
279154108
279154092
279045080
279044982
279044594
279043240
279043044
279042685
279042681
279042569
279042567
279042415
279042307
279042303
279040305
279039621
279037668
279037038
279035137
279032601
279029707
279029065
278063011
277364396
277363167
277363031
276149665
275941919
271542233
252558458
193107566
193107524
191779391
177860841
171592119
169887532
160814657
106352132
105231876
101870603
279046610
279046075
279043769
279042701
279042669
279042579
279042459
279042447
279042425
279042311
279041955
279038022
279037528
279037042
279030826
279030700
279030528
279030106
279026220
252558500
252558166
252557361
252458230
252436142
193107572
193107212
193107003
192419897
191779678
190695471
169887474
169887408
114436680
113005075
109765380
106351912
90527953
90527830
86424386
74535950
279257483
279257481
279257439
279042555
279042481
279042401
279042347
279038418
279037936
279036531
279035784
279032057
279029681
278853311
278852445
278350622
278051341
277362995
276246417
275941857
275883511
275455749
274677573
274675063
252558720
252558043
252557997
193107226
191779337
172025132
171592769
109767276
109766966
102133198
101870762
91985445
91985264
91984637
91089754
81939827
279044122
279042814
279042523
279042471
279042449
279042363
279041785
279041088
279031323
279026458
277719162
275883862
275787099
275571697
275425047
275267965
274966622
274964818
274748888
274677489
274677286
274676071
274675812
274674496
274674321
274674294
274673925
252560608
195696911
193107364
184764662
116159398
109767529
106805878
102758501
77627281
3529957
550218
513904
513901
279042790
279042717
279042605
279042519
279042441
279040954
279040067
279039757
279038458
279032213
279031700
279031447
279030120
279029130
279028821
279026675
278063397
277363195
276149405
271126850
252561427
252557719
193107115
192419905
188995437
177860799
174182886
171592346
169887567
169887482
167019887
122273674
109767506
109767408
109767380
101871318
91089779
90527745
80960282
74539172
279046342
279046094
279045970
279044384
279043994
279042922
279042794
279042782
279042719
279042637
279042539
279042465
279042461
279042457
279042431
279042313
279040427
279039957
279039263
279032149
279030002
279029032
279026038
279025774
279025709
276149507
252557713
193107420
193107321
193107299
193107124
169887551
109767106
109767035
109765879
109765389
91089790
80960296
80960294
75405509
279257710
279257708
279046378
279042822
279042796
279040753
279035874
279033146
279032087
279029056
279028987
279027893
279027779
279025766
278852431
277721863
277720112
277717223
276831311
276829495
275793251
274964812
274961726
274678076
274677107
274677000
274676475
274676437
274673845
252561420
252556715
193109288
190695473
184765879
113431044
91985700
91985537
91985135
77576477
324058
279046636
279042697
279042687
279042559
279042499
279042337
279042333
279042327
279036934
279034683
279033052
279031036
279030712
279029034
279028869
278967651
278062953
278051445
277364416
276149504
276138935
275792801
274965035
274677597
274675858
193107342
193107062
177860839
169887571
169887495
158868414
158868359
109766828
101871265
101871147
101870952
93297992
77702358
75405442
3529953
279045728
279044172
279042944
279042625
279042621
279042437
279042411
279040359
279038474
279038392
279038226
279038016
279037930
279037862
279030152
279029104
279028925
279027109
279026653
278063267
278063265
278063131
278051459
275941759
252560683
252558694
252455916
193107411
193107392
193107327
193107080
188786079
174182770
122273568
109767373
109767283
101870673
91089827
91089792
91089699
279043588
279042599
279042547
279042377
279042375
279042353
279042297
279042283
279041815
279041741
279039869
279037866
279036673
279032437
279032053
279030134
279029679
279028927
279028837
278051399
276149769
275941885
263083717
252557839
252557710
191823767
177860817
177860582
171592174
122521909
109767420
109767122
109767006
109767004
102758313
101871345
91089728
91089648
75376767
73866038
279026545
278063179