278901764
278901753
278790714
278643548
278631746
278373359
277489767
277314388
277314378
276482081
275163781
273868454
272886188
272879360
272877002
270810434
263392358
263104256
262570298
262570218
262569855
259575376
251998785
248904403
217467033
195972867
188214011
174827295
173864198
132355750
92096323
90480679
84932848
70667465
54634350
54634348
54444337
32638319
10761989
421832
279149741
277815809
277459867
277314390
276348822
275852341
275203594
275105368
274586847
273868473
273725224
273311166
273243229
271980647
261985963
259575381
259575374
259389005
252914235
252039883
242484920
214196000
199977800
198198477
192309245
189635536
180585349
177886653
158745353
118202197
92010766
72851536
72751109
66686241
55355804
50379010
33543683
20477702
572555
572554
279267934
278496231
277815817
277777986
277777922
277459886
275163919
275163810
275128388
274317486
273868419
273522636
272583945
270359220
262570336
262569939
262569821
262053187
262053133
261985971
261967397
261967357
259388998
257869290
252040609
248758253
248523209
239182357
212580383
195938567
192148661
191542701
186209829
181170535
180987134
176831148
153408642
83790846
54634354
22143427
278457731
277815813
277459888
276058274
275163704
274536140
273937989
272631434
272616824
272554935
271317307
270676866
263273828
263057544
262570000
262569845
261967229
259575372
259417175
252032582
249963244
249885039
249025942
248758187
248294771
217125632
213861828
205829650
195665585
178588203
177315553
59291593
56829333
55355019
54634364
1826683