279163506
279062791
278456240
278216495
278037179
277607739
277522501
277361874
277314375
277164134
276921578
276921576
276834430
276833382
276653743
276653741
276653738
276583955
276450431
276388833
276384308
276313958
276246242
276246241
275550085
275140709
272879967
261962366
252664543
251769246
242760911
217730454
205942280
201158670
156234333
136939563
83789484
71072209
14643411
396373
279258193
279209570
279056168
278995411
278885588
277522498
277505035
277441515
276938809
276933073
276921577
276921545
276914889
276833376
276489147
276430698
276246257
276195598
275821947
275586536
275407372
275140689
274136571
273659739
273532172
272435200
271379788
271270204
271198555
270717680
269851795
254093243
252683176
244168845
217268925
207566799
171476383
74024708
66750476
12647239
279106473
278371163
278054816
278012144
277998453
277344191
277164135
277024762
276965037
276933075
276834436
276489091
276246247
275920280
275586538
275155619
275140717
273925744
273653948
271963442
270745303
261802729
253632050
249179336
217272325
202622112
202226385
184873953
176845511
172112637
167615363
167615137
167614982
100958464
95932285
95931326
95739556
88809166
76527161
10830750
279106471
279056184
278848836
278722144
278106133
278035233
278031353
277996245
277561601
277522497
277164137
276464793
276132445
275816152
275748858
275625155
274050644
273646352
273572660
273217016
272863796
270711599
270141709
254094059
252040896
249693662
247656188
214933045
214163209
214163082
207724964
205809613
204310385
175438063
174605334
155879634
155878047
117315623
580238
358167
278850087
277522502
276938815
276688221
276388832
276116141
275821937
275783010
275115952
275115721
275114520
275114441
275114267
274028817
273959633
273913262
273683220
273287515
272351979
272113545
271784295
263972300
263294484
255430541
255412193
254113860
252040892
248013477
230203729
215752220
205695187
203275470
200618722
166653537
125920402
74239476
548647
538038
536499
357034
279301129
278882701
278850292
273947689
273332330
273283032
272593595
272403599
271585621
270129761
270104283
257767932
257766867
255631122
255627510
255612295
255605794
254114214
254113559
254093037
254092814
254085909
254085813
254078302
253700450
253666290
253629316
253382099
249678281
212961344
202730545
195470032
174216153
163831355
128711709
103641539
92551651
56047347
55090583
471760
279258570
278843834
278670415
278035384
277608801
277603309
276479925
275821941
275748855
275583770
275341899
275320432
274633085
274632875
274372532
274084784
273947691
273915381
273708836
273699106
272558417
270221956
261967445
249373239
232950927
230203742
222714893
214162955
203084362
193209834
192475874
192354914
167614118
129141428
121973456
121735862
91847505
74571944
56670367
316916
279272179
279127558
276965043
276833377
276246249
276021439
273913808
273746606
273685893
273472620
273458765
272392910
271361724
270800191
270725755
257759827
255430590
255338969
254080499
253556132
252041103
248182666
241615117
219161626
214815387
201114896
179436991
167615272
167614114
156224969
147977112
146635248
142258886
137443776
135552459
115254442
87954124
37137283
36399658
15010524
278882079
278850253
278849766
278425084
276621838
276406155
276379846
276280857
276088256
275114200
274611723
274005416
273948182
273912983
273604940
273446450
273331035
273287789
263084871
253290739
253152886
247446303
243083198
229973434
229973190
229714268
222679598
222480049
215764047
207777578
202796857
197545069
174308773
174301474
167613760
159810978
152559212
137503476
123334047
10590265
279290051
278038460
278038058
276464766
276464753
275923487
275114393
274930277
274046735
274028580
273958549
273925604
273355859
273177047
272556720
272234200
271301432
271013446
270837346
270827177
270715920
270712367
257759767
255430594
255395258
255349548
254113798
254093166
254093034
254092771
254089684
254080683
253720768
253691008
253662200
253631719
195709218
104908284
74460133
52592320
278882548
278850539
278850320
278850174
277522505
275576911
273906591
273886090
273867618
273685703
272369294
272255113
271986646
270881666
263954189
263104185
262654784
262570371
259482376
248801272
230203752
230005646
229973012
215730343
215730341
214823306
214823304
214163449
214160990
208126598
207971080
198592810
171584556
170467288
167615580
167615369
167615056
167401038
124893019
3750479
279242838
279062793
275929012
275115885
274066673
274033019
273912979
273306889
273181044
272497446
272407476
272112953
270715684
270141957
257766879
257766873
257765911
257759530
255630326
255630287
255612249
254092812
252564879
216137032
215764090
215739286
215730547
214930568
204878454
197656718
178092127
177273119
167615288
167615031
167420171
125729075
125519642
103669880
103641634
27589438
276976125
276464762
276247875
275358555
275115713
273976864
273959637
273829183
273825604
273429256
273355252
273127268
272902112
272186892
271979472
271949696
271361660
271336600
270992720
270745315
270711743
270436157
262887438
257767904
255430592
255338291
255317218
253666138
253639943
253310396
252398973
217535491
214160533
209274375
194104631
193684717
125519652
95277915
46253853
524174
277362208
276826339
276003343
275987574
275550084
273790677
273645923
249679733
201932158
184629951
183539658
167615618
167615560
117315641
15467580
15309372