278108440
277808348
277780719
275877042
274384987
274287371
274287353
274287351
274142226
274133332
274133300
274133292
274133290
274118485
274118477
274118473
274118365
274118242
274114203
274106398
274106389
274106252
274101741
274101610
274101502
274101421
274101368
274101226
274099321
273323454
250098089
195283819
195283791
184413279
184242536
172422264
126151294
116567840
103475141
97541490
277993848
274133439
274133319
274106487
274106410
274106394
274101453
272035521
195283744
191779883
191779355
103475077
102758295
55287578