274141947
272912028
274141943
262465998
272908582
274141945
274099835
279036659
279026756
278720572
272905006
279032367
272882365
279036769
278719793
278786386
278719766
272912891
99080856
278824369
278720666
273312513
272910816
55286388
55287586
279032639
279032363
279033088
279043042
279028036
279027529
279032938
279033374
279042916
279041721
272911544
194183638
278813527
272906201
279032415
279037516
279036635
279041485
279032984
279032932
279040053
279027473
279027041
279032958
279032902
279032741
279033095
279033124
274677603
279043316
279043154
278717659
272911234
267340379
279200906
272912595
313607
279006125
279038789
279042906
279032635
279032852
279033288
279038158
279027353
279027383
279027895
279027615
279027803
279027163
279027343
279033008
279038316
279032583