279169735
279071951
278944357
278611108
277499422
277482522
276756378
276663742
276292561
275157720
274145772
3608617
809801
355497
279188205
278944862
277499394
277228004
277026502
276657765
275625151
275279876
275270443
275050421
273613264
273379524
272061717
262526192
253239868
252869354
251092368
217477581
214822259
205576401
199706086
158762489
158762480
158745335
144203242
138049897
87726331
76755046
75482723
67451595
19701759
14543876
14040331
3608639
1205105
984938
767970
596242
550428
279242781
279204753
278952476
278944442
278851818
278246009
278123426
277740424
277603602
277526109
276542557
274167404
273513370
273498475
270328407
252386211
249173550
236092857
215400053
214730223
198520484
196141165
188321517
180986406
171198279
88821629
59362971
53013080
44607887
13290511
6398567
5907337
5202423
3608621
922401
583680
568925
478643
435060
316333
278729172
278686368
278072917
278037065
277923368
277342712
277136537
275214897
274998008
273941307
273714782
273464438
273411908
270812513
253662217
253291173
216462283
215796754
213970286
208200622
205691340
201090158
188048926
177267201
174854289
174293421
169577322
97859488
92551863
66765294
62359270
46768312
35497189
12127869
5907341
1028804
985242
985240
627911
539780
279262221
279209361
279115872
278864796
278307668
276657754
276495298
276090075
274541833
274026223
273904622
273531884
273461920
272302413
272302219
271888060
271084362
262056749
253291163
252870224
215727757
208643570
205379620
202343236
201569299
196025294
194042797
177989562
153325211
131138721
129138503
119698021
101818123
15973045
14303660
12647215
11253636
859141
453529
392101
279235447
278768799
278746298
278025385
277987901
277923534
277677832
277381836
276898206
275084415
274665296
274364898
274041252
273683726
273621616
273519283
273218728
272186581
263071377
253178274
252573299
249680259
244305487
222659583
201090142
200004509
193515395
182729439
181236966
178940940
177961816
160796344
160591663
154228438
84637123
77717878
42845140
5907333
427748
381742
279218782
278864794
278801368
276104093
274912966
274662963
274543668
274539529
274144317
273851228
273581453
272557196
263384842
263246321
263083155
262056752
253467980
248294056
229714479
213573723
208779573
201090120
190701722
177190771
171861033
167615200
160796335
154062053
153972757
142791679
115644777
113069184
56697263
54898466
43105978
12041844
4595801
1028730
492918
355179
279191589
279175765
278801282
278429878
278293580
277632886
277008071
276331942
275600073
275050379
274928112
274762773
273823664
273714674
273686852
273564468
273497972
273401829
271967020
270745735
261800528
253094693
247548423
215778916
215619383
202475541
194206884
182556225
178492512
178107509
175810424
160796349
143144278
124893142
120183410
116961304
533788
533787
505899
357221
279176686
279017297
278816091
278806153
278164822
277004263
275360774
275356754
275106159
273851787
273737644
273680272
272285460
272209453
270770818
262030872
261983423
253178766
216387862
215778883
215730326
208915914
208195037
207354926
196319590
191419575
181789435
179555646
176812475
176293416
154856540
117202674
77733105
77733101
73592060
41098447
20700617
14303672
5907345
504626
279085362
278819782
276657758
276590237
275763875
274907393
274136254
273519318
273519310
273519308
273519290
273519288
273442347
273269341
253291167
253220844
247896660
247581313
247581183
246397706
214582211
207941011
201293623
200969844
200005609
178776617
172476183
159011346
142405200
129138508
119286042
117918093
115254468
98330538
77231243
52662046
36700930
1387541
445641
399371
277501326
276531291
275747209
275687969
275073478
274852556
274558686
273685897
273537041
273474672
273462472
273219165
273216619
272393078
272241430
270136223
263513224
262030874
253150192
252884632
250078314
248565047
247901167
247269923
247269917
247269914
225386406
217125605
213705487
205753293
204667284
204644099
195548918
181789243
167531994
152557069
144324105
137567545
67078448
33117507
279169587
278843085
278067533
276411998
275619467
275402982
275335641
275039261
274670227
274096352
274073038
273474204
273455075
273187226
272362730
272165094
270927139
257847091
253182104
249289250
248384377
243085001
216986314
212049676
205136490
200005428
197964830
195881666
195862623
195791591
193330177
189413657
180923085
177915481
177270308
113117397
99505943
92552102
92551584
54891933
278518975
277305892
276640834
276267830
275106863
275106725
273871622
273711265
273678369
273671903
273506340
273464850
273418986
273249871
272297880
272030178
270306756
263560902
261957837
253179837
253179608
251418022
202231437
200005240
186106434
154029781
124892991
119238374
117315643
113527106
109910842
92551871
77674601
77230896
16052615
14462537
954466
548039
357948
352803
277272221
276958286
276567820
276488373
276463085
275882356
275804919
275359604
275338924
275260455
274608106
274143472
273911257
273678437
273258236
273101714
272836392
272460113
271499481
262891580
262834559
253497955
253497078
247405876
202604477
202604378
201055551
198583124
198583067
183240296
162768978
138049887
129138290
127032495
38293999
37216595
35593299
32613945
11373501
927195
277400039
275377932
273718930
273519217
273499705
273476641
273456775
273220737
272443820
272042022
272033075
271981694
269900698
249038689
247405878
242142736
215769328
214822190
209402872
209298896
206820806
204337962
195306836
194208585
190823016
189172477
148807554
148806954
140252088
132303211
129138475
129135865
128711639
127031924
77231421
36702037
36700868
32225266
22367158
5202489
278610466
277303317
273671936
273566185
273530637
273519314
273519303
273511290
273228035
271964468
271484348
271480789
270698006
270663412
262704593
262664325
229764733
229714476
221237889
217125706
216462296
215730330
215544816
215378608
214822285
207938901
207816907
199078819
195873385
194563096
188265576
117315750
116032023
116030821
114945449
92551782
77230761
54804919
7308953
953934
277395152
275921865
274365376
274284422
274096361
273685901
273654476
273624245
273624024
273474874
272833105
272764684
262664317
262030882
262018153
248498129
246853128
243037640
242432578
229798887
229798759
213712823
207946342
205985198
203986425
198202165
197668912
191217705
179121120
176736314
160306488
141827696
124155996
123865704
116029697
114895590
92551991
92551913
92551758
76527988
278533614
277974087
277837389
277771478
277503203
277031080
276665422
276614842
276429969
275947906
275599957
275358248
275305163
275213657
274733171
274133577
273636283
273505585
273462139
273358512
273250057
273232178
273221467
272450316
270683375
270683217
270449787
225941053
214089183
205815633
199126609
198650654
184410705
176779007
114945107
79545516
77221518
57791779
48555371
22081374
279302532
279267875
278701922
277545204
277397486
277004913
276475796
276463005
275883330
275107138
274090184
273897548
273519296
273513505
273452478
272138804
272059192
270651436
262834682
262834638
200032738
194198040
193209835
192376837
182563446
177731576
149531839
146065920
140221898
131139998
119698725
119698136
119238419
118528276
115667142
94106242
76386453
66831643
45645694
357947
277233513
276928664
275904329
274669801
274289683
274183474
273823530
273823417
270443904
270268041
263041346
262891567
259455675
248676236
247405884
247405882
214191837
209902350
208913587
205417734
203201594
200616824
183262709
178219916
153041348
137941579
119063759
114895992
92440992
75602189
68836333
68049231
37134907
34822597
31207442
23288607
22482303
21335710
21334967
3082827
277387232
277136552
277136496
276601170
276106385
275086896
274964884
274843631
274442126
273887894
273656575
273652302
273519227
273445722
273418829
273250217
273250094
273245024
273218528
270125497
262846170
262061964
262061960
259564594
253467975
193209808
184415808
181503341
163511938
162619249
133064153
127033481
127032832
37468728
37468718
36702053
32351783
20847368
20621677
16998719
275763676
273849776
273638566
273568840
273519306
273519302
273465402
273424606
273228066
272320944
272030880
262705025
260810128
253291171
247581315
245977657
229714502
215769332
215769330
207915039
205756298
205019172
204300914
201795671
199607894
191444375
189688754
185304786
181979516
176881244
161522354
148807266
147370297
140579222
114944637
114944581
98300927
77231522
77231349
77231081
278195984
277884722
277549854
277532508
277532444
275588864
275091639
274680937
274663012
274056590
273680298
273519320
273519298
273457769
273101265
272241059
271960047
271356416
269984503
263489531
243736290
242768634
242619910
241774845
221023719
217125705
214930433
208566332
203850053
196425058
195531139
192178706
191808224
187212976
177138594
177058479
171475034
155637448
119698166
73787198
277926561
277499401
277474636
277418953
277395154
276488998
276317931
274909003
274799830
274762654
274365378
274365124
273569336
271453338
270852859
263560660
263060435
262030880
260810292
253133490
229972450
212557729
206118927
202229595
201090922
198517033
196854262
190301555
184070577
182481458
172335587
132194817
92552067
92552049
92551601
92551458
55179326
44607898
37414162
11338293
279169654
278321829
278072825
276317165
276308817
275112187
275068822
275037930
275030272
274144323
273652316
273647686
273636838
273519282
273373588
273218247
272061318
271400655
271194076
270843660
270468149
263113121
252876255
229714481
209386361
198205245
197970815
194769526
192288073
190455803
183262900
177315692
149779027
149661833
119398335
119330596
119188710
106349348
67460843
7179345
279207208
277750486
277545206
276653656
276392449
276387126
276229713
275925766
274663583
274545102
274097705
273708579
273683309
273657958
273466947
273168877
272864184
272803185
271384370
262895923
259564587
249373486
207643927
205926754
205832691
203110675
200750316
192548791
175167865
166085878
162395452
154876002
140221886
131138727
119699075
119324452
69573026
53575233
48695383
355507
277621085
275434091
275401476
275320899
275260495
275260463
273896825
273645835
273221317
272582599
272397577
272395103
270835402
259564592
259564590
253497839
249591046
209904646
198583782
184489223
179498699
177998902
174468237
163170440
160796351
150601725
143144241
140503188
137941684
129138493
118899927
118582425
92010547
50874329
37216446
36700835
20632309
6597879
6086947
3082823
279267823
279169733
278686500
278326123
277400093
277136443
276386958
274458087
273519292
273501641
271731115
268293938
262733320
262525579
242125514
213968996
213704706
175799572
174647898
49650832
38292176
32850007