277043048
276074164
276074160
274875234
271529531
271297213
270790993
263196816
263103197
262852739
253660543
248117452
247658100
212213853
181256759
181256722
177515461
177340565
177338102
176723787
172844633
172206432
169401095
167614158
82499694
67966612
64704124
58751177
41069736
39324638
39324045
39308461
24692565
21219333
3283535
2697001
580436
507048
506729
475681
279024450
277607328
276074163
276045907
276036924
275182405
273898985
273377042
272834532
272419811
271793776
271529522
263196840
263096331
263096329
263088592
255410047
254093023
253444094
242707574
215991161
212214035
205162338
205161358
181190540
180584932
172829016
137417345
136596059
84950564
72099012
54734173
39308019
3717517
3308349
2696997
876618
606741
606711
506319
278878654
276430579
276098431
276098419
276045845
276045810
276037027
273916385
273886652
271981503
271888073
271798523
271798489
271798481
271793293
271734316
271394882
270772240
270771874
263564266
262792319
262662800
257765631
255317157
215991192
215991176
215991138
212214631
202782996
200976619
197970484
196488053
167615038
58721996
48980231
48544598
24692575
3717515
1677923
631772
276245677
276245594
276045743
275355991
272834211
272794206
272270214
271734382
271529539
270662705
263099876
263096055
263088603
263088601
262758611
262385847
216388076
215991180
204317924
200727490
198123510
181188587
180957700
167614229
137261144
92552191
91544417
70668076
58939979
40752453
36337029