278945228
278696171
278497819
278275463
278125061
278001881
277878427
277837405
277619669
277212498
277212490
276830948
276797947
276717667
276706195
276636562
276525615
276235020
276160167
275936253
274885605
274468039
270462524
270435130
263698453
263693109
263206678
262870889
262667328
262465911
262391569
207852942
207852922
194098866
190505724
177653747
165659884
101301496
1932359
623847
279160967
278898931
278672923
278466981
278095822
277519792
277412604
277379031
277354276
277345360
277212952
276830982
276807527
276801594
276801580
276800957
276737032
276718849
276718212
276718133
276716406
276716206
276706204
276700269
276700199
276686226
276686181
276491516
276232750
275823547
275819265
275645599
263046582
262899466
261823779
257846477
253671304
248788403
165223029
43872676
279213777
278095778
277982917
277878429
277212488
277212484
276841222
276831205
276831167
276808985
276800953
276719103
276718365
276716172
276716168
276700310
276700306
276700291
276686251
276348628
276235026
276162122
276118011
275943732
275584457
275536370
274791584
273897084
273385203
273219217
270758240
263681316
262807904
262654568
262473156
262024167
209871117
203084042
136482406
777519
279173220
278994014
278941108
278844134
278801019
277604109
277461679
276956817
276919384
276889563
276841214
276827197
276800905
276757035
276737076
276736337
276719034
276718532
276718530
276706148
276704546
276700113
276686040
276650713
276525605
276304076
275739854
275720763
275612158
274917745
274370385
274109097
267342751
263104936
263104564
131218836
78945149
34271429
813952
635052
279000200
278437882
278377552
278191960
277460656
277444779
277346636
276847761
276825646
276737058
276716448
276716217
276686347
276686222
276289522
276160174
275943728
275583051
275220586
273095807
263693230
263104787
263048029
262899488
262884286
262790864
262758416
262725841
262663565
262663279
262656492
262452240
260845061
257844459
252635912
249568123
206474149
165206745
164340399
96545600
279244449
278569018
278116369
277604065
277573969
277392968
277379004
277354219
277313969
276959117
276893405
276889747
276831009
276807452
276717669
276700395
276685704
276235023
275740223
275689776
275220657
275220567
274884036
274544742
274259929
274069432
271424680
270770243
270769364
262807466
262692503
262465411
257845226
247945733
247778576
194098857
164077274
12724454
12436091
698746
279005513
278861019
278600355
278466973
278327544
278323152
278152805
278054469
277869617
277313963
276831367
276827200
276809034
276737077
276737013
276718989
276718536
276718426
276717651
276705976
276705971
276705966
276704602
276700278
276700150
276686507
276686006
276624136
273243901
270758456
270461635
270253552
263807058
262466333
220740925
202475527
190608360
181452474
164899719
595939
279219069
279155587
279000225
278863235
278786556
278325503
278055470
277869571
277354263
277214883
276847753
276807454
276801604
276736990
276736977
276718418
276717683
276716198
276705993
276700219
276700212
276686514
276686317
276686129
276686011
276685836
276685680
276624218
276398270
270474671
270461716
262790977
261799033
260830354
249568045
222655547
202529502
146110430
44048380
698739
279165269
279071962
278861658
278611761
277446776
277392972
277392970
277392964
277386305
277386247
277379395
277310647
277232168
277214885
276953934
276893510
276893499
276891753
276831419
276825682
276825614
276800993
276737019
276718613
276717655
276716248
275842012
275121155
273958995
272789064
270461847
270461744
263987224
263680690
262871445
262466132
195916151
181452144
127221933
127033520
279203933
278870884
278850840
278818908
278023252
277437024
277386549
276891687
276847772
276831187
276831006
276825648
276801622
276719106
276718611
276718584
276718528
276718373
276718266
276718248
276706190
276705989
276704569
276704534
276700061
276700049
276686335
276685982
276685770
276685703
276428729
276235006
276153062
275205054
274999226
272382774
245774284
56748745
595714
594684
279262210
278718561
278442054
277737374
277232164
276893535
276847839
276841278
276841264
276831397
276825686
276801608
276746802
276737119
276737039
276718389
276717695
276717658
276717624
276716371
276706154
276706140
276706138
276705933
276686495
276686223
276686055
274655277
274136547
271377826
263046359
261006050
257844872
249941335
230041717
200726889
195909376
183230470
127033180
647902
278827945
278765062
278588639
277440406
276891706
276847802
276847796
276841294
276841234
276841228
276831427
276830995
276825660
276825610
276807474
276718906
276718776
276718615
276718569
276686122
276685810
276526898
276137720
275694072
275603521
275543569
275161225
275005399
273900002
272853505
271271760
270744901
270716985
262870742
248293756
205707497
137502249
644408
597556
595271
279005816
277604262
277258997
276919173
276830968
276807502
276736300
276719085
276718824
276718682
276718420
276717647
276716160
276706181
276706161
276706156
276704561
276700099
276700091
276700071
276686499
276686362
276686248
276376620
276309889
275503717
274946314
274192259
273953825
273180762
270803558
247889208
195202600
184437913
596178
595739
595629
595625
595611
595590
277869619
277869507
277604085
277604069
277213499
277212738
276887264
276847757
276841243
276841232
276831362
276830944
276825678
276807440
276718812
276718449
276718385
276716164
276706162
276705987
276705938
276705931
276700068
276700063
276589693
275823553
275220607
274121417
270458403
270210464
263693165
263047541
262790925
260845120
260836531
216216777
138183983
127031562
56720023
597665
278093749
277869541
277214374
277214354
277212422
276847828
276841287
276831455
276831209
276831153
276831012
276827158
276825656
276808963
276807835
276807462
276807446
276746778
276740416
276736994
276718501
276718260
276716349
276716188
276705949
276700141
276686324
276686014
276398264
273883023
271517921
262655317
259512452
253317213
247931297
222683677
205809738
595845
595791
595128
277501932
277446800
277271565
277258967
277258963
277215034
277214947
277214889
277214887
277214409
277214408
277214402
277214358
277214356
277212732
277212644
277212596
277212510
277212476
277212344
277212091
277212011
277211935
277211906
276953960
276953876
276953870
276919164
276887386
276800947
276737173
276736996
272497328
262871322
261974420
261038007
253689868
248059580
193910772
183218643
279286092
279285673
279184845
278701276
278673318
278673300
278673298
278673012
278612116
278499882
278475086
278076760
277919592
277607447
275602318
274316274
273602611
273595216
270893371
270845109
270711293
270709824
270704233
270461462
270458382
267340149
263989063
263987655
263681286
263117644
262898600
262898434
262807532
262654842
260451189
253720361
206483312
200727603
176056391
138342129
279273133
279249469
279173212
277573662
277397025
276501662
276310513
276290616
276274508
276235042
276235038
276235012
276235002
276179737
276153024
275943734
275893692
275823551
275819263
275783002
275210708
275125113
274773004
273786284
272616002
270471846
270438650
262663458
254117771
253611189
250006649
242462532
206334867
200727439
195541208
190608478
127032334
97121087
77013458
34493938
279297047
279112632
278867897
278818910
278751270
278482231
278370521
278226339
278151946
277921068
277916340
277465786
277446805
277326725
277213443
277017991
276674194
276650986
276475842
276297276
276173203
275906742
275854109
275739849
275420388
275014257
274454002
274276979
270458565
270081147
263104416
249890832
248523166
205810146
202529572
200725350
192458963
84885886
56750666
56719972
277878433
277869485
277437013
277437007
277436995
277139053
276889874
276883461
276833978
276831413
276825664
276825638
276825628
276807503
276719078
276718783
276718759
276718730
276718555
276718472
276718444
276718406
276718240
276718135
276717705
276717703
276717630
276716386
276716235
276705937
276704604
276704579
276686469
276685823
276365943
274742864
270886466
267342730
252635983
189194457
277869621
277869605
277869585
277869576
277869505
277436971
277314015
276889886
276887267
276847818
276831439
276831215
276827170
276825626
276807532
276801582
276719174
276719148
276719072
276718889
276718775
276718773
276718761
276718703
276718652
276718395
276718279
276717663
276700348
276700053
276686566
276686175
276685800
276616120
276551210
276291742
275020128
272449333
270549143
252179495
279152785
278855818
277869575
277869543
277869537
277437001
277436977
277436951
277267272
276847766
276841260
276831395
276825694
276825666
276825658
276808943
276746792
276746782
276719143
276719026
276718920
276718700
276718648
276718458
276718396
276718359
276718210
276718181
276717716
276716414
276706192
276704578
276704523
276686026
276685998
276685986
276579787
275748980
275106522
273325097
278307653
277531133
277436997
277436954
277224808
276891787
276887261
276847804
276847768
276841252
276831004
276827171
276827140
276827103
276827100
276808971
276807534
276801618
276719150
276719126
276719041
276718922
276718698
276718650
276718576
276718538
276718189
276717648
276717635
276706150
276705959
276686141
276685796
276685756
276685659
276663728
276622805
276621494
273243897
272449524
279155578
277470123
276956296
276891800
276891796
276891776
276891739
276891730
276890168
276890127
276889737
276887300
276887292
276887237
276883492
276883475
276883467
276883451
276719086
276719063
276718789
276718741
276718526
276718464
276718387
276716155
276704592
276686109
276685794
276685653
276626826
276581803
275626018
275412735
274994074
274892863
274800297
272858436
267342747
252685883
277869557
277869532
277869495
277436965
277436957
277436953
277436949
276891658
276889439
276847825
276847770
276847747
276841236
276831411
276831026
276825684
276807518
276807496
276746780
276746776
276718847
276718771
276718544
276718490
276718277
276718264
276718165
276718143
276717708
276717687
276705995
276704616
276700147
276686113
276686111
276685639
276685623
276616823
274534749
272882527
277869527
276930228
276827192
276705951
276479950
276891744
276891682
276887245
276883458
276883292
276847834
276847776
276841286
276831391
276831206
276831179
276830986
276827127
276825689
276809010
276808959
276807441
276801616
276801612
276719154
276718800
276718664
276718508
276718498
276716367
276716194
276706188
276700093
276700089
276686256
276686024
276685978
276685830
270460602
165660561
276847792
276847749
276831431
276831429
276831365
276831191
276831016
276830989
276825616
276809022
276809004
276808995
276807486
276801600
276719170
276719016
276719002
276718908
276718762
276718524
276718434
276718339
276716389
276716359
276716344
276706184
276706132
276705946
276705929
276704622
276700149
276686530
276686494
276686490
276686450
276686127
276685996
276685708
275764176
164076812
279219054
276847812
276841284
276841282
276831018
276809015
276807510
276807506
276746796
276746794
276719102
276718892
276718856
276718474
276718321
276718244
276718228
276718197
276717677
276716432
276716424
276716420
276716416
276716394
276716357
276716212
276716201
276716200
276706186
276706144
276706126
276706001
276704570
276700381
276700318
276700287
276700108
276686337
276686034
276685631
276847832
276827163
276808978
276808969
276807508
276801562
276719172
276719146
276718710
276718684
276718674
276718591
276718579
276718325
276718129
276717681
276717616
276716442
276716363
276716244
276716184
276705935
276705903
276704623
276700322
276700137
276700105
276700083
276686498
276686388
276686355
276686254
276686240
276685812
276685774
276685699
276685683
274564030
165223874
156679293
276847830
276841292
276830994
276827151
276808953
276807500
276801568
276719038
276719028
276719000
276718990
276718982
276718933
276718901
276718791
276718690
276718558
276718542
276718518
276718455
276718428
276716434
276706178
276706160
276706108
276705999
276705975
276704614
276704512
276700408
276700369
276700274
276686371
276686341
276686307
276686242
276686232
276685789
276685679
276685677
277555085
276827144
276825618
276808967
276807498
276807484
276807482
276807428
276801576
276719164
276719030
276718865
276718823
276718809
276718769
276718720
276718218
276718176
276717691
276717685
276716440
276716213
276716182
276716162
276706123
276705963
276704620
276700405
276700127
276700055
276686296
276686274
276686050
276685760
276685625
276312458
275965537
275943730
275783006
255175252
278744244
278673004
277573601
277319562
277212342
277212328
277212310
277212307
276650348
276636395
276556716
276348645
276290587
276235044
276235031
276235029
275015859
274566534
270715756
262782411
261809701
253102485
249889994
247776959
203084160
197851362
197673896
197657208
196515706
196338355
196154767
196152839
195231902
191914844
190608458
190505853
181782979
168469929
131246718
120148629
279184851
278076876
277446796
277446779
277446774
277271459
277260040
277259005
277258979
277224746
277214939
277213762
277213311
277212948
277212856
277212708
277212500
277212480
277212316
277212226
276953919
276953905
276953895
276953868
276953864
276910618
276556695
273942953
272283679
271327806
269955567
261974422
257771746
256000137
253709454
225194789
200726986
193395199
178944418
137260791
277348319
277258977
277258969
277258959
277212959
276800971
276737164
276737040
276736330
276736297
276412217
275123165
274179257
274178767
270845125
270845122
270742310
270742302
263988475
263988277
263987587
263987315
263680655
263046832
263046062
263046022
262884169
262871427
262725419
262656232
262654840
262465023
262464522
262434074
261823917
261815105
261809504
257865862
257843946
200727299
279286151
279285725
278499806
278485842
278475080
278451260
277541673
277465781
277446807
277446786
277392974
277214378
277214324
277214312
277214068
277212454
277212322
277212120
277212075
277212071
276811810
276737129
276737112
276475777
276235018
275232132
274028596
270745340
263046151
261823335
261813008
209301760
203084266
177290742
172445090
137504531
34494478
646369
638301
638295
279231380
279003181
278673305
278522062
277941684
277869488
277869471
277271816
277213474
277212119
276831400
276825620
276807478
276800902
276746798
276719120
276719055
276718784
276718656
276718599
276704606
276704510
276685798
276685687
276621946
276616656
276334982
276234994
275882858
275399104
275210700
275060966
271439638
271269752
270714370
247858864
196021823
196021699
190608442
153837027
277869613
277869555
277869474
277224820
276891660
276847816
276847759
276809020
276808998
276801619
276719132
276719092
276719054
276719046
276718793
276718654
276718470
276718468
276718448
276718311
276718155
276716399
276716379
276706134
276706116
276705910
276704542
276700259
276686580
276686195
276685667
276685663
276685651
276685645
276685633
275625974
275210138
275084435
271269776
217535305
278861031
277869603
277869601
277869493
277604159
277437022
277436973
276831387
276831369
276827188
276807494
276719110
276719093
276718931
276718660
276718475
276718327
276718307
276718153
276716429
276706110
276704609
276704588
276700097
276686539
276686193
276686187
276686147
276686135
276686036
276685976
276685963
276685814
276685802
276685754
276685647
276615326
276542311
272444169
188041015
277921695
277869545
277842074
276841256
276831403
276831382
276831185
276830949
276825640
276807467
276746786
276719138
276719050
276718925
276718877
276718855
276718751
276718635
276718573
276718454
276718436
276718416
276718351
276718299
276718289
276717661
276716381
276706176
276705915
276700114
276686584
276686546
276686153
276686052
276616556
276365675
275858758
274895575
249938148
195685848
278238414
278030970
277574098
277436991
277260056
276891791
276891691
276891664
276891656
276887282
276883499
276883468
276883465
276883453
276831161
276807431
276718871
276718646
276718361
276705942
276686167
276310509
276235025
276235003
276234998
275771315
274188327
271249453
267342767
252679687
203084273
200727525
196021739
194098861
192459143
191808113
187011274
102600674
102440486
100958797
279228809
277869573
277869497
277600860
277437027
276841288
276833974
276831437
276831414
276831032
276831029
276827146
276825668
276807470
276719020
276718913
276718747
276718578
276718462
276718357
276718215
276718149
276718147
276717626
276716393
276705917
276704504
276700087
276700066
276686197
276686016
276686004
276685961
276685689
276685634
276620396
276615031
275906744
275584605
596069
277869597
277869509
277437014
277436993
277436979
277436975
277281751
276841302
276841254
276841223
276831445
276831389
276831375
276827124
276801602
276718816
276718694
276718403
276718333
276718305
276718297
276717701
276717645
276716204
276704586
276700294
276686565
276686169
276686131
276686121
276686020
276686010
276685806
276685642
276685637
276621398
276616332
274511496
271042268
270661962
277922882
277869587
277573920
277436963
276891737
276841210
276831159
276808991
276808989
276808939
276808937
276807530
276719098
276719052
276718899
276718844
276718804
276718743
276718725
276718631
276718546
276718465
276718460
276718405
276718303
276718300
276718293
276718290
276718262
276718257
276718256
276718159
276717657
276716412
276705913
276686017
276685615
275748546
275235679
275220101
279202060
277869599
277869522
277869477
277869473
277543071
277341869
277224812
276891745
276891743
276891678
276891674
276891672
276891662
276890182
276890114
276890112
276887286
276887283
276833982
276831393
276831377
276756296
276746774
276719115
276718891
276718692
276718486
276718236
276717707
276716247
276716240
276706194
276686270
276686058
276685768
275412544
274998464
273968284
273722990
276847786
276841272
276841240
276833967
276831417
276831039
276831008
276830953
276827184
276827136
276825688
276807456
276807430
276801598
276801040
276719176
276719021
276718644
276718607
276718601
276718588
276718552
276718424
276718330
276718220
276717622
276717618
276716444
276716166
276705957
276705945
276705921
276686515
276686492
276686479
276686230
276686161
276686107
276686022
276310152
276841249
276833964
276831385
276831199
276831193
276831165
276831038
276830977
276827152
276809030
276809023
276808941
276807520
276718540
276718480
276718316
276717673
276717620
276716223
276716196
276706172
276705941
276704514
276700364
276700307
276700265
276700095
276700057
276686525
276686285
276686281
276686246
276686236
276686233
276686028
276685664
275912615
275420635
271423545
212324588
276841293
276831154
276830970
276827155
276827147
276827133
276809032
276809014
276807524
276801586
276801574
276801548
276719011
276718926
276718880
276718858
276718609
276718605
276718560
276718504
276718496
276718432
276718336
276718234
276717636
276717632
276716192
276716170
276706106
276705979
276704584
276704508
276700235
276700118
276686484
276686447
276686380
276685980
276685696
276685603
276847822
276841208
276833980
276831447
276831425
276831013
276830972
276825624
276809012
276809001
276808997
276808975
276807448
276801606
276801566
276801546
276801544
276719158
276719135
276718986
276718867
276718857
276718285
276706173
276706112
276705969
276704626
276704618
276704582
276704554
276700410
276700233
276686581
276686485
276686436
276686345
276686288
276686199
276686054
276685776