194960744
59262880
278599451
162834879
104074997
273134763
198197156
273549047
279236091
81323246
171055469
176906754
279116573
278893208
279131478
171549994
275406591
272852831
26289120
262695633
184101365
278727719
262654791
261799441
276482091
196001716
278568322
14645351
110447680
274171942
140360874
278665359
273114476
57243163
212960234
275034810
55506686
852113
271972241
277992348
73125816
58499439
38567500
5112975
197714082
277348549
191769420
67991604
471954
198737965
275612568
95995881
212356656
59078520
276508800
17960478
276642078
147884737
216226700
273397155
275053759
276642063
111271168
212212207
184236581
274872975
275853512
9609167
31207398
279132342
271531608
14526911
44858832
48659059
612310
59548351
42230604
270700055
168234716
276247999
276376962
193895773
277045425
176906739
278874149
74616448
277348553
277003428
279134666
25775304
101583263
155463025
58971674
202840399
279003294
184633829
278637278
278459471
274634508
278632648
277228095
278120145
278025221
276130424
278029331
7393449
274970370
273623137
216216800
273375300
275188950
276642068
205986076
275429552
274910996
255757225
274587858
278769731
5402867
273249272
191148980
278500588
38419977
257847632
107331062
65794213
278603248
273548118
221225653
146735967
276567641
195845908
29676708
179912823
253150677
75601401
7556499
108501279
279154050
5436013
93249197
276346703
277634913
276439755
279112628
51264142
99461647
275264310
177767600
271518937
190463820
271218680
197623996
272888014
62648441
74277054
13766637
272129448
249798940
208907284
160395025
208130982
43815636
96616370
270139788
177746981
74245176
216216842
208108780
10044277
279197218
262083113
273157766
173515445
213969406
270441477
174182656
278063702
86972079
434880
1085392
192949854
573060
278761045
87998123
275948808
275880292
8306454
573655
260810980
247933324
51470403
209349142
1582319
74362504
271585715
110460950
276247877
279231812
14447036
274781763
254411157
58627110
203875704
458014
273326874
181131156
276887077
276451651
411783
273708834
216216815
273785866
185713418
367810
573011
273916409
249019771
1016001
248745949
192378545
71948001
67991608
115643434
278831497
357650
272032928
115702579
85185403
79539096
274375357
279131550
111271288
277965719
178729570
439662
277486808
274991395
58616755
918084
253239609
56256828
217539783
1606121
14983742
277393740
273708822
276451696
430591
276653809
275093512
276306219
273744608
111582624
197656321
274990247
279056153
277977336
68459988
272209482
201712780
279134642
273669055
136941162
187769933
272469219
181809096
253500352
272370324
271436627
278712716
170345811
262875347
278676937
341384
274957680
275377667
278519208
57243159
68554548
525849
241785461
252877993
58964292
279131251
22172760
278712715
26708517
263750089
278095415
136941161
277505030
252877933
275078185
455266
275842575
160370113
273257111
271468044
48873335
262909014
273398274
22222415
65444072
273417172
262811958
270714399
273902025
176906726
273222076
278616326
273119761
277004956
278326101
274820293
71907878
274949838
263272708
83664156
53479462
275793521
408856
278633347
181131325
274757326
204337875
276642076
263102234
272405391
277585943
20104310
272564409
277004498
252878861
273227419
112332743
182111081
216216814
276376937
315999
686464
273569826
88043276
67978435
278633366
155680996
75639671
90574516
569636
273714553
194819075
273506332
273314911
545773
276725488
55330090
270661248
49180968
273910713
278025357
216216887
275332784
25049753
172313285
72543165
275697208
253239643
58910111
270774807
273667130
271931535
278831505
278812212
273537296
416696
181745980
199196914
92010805
37902675
225206337
208623767
263440999
216216852
275290509
558546
276965459
118936706
278164820
274991391
273398359
273424920
248744495
273707671
352613
189557421
278906776
262461884
13853119
149969472
194451763
367959
115254458
19774806
275069518
149270437
270771521
248554848
208128939
704297
270052361
138396004
273472459
273952859
716138
275047894
244299291
681036
192950679
278446101
54025540
365656
184496101
276079795
276799207
159685457
275844089
57707227
275201021
21430154
277184333
46107047
84894442
277585998
278727701
272839127
275183117
210735229
2363009
74684484
277339283
279196718
279092180
271987454
216724633
25980377
160814552
273296863
86331427
277395783
272639176
86540825
225208312
201932201
273326862
262781808
279204738
278831499
203866611
275948580
274754501
273913031
263355577
274175522
65029079
276024237
42975887
272557049
22172591
958060
10038509
252795405
273456646
48699911
201630453
278866048
257847630
277922676
273503076
279112750
67343968
205695183
273933518
181165502
274756393
247943632
248762161
276273882
205707636
116121976
546621
143858313
274497042
272349563
278966620
188383611
20113818
258215773
67477622
270790596
271733432
77243054
270773618
32975727
271993501
279056216
271617216
70016686
182308857
273558910
208917634
255175884
270116266
270477845
246774477
152546954
230056118
247943498
271455471
195520478
274276757
253052531
217772539
272147719
190870690
262693209
342287
272048169
206248635
273458437
276502273
216216901
205579045
216216824
137131123
273581740
118693224
92732206
267099196
67991696
270791021
248495004
142002240
22400995
249161233
29810936
249450467
190156193
155770903
197604023
184912837
184901322
261072772
274804241
271173050
273257105
274444800
276065564
275839002
36319528
348077
277474922
263053677
361694
278903793
204005130
127814264
261972254
40981418
42531744
25037584
145399600
262885501
274990144
279133050
191444202
195192133
253491329
274773753
978818
163661428
262701660
275853518
275092603
75639669
169640939
273046419
22482297
178302597
73712304
276967945
262970942
193895771
46107068
278310159
252881876
276451207
74959093
190171630
85396636
54025651
263264198
272462456
262345702
392485
5506017
118796463
273228614
272609557
279112466
278860494
216216905
273654711
273712962
59207488
263488843
192666053
275359297
275688024
92552166
277041037
272429618
546623
64451825
216216850
263303966
273725430
262525573
246853615
255175530
274845344
143947061
279124121
171574333
169887193
206376382
184226416
262745203
272429652
271780077
272349565
271021986
59291594
262745132
270785739
276344692
216216818
83664135
216216846
252880548
1015864
276483691
273910318
278325075
275332786
208232947
66580085
171580968
41182204
136789923
273886416
274941602
181910016
262303196
258848148
178708202
230018997
230332192
273385357
273218938
278244185
277988014
273506391
252784112
247256689
262903843
176789873
274397317
273505941
55791400
267260343
273934140
271344122
199547864
274948733
276674132
275839000
195993438
273720116
272599194
253285018
191659414
270715754
137260112
253462058
262654337
248576262
270129274
68562560
22371000
78975581
270989440
86977698
12705888
270747190
279214934
69674766
274350377
136941103
272891317
201712778
277978048
67180418
278316845
275987327
277031049
273341092
585146
69838446
146274121
35441091
27991572
276412213
242616411
41182100
275606395
48480447
273027113
216520075
270774923
169375457
278639942
273381054
341539
273713442
273232101
343533
216216844
122489015
275016867
276642066
271278327
190502240
175700773
66464351
244317548
184282281
98603998
273951878
273162576
242622148
273714884
279153182
262746054
247239778
106362344
275906390
270838562
271303191
270785967
273553896
5535311
31207252
279092293
273669144
248585406
127031946
32352537
275018943
171625627
26355485
277482471
77231231
474723
248620549
799151
275092615
271123362
242434187
273725329
273531004
270443896
273725027
270102868
247590901
209606179
253227474
229805236
229805317
273786791
186369218
273699713
205850341
270490264
275342657
196372772
68366667
182462315
273669062
273282124
120504065
248537322
274670161
215727736
263791062
271795179
55078233
272126220
252784350
270131188
253410299
272391996
273220011
216285795
270161244
249930900
272048031
101447036
273257103
164242386
270126594
177767360
207563862
124250341
207671447
67330813
275021833
566261
433289
263047216
1040288
486641
273551881
273401480
247321865
274442122
262660771
273648319
263085414
22477329
174182634
44934855
221229392
176753021
272305937
215040299
198889608
146270290
274597700
208622868
271070925
199693070
208202092
35910288
270548880
209320316
201389642
192941544
276502504
278831501
274188290
272448460
125732192
57349187
276558643
270787140
20324630
508380
279212000
276642064
185925170
273911713
215745907
275551627
279066184
275406596
140221896
273166673
278043616
262746058
278578282
454397
262083264
190171158
275078188
150683649
274628432
275320382
201622735
84575260
32219935
255175542
86727770
273096112
171938406
500435
916559
76601012
278037140
184790648
1205103
92714195
271233732
242616515
278490961
272113680
495722
190842083
277591198
273688438
274758511
217125741
247814697
141960529
247590903
182305772
68563294
133772785
32404980
217493073
273478888
176812495
278837418
274756342
72758165
270115698
276895877
278304206
253271431
73789036
270884332
84883102
115254262
270300550
277392920
271585701
249671437
68554039
263957255
532163
276798129
441922
273282877
22980660
262744974
2196161
276913067
278714141
276558699
277515083
146274114
212992710
272349558
4084291
64229174
29352544
278827368
189061186
279131421
406566
242627840
249791330
275359777
85185300
273658054
25757493
36434505
247297497
251395952
125638331
279155551
274059866
807675
30793695
273648152
202072050
136340700
270173305
146271852
278761547
844882
118900469
59199460
24829080
68229394
248422264
278530073
221516857
276346447
190155288
474820
184497226
32077236
261813076
36700886
274558195
32411011
276334446
214889675
72913062
137260848
276330116
274756808
274547568
273891579
273785838
273785830
273713539
273713424
273713375
273712971
273637285
273417243
273327258
273244600
270122979
262656185
262034828
260922629
252784114
249679594
248556145
246208131
242075188
242075163
230018837
215548512
201571489
194595362
189365930
185851744
185435689
182090483
138049881
137485681
112083206
276024584
273891429
273746635
273725029
273713575
273713573
273712985
273668259
273467519
273454668
273447398
273443657
273417194
272433708
271628129
271439383
270840130
270715924
270691248
270129246
263980950
263679840
263679010
262871902
262061319
253308329
248414500
215738489
215725856
215725854
214756545
202769499
196154785
178724031
178711335
178604299
173904536
114944405
68077562
35526909
279165358
278049106
273714474
273713422
273472578
273231904
273227985
271725621
259310817
258571258
253785263
253627707
253308370
247905047
247905029
246774475
246208413
246208381
230332006
230331640
230331613
230086336
229805321
229805319
229805313
229805230
214932865
214823090
214595763
212607481
207753214
207753199
205807506
191058348
181137489
164077714
113498280
102074810
92551809
67167978
279072943
278840331
278839988
278838009
278813619
277346855
277044397
275972466
274397450
273314912
273232362
272860159
272844586
272029187
271626110
270952366
270267933
263482067
263196903
262833379
262823932
253284149
230368400
229965508
229965410
229965379
229805242
228617805
228615166
208444132
208194493
168946125
166453665
154280519
154082954
148848909
85645667
67048414
22834219
22825044
277973709
277743661
275011800
273593472
273538126
273511530
273511405
273356527
272409663
271540265
270925553
270880280
270335914
270255115
270239357
270234166
263291963
261840910
247933534
242621132
242618778
227643261
212922103
209606191
208623446
208622960
208621419
196058052
194198448
194198168
191365970
190171862
185005759
182462903
182461166
181919798
180855528
177776555
176789776
89696629
276509662
274900946
274635804
273567224
273475174
273463487
272135655
270751362
270751022
270113131
263339929
263088799
263088781
247661043
243204071
221224980
214594655
213846172
213706308
202045567
201009321
200617023
197750772
195192234
193210654
192900430
192877618
190337228
190301151
182713004
179442167
176789834
73689326
58962844
53988363
42636828
22642690
14071979
11894462
11372706
276495433
276488540
274593135
274056767
273897513
273891599
273707097
273383753
271829289
271219640
270744623
270118542
270111869
270105024
263645828
261834645
251577747
217492599
215788801
215788793
215788748
215745911
214931174
213741237
195510347
191365599
178604296
177951172
176734417
171812623
166340903
158846324
154041076
152547014
110916490
92552240
92551920
92551394
68075914
11973798
279286594
278603949
277571666
276598769
275806391
275698022
275362712
275303260
275019123
274549719
274028754
272048229
271266708
271152447
270739784
270715307
263335526
262664336
260930139
253290987
243080777
241632732
216216836
215561345
215119889
213872953
210735960
208126916
204965488
199647681
198916249
195791438
195770458
192900655
189035730
177287572
153409029
142403468
93039531
77221635
279203531
278720240
276674136
276497286
276491102
275606926
275031776
274527032
273402656
273209207
273197347
271993693
270799902
270701550
270161264
270160564
270145424
270141953
270138569
270138489
270123012
257847457
257759578
254077714
251772669
247321060
215613211
215561765
212553542
206335075
205696720
193690581
183267646
92551434
75654547
65899147
57030030
56269797
27979420
386458
277383387
274880701
274680933
274394742
273928113
273925614
273456548
273381293
273231809
272497322
271585617
271063311
270880688
270799908
270757156
270703637
270138598
270131236
270123022
270122987
270118536
270103771
263697085
261944246
253628677
253628348
253621628
240626509
221224679
215084925
214815409
204000241
191629935
131532347
103814970
96031649
95071993
77913681
68546588
17620782
279280346
276347912
276008839
274118128
274064623
274032987
273928117
273925610
273707240
273698363
273682249
272982314
272310244
272048143
271958143
270745342
270138577
270122991
270120659
263347972
263032825
262415255
262414454
252881783
215727738
213972665
209606137
206376500
206361044
201039546
200520509
178482398
124893091
106731393
78631648
77858319
68563334
16254448
12500989
1310641
278967487
278854096
276482888
276451780
276329993
276262336
275863903
275716170
275697931
275264391
275195284
274394734
273714476
273467995
273464876
273456224
273455038
273454080
272999405
272349552
271392877
271270206
270967394
270883286
270790796
270786975
263948863
263948663
263776624
263374615
262515574
242995008
209603462
204056881
198526071
189557422
181938706
96616364
52327451
1207563
278860458
278242725
276849058
276567420
275359396
275213746
275018949
274760980
274597703
274064176
273982275
273928918
273911434
273135339
273085529
270480547
270444869
270072626
263776749
262747897
262663916
254411124
254132100
253319001
252584566
250020210
248590462
242693570
216724588
213886844
206715158
195192096
185654115
181938694
173093645
160814586
97541475
64451967
62648437
55079507
279268409
278714954
278058325
277551138
277041039
276581039
276568419
276502269
276120803
275993142
275922913
275466290
275466007
275018543
274825176
273746637
273713426
273534837
273406097
273227427
273085512
272496322
270700192
270131396
270128074
270126573
262844594
262803974
253393983
221228359
217765122
195192114
192949575
161245924
154228215
114121389
107409377
77913824
72680638
56267522
279281973
279274410
278076658
277554402
276375158
275543142
275405984
275324341
275224008
275137718
274399180
274018423
273805237
273658042
273654090
273645867
270747265
270716231
270636623
263956706
262860721
262781745
252854322
247567463
247264638
242620112
241768448
212475219
208097040
197062941
190608374
153408005
148013027
66942008
59207001
45349383
40981315
37468704
34746924
826455
279288268
279287069
278977310
278760959
276114683
275971475
275089227
275071262
271965521
270808149
270786804
270131259
268293546
263273826
263209520
261943425
261840654
259575552
259514191
251268431
247403857
213691635
212567894
209609969
208643621
189266507
181900606
77560080
66724365
41329022
36701540
36700809
35910322
33132691
32895628
32855398
32352221
22299342
20445744
14071307
279289130
278903771
278903765
278866006
277936261
277735898
276448797
276344685
275890217
274949985
273980395
273980393
273646821
273624452
272432304
272284730
270905974
270787074
270700803
270502010
262392621
262392467
253103739
216472932
216216953
216216838
213691941
209332782
173903533
171587812
170708216
169887172
149779847
136939552
83757978
77231365
73108457
34749517
22760417
16829893
279113587
278063691
276306215
276079924
276016579
275426240
274991393
274506354
274183784
273990951
273980370
273725398
273725362
273666223
273456037
273265651
273054247
272448462
271198198
270834387
270786798
270786750
270774029
247264631
242435420
242433900
213675585
209867802
186877073
186120450
177968876
160370217
102141075
53495951
41015588
39854396
32701096
32613941
22080361
6215871
279202321
276458505
276349252
275266736
275266648
274018369
273685891
273654990
273645529
273408094
273215796
272310229
271480486
270789391
270785813
270774926
270771735
270545467
270544207
270260011
270131852
262085474
260941443
249489704
249451512
247661160
242176926
216226708
208917316
208739171
182463538
176522819
142419222
106362448
56846948
36924986
31207352
29810092
11601934
7256461
278024814
276448851
276109460
275092717
275034082
274588350
274399249
273666337
273537610
272392782
271009215
270790282
270789052
270786780
270773585
270548752
263078277
261113989
255176043
249451781
249161194
248495154
247755368
242620783
242618006
242078759
225972207
213185002
208917336
208917255
186129011
181900641
174582162
147063552
119932081
89642561
36388952
35131663
31206240
23873128
279127282
276436315
275731514
274363650
274004838
273947770
273499928
273232919
273157671
271187928
270789125
270786794
270785751
262813162
262813156
262813151
262813145
262605359
261944299
261944297
261813088
259514199
257759829
251535131
225971146
217767425
212474369
209283106
202062859
198898944
192673687
181992168
178058627
161650265
151377798
135350713
99056196
36702148
25665459
22172871
278710275
278610239
278238410
277015775
275332764
275303022
275283200
275217223
274460598
273990953
273423915
273309480
273099072
271288175
270837168
270789798
270774003
270773622
270769961
270758366
270259820
262779653
257759833
253722236
214578603
213740999
213691811
209904989
209608178
208406450
190608512
185907232
115641219
77231619
51107897
36828944
35593301
32352549
32077240
5524371
275020422
273717576
273713577
273713450
273712973
273659016
273443682
273240986
273121831
272048155
270790969
270787723
270770577
263179497
262061321
261972546
253500365
253500350
253500335
247444707
247405815
242616751
242075230
215221788
209432071
203448642
198320635
195791391
185405745
184588774
184411918
182457859
181665606
177891768
146939801
58616760
32352084
32077220
22172734
14071963
277869074
276567113
275536339
274471332
273725023
273717621
273714911
273356060
273316605
272382760
271315597
271219638
271016005
270161242
270123318
270116260
261114572
253785267
249038957
248733041
247590894
246774479
246772609
230080352
230018790
225208285
225208283
216724744
215746441
214815541
214743719
213972935
206376857
200678973
189310476
178572175
172313457
132303357
114945231
113527173
279155739
278786699
278295037
275377795
275087158
274758918
274755302
273927518
273713545
273232184
271626135
271451375
262795230
259514714
253785261
253308361
252780943
247905027
247814701
247814687
246208405
246208399
246208395
243594069
230368415
230368402
230332537
230331928
230239253
230019435
229805221
228609958
225208281
215746445
214823098
207753240
181561286
178785836
178010672
67167980