192909294
68688361
277672251
277670439
20056400
66955380
72161356
90619023
19274773
16440473
16440469
68392351
16440463
262695537
15686495
87392046
278749465
278227592
277670350
277672526
474232
90255764
278120041
275571535
277672375
68392338
277439488
275468892
277969357
276499292
425205
97927459
278116715
278108802
278041596
270742158
253042703
276657492
276370848
259510940
101089453
274819586
230966312
277607428
55611164
357358
276641337
278728445
50215938
278052877
416519
139970079
277969589
275685563
217184334
109337930
275831123
277809486
116148831
277770795
275685601
276499282
275599395
165777887
593146
97979213
279301804
165782071
188947073
275432103
275576995
218761551
279102570
276115047
95759693
278746310
278373355
277670327
273551281
437463
278373265
277385386
275654608
263040056
276166785
277969380
276177370
270808470
51903710
558396
116145946
271961619
278064169
50714344
270112665
272045144
276597949
246772893
77747007
493006
75332487
57219182
248498884
278720071
270785827
272383047
242619451
274056973
189542791
275588845
188610159
23432905
273868421
279273334
279273250
249966326
274028646
276147895
274363023
30608944
277815105
273834438
270785969
276176173
116152000
129740121
277969519
276167733
276500127
273024112
275685641
218761557
214812829
78890746
273377207
277969311
276657702
277969977
278718698
278127973
276179917
273868465
56828988
276811821
200690857
93271821
185027646
276038455
273356686
270703682
279273329
279273259
192950959
278096115
279297085
278014582
214866702
276176989
270112925
276500274
278720137
214864167
208118276
275936533
278014565
95759691
278000729
137440736
276384992
276370909
101471031
270791073
48894804
278064238
279225787
253274882
248243351
104870085
273868431
190608386
278753789
270173303
192950982
277945143
276246206
273291252
279273338
279273254
279273269
193912127
177190653
574065
73879855
55611166
4087421
69343645
87392042
277989238
116146005
278000923
184216593
278720095
276499312
275985091
276180393
248703296
276659589
271963814
278226358
214869107
270770104
278725754
278000878
278718700
260114923
276778544
277973041
277992028
278058580
270790166
276179760
274143892