276127712
275066543
274943443
274943442
274943441
274943435
270787817
270773530
262803207
262792271
262662791
247843242
214584374
206334218
177280862
127032806
127031863
86789304
84487441
84458051
79606979
76048443
73855009
73113831
66580072
66579933
53805868
48629549
48629545
48629543
48629539
47142043
34748911
22531898
483834
437437
434228
434226
434225
434224
275341677
275323000
275322443
275322265
275237002
275236907
275236633
275236198
275066466
275066389
275066175
271480236
270790938
270785895
263700754
263088523
263088519
242790120
202529554
177887194
127033506
24390416
10018717