277870866
276751099
275858426
275140040
273296826
273296433
272555182
272251059
271456421
270820051
270614905
270252708
270217447
270122292
253305786
252795381
215745856
215745854
215745852
215737203
215544032
204808179
203840772
203840761
201385671
189462841
183727532
176817376
128261424
74217555
53827745
24152650
11820409
714382
548694
456073
409767
405395
361813
340507
278745665
275863825
274828373
270179116
263559279
263515799
263387406
249765043
225267565
217385366
217385363
215737205
215548526
215389418
176932899
113117264