195662913
200779122
277842134
276032067
279218771
188665471
74488127
200779106
174605338
276148715
217268891
77718021
22052754
77718023
271328940
270954029
37474664
67349497
272392512
279159379
83680361
171905390
22631290
272392497
82517450
277995328
247760172
278524814
276566782
52592322
275716182
276058298
270545265
258542968
275348188
272392499
214234013
273183582
156821167
201107009
107707571
82489333
271314631
275309464
179372235
67120551
205136696
273707588
183544969
272117927
54683114
274534929
276147596
262427044
21956766
272421116
277842136
146270693
254085644
273372297
20542109
271437292
273433008
262455980
172437143
165699894
68229009
66863437
279066333
8958888
279145193
74265226
274357836
221703495
273476583
276209765
278275839
165699817
274534935
272999401
276847722
272033856
271314627
275622025
277382304
271314629
278908491
270440521
272472139
275348405
525141
67120578
273470931
275122083
20578987
193206822
203883507
201622331
193206505
270793409
272033822
276628036
195129152
596576
20578957
270819359
275125876
1749275
125739774
270883880
99367579
276150058
97825972
21238303
270767092
184507882
273959812
272033872
104267866
274590320
129852712
198269422
272138822
276161305
277846914
272117970
272247492
263644033
278151823
193710083
179762859
247326732
8497430
276412191
273717761
273502832
208686236
149970558
273018990
272340469
247329363
263047689
275919095
275347933
176606082
22132141
597065
273353584
277922554
272321017
194451798
271075458
277305965
272241139
20559101
20559097
247329616
67120548
72796610
165704345
273118801
189569600
195981364
263105399
273458022
262057043
68181536
263105397
270470732
246851484
273238834
276636773
76070975
255188428
275506070
58228992
272333119
58493547
275350257
274086715
21240803
72796604
191770386
20542115
272033887
179518744
270791380
242634490
272422069
272322018
35341004
198578909
270967251
183223222
248501692
276224129
273960486
271079153
271075497
203889493
207656831
276807911
276458741
188830580
273937975
276025847
275420356
276636767
136483485
196817471
203846632
168919149
104267950
235036629
197597093
137440313
273502849
209349786
276108013
263105401
253552712
187047706
202529389
190289161
246851863
247328323
262681407
276629979
277963083
273475554
152931146
186348798
252021089
259575596
276847724
273579804
275607112
181567648
278345074
262057045
20542113
208907061
275398903
262057039
95039310
44351649
275124874
82503984
171095912
247326348
272118035
271122061
270959134
270819207
270745232
262782993
253552830
252987932
252578611
252041004
247921350
247328121
247327590
246851769
230049944
200561780
190622462
189681760
189082429
176606105
166135900
22132187
279289518
278566295
278360731
276609913
276557254
276502444
276224241
276129713
276105380
275671831
273959749
273641922
273441546
272413263
272392688
272360323
272340786
272241295
271817102
271344173
270834098
270833898
270744347
270625032
263088801
262057024
260110347
259575594
250921613
225969869
217884091
217883959
217865509
212927961
208739068
207596724
206361121
191353960
181568135
834567
277930888
275820928
275124991
273941305
273546906
273502901
273466811
273466791
272360119
272342186
272321101
271819652
271327442
271323660
271314639
270773503
270766853
270766578
253134480
253134457
250008417
247327866
247327253
246852141
246851605
219161764
210134608
202100294
196817580
192949816
179372405
165701973
107707550
105378742
22651425
21240809
20578959
20542125
20542111
438816
279267070
277184527
276656732
276636771
276636769
276557290
276557274
276224135
276094099
275607116
273534540
273418831
273323156
272269652
272243126
271495279
270711442
270711432
259575598
259575592
257844678
255192324
254113521
247326989
246851920
205614267
200004763
198271043
195962654
195122903
194199065
178302235
173943275
106362546
94385135
92995014
25197285
20559109
20542121
2879387
275873742
275607118
274970075
274656606
273953829
273953756
273466805
273466799
273466774
273466758
252583957
252565388
247329136
247328927
247328624
247328438
192288227
82517448
82489332
67120583
58493553
52592310
20578963
20542123