279155457
279065375
279045818
279043366
279043126
279042491
279042241
279041779
279041116
278969942
278749203
278164440
277864897
277864341
277554393
277364472
274540513
273323476
273310674
273307608
253322211
253182461
247795155
213949422
213936802
92004412
92004190
92004174
91999007
91998994
91998792
91985974
91985189
91984587
89315791
89314548
45028290
22860495
15778692
3320501
279046322
279043004
279042367
278942910
278810511
278739495
278697937
278192264
277864808
274672999
274421274
274399420
274390975
274048918
272532961
272532923
95249852
93296848
92004221
91998992
91998988
91998807
91986425
91985796
91985773
91985771
91985621
91985509
91985148
91985046
91984937
91984831
91984780
91984768
91984656
89517918
89315794
22140177
2027177
460613
279270002
279046068
279045580
279043202
279042730
279042575
279041755
279029136
278717663
278704958
277864855
274399480
274393819
274089188
271476982
263450623
263450615
213949410
213936811
195994052
102552348
93297256
92002612
91998962
91998896
91986200
91985793
91985734
91985620
91985263
91984584
91984580
91560866
89316230
89316177
89315674
89314902
89314489
89314051
3483063
279270020
279042501
279042463
279041545
278942936
278724441
277978310
277864258
263450708
248760594
120471956
107428678
103807691
94277378
93297956
93297906
92004431
92004404
92002669
92002607
92002597
91998934
91987907
91985958
91985867
91985818
91985741
91985458
91985408
91985131
91984950
91984940
91984859
91984855
91984837
89315983
89315690
89314830
56212659
2043809
278794431
278725062
278707890
278707548
278628191
278053589
274462817
274142230
263450619
213949404
100384100
95498593
92004378
92004164
92004153
92002740
91998999
91998978
91998968
91998924
91989174
91988250
91986417
91986412
91986367
91986181
91985917
91985889
91985578
91985480
91985341
91985339
91985197
90522054
89317321
89316076
89315980
89315729
89315288
87567918
279043869
279042643
279042607
279042051
279042017
278942947
278194861
277864907
274540543
272559696
272532995
213936792
193001021
92004081
92004079
92002653
91998856
91986469
91984585
89317326
89316235
89314052
7471167