278883046
278883036
275889859
274677614
274676687
274674710
274674129
274142814
274142495
274142371
274125788
274122393
274118225
273310929
273307653
272448557
272438644
271301639
271301550
271294810
271190766
263097672
263085296
262893778
260795215
260795189
259489619
197652436
192951221
171592165
132191854
102133168
58710758
26595188
26170023
2208737
2184795
489781
489780
324919
279113177
278952451
278885209
278883050
278613750
275885572
275577329
274142820
274142818
274142732
274142344
274135271
274133633
274133601
274124371
274122350
274121123
274120190
274118267
273314853
273314277
273307843
273306223
272466098
271294848
262851179
262790542
261996336
261798881
261115096
260805031
106997553
87045053
81939340
49379213
26595119
26594300
26594271
12136935
2361109
278952463
278885204
278882551
274678089
274677604
274677369
274676823
274676273
274675432
274674514
274673805
274118249
272466331
263098551
263097508
263097467
263097463
210514032
198285380
197530448
197530313
196181073
165943203
107004542
107001732
106352173
106350120
105665000
105664721
84873755
82388657
82387057
77221912
55286873
55286129
52678838
52112633
35856209
25201990
2096853
279113138
279111322
278885206
278883038
278882974
278727299
275588534
274676204
274143812
274135254
274133643
274133579
274121184
274120221
274099710
273308099
273307505
272438744
271364844
271301841
271301813
271301667
271301481
271301386
263085391
262790153
262704811
260801510
259484202
258673187
254089815
99408435
58711000
58710822
50361759
26595122
2208995
2184293
2184147
489793
279113175
279113169
279113146
278882553
278628161
274677910
274677579
274677313
274676705
274675872
274675784
274675028
274674615
274673648
274673633
263099054
263099052
263098954
263098950
263098502
196058178
196058168
195994044
192989085
192951321
192951295
142363236
130781329
125506921
122521951
107001904
107001860
107001824
106996568
105665002
74036129
70805284
56003893
22987501
12134428
279113179
279113173
279113171
279113167
279111320
278952445
278882948
278882339
275885590
274677262
274273839
274142848
274142828
274135252
274121209
274120217
274120207
273310984
273307513
273305760
273305749
272465908
272443727
272443435
271301623
271301422
271294655
271271045
262851210
261994796
260805552
258639444
258635469
253420639
197897309
197388060
197388036
127032014
48754983
35446187
278882316
278859754
274677574
274676937
274676367
274676200
274676144
274676110
274675588
274675516
274675413
274675245
274675005
274674934
263209682
263208580
263098999
263097852
263097517
263097136
262701395
258673185
210514099
210514074
198285591
196220918
192989144
192173766
122273672
122273666
107004463
107001659
105664908
105664877
105664725
77702512
35856199
31895743
22987465
2208667
197897359
49961395
2184651