278111224
277540258
276078745
275339961
274844500
274765502
274160588
274140759
270808056
268395496
253113401
249771960
248817406
203084118
202028403
195954714
182712987
180225554
172477106
134283879
132302645
129138471
124893016
120183846
101983078
96300365
91612738
90959780
77774771
71907876
68201138
544448
429562
420863
418000
417850
401983
358171
354090
343300
278628208
277015319
276965724
276449363
275890035
275426515
275085378
274553894
274403783
274173587
274170054
274170009
274146084
273579838
273202456
262053189
247896904
245769544
222638933
221016560
216296814
214947766
213144208
209385528
204068843
202529519
198296803
180219093
175147115
135615170
129138553
127591100
127032378
127031842
127031552
124893197
90888310
49073024
5835161
472390
278058831
276699710
276348703
275276562
274379587
274313453
274084736
274079407
274067670
273471205
273441148
273185305
262053167
247799403
217648276
216213298
211958625
208056306
207035122
204420611
204069265
201308034
195881317
190842071
183337965
178226087
172476339
149534856
149534853
147564427
147564411
143618155
134350847
132304142
132304022
129138384
127032173
124893023
109861934
62013673
278321618
273712908
272310335
247566434
229735736
214189442
207281430
202034016
195821029
180847678
146287483
143144270
136403515
132304354
127591488
120183723