279236031
279185704
279157961
279112904
278967562
278949599
278948895
278948458
278892527
278790552
278788244
278788075
278788044
278785576
278729078
278729052
278710197
278684154
278598120
278572380
278523761
278496130
278275166
278229522
278123405
277671463
277591013
277384364
276659602
276425570
276379811
276285600
276078455
275362670
274928291
274056391
261028263
130230756
19824204
13920941
279292566
279287074
279280095
279258712
279250366
279218500
279112898
279082307
279022301
279001755
278968251
278948837
278874643
278706972
278706881
278520724
278445298
278123404
277998048
277543284
277402962
277398381
276922183
276106321
273456914
273349964
273219497
273219140
273182700
271782878
271537839
271535847
271223590
210137543
205819593
198571360
197214004
176831144
164335606
43262261
279269776
279236017
279201695
279187927
279182084
279165272
279134973
279082305
279082302
279022922
278998893
278949629
278892518
278788058
278682879
278616680
278572373
278469816
278296309
278100335
278031021
276659735
276230746
272188850
271535747
270790479
270790402
270790373
270789906
270789242
270466694
267179123
262664014
246073878
215983686
200694865
196849405
186267247
52124332
48963465
279278206
279277173
279193585
279185702
279134963
279023281
279023134
279022916
278949619
278948843
278892522
278814503
278814488
278756674
278729097
278729070
278603968
278572376
278438165
278316450
278160119
278160072
278160056
277017956
276947999
276922199
276016553
275925573
273121414
270790324
270790318
270789912
252044263
247442513
205299813
73853827
73851449
49311359
34956336
509618
279235515
279217224
279201693
279199164
279160705
279124245
279120666
279112380
279098382
278996248
278959512
278916774
278876687
278874699
278638428
278618098
278377762
277568841
277384188
276507354
276230926
274031576
273846395
273787649
271223705
270790349
270684093
270465812
270463613
252994462
251256165
205336471
197990871
178483672
173515974
173515970
92319191
49884647
49883392
14453309
279258708
279212528
279202500
279186813
279157794
279134968
279008841
278968247
278690012
278638435
278520579
278377687
277978112
277599017
277447087
277420937
276944652
276655569
276558783
276525657
276273595
275305960
274728129
274349615
273192589
273122683
272003080
270790446
270690064
262303707
253382087
242424351
242424349
215983668
197990867
189573160
188930500
161615543
57233240
11478941
279301371
279258705
279258704
279199148
279112472
279059437
279001756
278814636
278703712
278682889
278682885
278520574
278377768
278315209
278314458
278103698
278029702
277542350
276912324
276289498
276242875
276242867
275617268
274948798
274826827
274811766
273851769
271516431
271478390
270790464
270790305
247762837
197990869
197781975
197634252
192161603
54383647
51322400
23147673
12107892
279269874
279235206
279225746
279199156
279154042
279136322
279112902
278996258
278945831
278733177
278706982
278596739
278572385
278518858
278377140
278360870
278315440
278119827
278074011
277967013
277762055
277384152
276944222
276589155
276528404
276480972
276316446
275337997
275206488
275138979
274145959
270463575
249018450
248650682
203954152
196849394
79112225
50477553
37420467
11478937
279199176
279124247
279104046
278992276
278979396
278872176
278711929
278598025
278520588
278463518
278190677
277836442
277017968
277004603
276957509
276755695
276563039
276380224
276061214
275955976
274886193
274031577
273787454
273347045
271516427
271315628
247442509
247442497
200705632
184036405
158706492
74381364
70521004
50516615
50263061
44640272
36723889
16306339
446624
383384
279277159
279235193
279160124
279149139
279134887
278830785
278814620
278786967
278712005
277976804
277876898
277827108
277521300
277447079
276944166
276859450
276242871
276051757
275946551
275543601
274943448
274813459
274671051
273744760
273219019
270790098
270788995
270463668
270234752
262590473
252664500
251577060
250074901
248176728
247761774
247442493
217419210
189558192
171825201
51320541
279157787
279122430
279062462
278967325
278944487
278870046
278842700
278742760
278711854
278692571
278618269
278617028
278606662
278525495
278321673
278316995
278229336
278111222
277978010
277976752
277762147
277506791
276598506
276563036
276509284
276273519
274541255
273252575
271455597
270791059
270789003
270253499
262362956
262304766
253129481
225909079
192909291
32412544
383490
383385
279235187
279199152
279154000
279066186
278895000
278833286
278793012
278772404
278715343
278714022
278713618
278713584
278705942
278617142
278146953
278103427
278092683
278028497
277447071
277357375
276756589
276609096
276609088
276173672
275851721
275452493
275231418
275140255
274766566
274454084
272362092
262590477
249012397
246082975
204053394
197602124
196849409
195103884
59260763
50350073
279287149
279274826
279224378
279134442
279063602
278885309
278791606
278721323
278566337
278195917
278194653
278156684
278022840
277967474
277180972
276957510
276597847
276514261
276471772
276458561
276437883
275721896
275231396
274811545
274028810
272554419
272237243
272133887
271433562
271126567
254132148
252138278
246070523
242504896
225909085
195801653
189940947
189369346
161408750
1891407
279301377
279269064
279165354
279143677
279022840
278991806
278991782
278947474
278772428
278747062
278566253
278229572
278031012
277521575
277506801
277139831
277020763
276981137
276944034
276680063
276458499
276380223
276077514
275384926
275290827
275232476
274684674
274059881
271659330
267178878
262778180
246773020
200840627
194960237
189940936
189657596
167149884
167148832
165030725
383590
279268833
279256490
278841177
278830799
278786014
278714390
278697993
278682875
278617210
278616988
278616822
278607754
278123526
278094959
278031015
277977034
277762171
277551152
277463189
277463049
276809893
276563040
276283660
275936824
275721886
274713708
274140959
273346846
272597185
272035151
271476826
262304698
257835541
247276770
247239995
196424294
192772534
185435294
10920453
346645
279268711
279212544
278906642
278713780
278711887
278673840
278606664
278598026
278493331
278485858
278316998
278190667
278190634
278111187
278092749
277837126
276981105
276886601
276819761
276458501
276190939
276155374
275945033
275291205
275216152
273341021
273162427
272188853
270789927
262303861
249026036
247930825
230138654
203583552
202961683
201437949
189940922
182548599
176906750
91774356
279260077
279192841
278883263
278756481
278721320
278715003
278633400
278571228
278534290
278403899
278103439
277977532
277463213
276922204
276859432
276743836
276504663
276375125
276284241
276273658
275566880
274957436
274454088
271221418
271126644
271124971
271073711
270808143
270463542
263970099
263436291
263272855
253089389
196360957
191923799
189573148
173515979
173515955
59304008
374328
279199182
279199162
279191857
279157789
279154150
279124225
279005999
278967047
278898435
278841852
278711861
278706576
278618266
278430873
278093023
278076353
278000432
277267321
277017962
276655583
276099196
274989952
274607769
273294657
270711690
270677762
270463679
270463656
263682932
253391277
253040736
252994465
248703316
247239932
215983688
204941495
196424320
87391037
31821329
21767618
279269852
279260049
279199166
279192144
279157966
279154020
279104211
278979183
278968233
278966565
278959469
278947484
278848293
278756488
278729045
278728680
278377769
278123454
277976887
277808321
277520704
277485817
276527801
276380194
276140099
276016557
274849721
274742892
274545109
274195765
273851767
273200683
273170068
250074902
247902053
237604354
200694866
200619298
186434700
46009013
279274032
279199180
279157738
279122434
278948836
278894290
278786977
278714145
278673820
278586014
278572384
278485855
278440025
278439977
278103421
278092723
277978062
277977720
277919976
277485823
277384161
276860230
276640797
276563059
276471726
276075631
274415636
273952771
271317294
270789216
263698208
252651415
246073880
200705613
196849406
194104216
186091870
185071145
139567591
56610164
279260057
279235250
279157963
279112552
279005581
278996252
278948832
278940606
278883270
278874703
278874555
278831291
278809381
278756497
278602035
278377761
278151991
277976916
277591498
277342703
277267331
276598456
276283658
276016497
275822404
275232558
274866673
274771519
273932116
272003238
271221653
270541678
262303846
262037859
215983672
196394987
195959545
99992416
13116553
383357
279260050
279199150
279131302
279102280
279063682
279057678
278948838
278916767
278916756
278873400
278598029
278462369
278377760
278045182
278031024
277967018
277810550
277808259
277316172
277017974
276905639
276609097
276458769
276353078
275747157
275283374
273475411
273381058
273322891
271478393
257835527
252722561
252062233
248650692
242483016
170706992
72970903
50724989
23433529
14113504
279199142
279192725
279149648
279121339
278968232
278860719
278772370
278761201
278713976
278711899
278711813
278693992
278653809
278638429
278617284
278617116
278617054
278094947
278092995
278092849
278007177
277946320
276937001
276558761
276502259
276481003
276316503
276292100
276016485
274390304
273983788
267178886
257835529
242835269
197602052
194183493
188487632
184096110
20611171
13116555
279273988
279154002
279059439
278907289
278711917
278711776
278585964
278571215
278103409
277984285
277040997
276471732
276424007
275907764
275721884
275693994
275232294
275231420
275231414
274943806
273565276
272452443
272361862
271317258
269947032
253366264
253040767
252978424
251256146
248650698
248585383
242085710
206619326
189573161
189573149
162516353
71091131
33543697
383491
369373
278840861
278712097
278682877
278681240
278585976
278585974
278520575
278095717
278092885
278092701
277559052
276425564
276344142
276168125
275851715
275832239
275813963
275782220
275231406
275231400
275206487
275075617
274811840
274660738
274456084
272382700
272369207
271966935
271493952
271317249
258215783
247442502
247442501
208124548
192772356
175526786
52259398
46829123
40723142
5719061
279269410
279235238
279162299
279102304
278966628
278721322
278711817
278472143
278169524
278147648
278130093
278103423
278092809
278028495
277996634
277976178
277946326
277919984
277463209
277463177
276910676
276471744
276437830
276190911
276190903
276155376
276034380
275624203
275385022
275231412
274922795
273417507
273321955
271433652
248789104
230138430
200780130
195696310
182551495
174215347
279272462
279199113
279159569
279157791
279112268
279058518
278831293
278719557
278714640
278711919
278616788
278602027
278195915
278076654
278062737
277320341
276350706
276292132
276248069
275535625
275376830
275291193
275224225
274813719
274554769
272002892
271782882
270659966
263572543
263052906
262304776
252024671
246772993
201048325
198638331
195969664
193450565
188930494
167148812
163739384
278885313
278831329
278761134
278721318
278712262
278702205
278147678
278123145
278103441
278103415
278092879
278092781
277977530
277551078
277392924
276944703
276563060
275543094
275231416
275129547
274943440
274195863
274136641
272433786
271626198
271493960
270300723
270268852
270173290
263052013
254085705
252102669
249381075
249025956
198434875
192880214
182603760
131394417
916567
378990
279260051
279202446
279192830
279133809
279073211
279054186
278947482
278813644
278807757
278712299
278711815
278123144
278113282
277973805
277521286
277360190
277184579
276744971
276744328
276152122
276098491
275937144
275693996
275679045
275601020
275543609
275291191
274535715
273971782
269978954
263354630
263021059
254132164
253391266
253113450
247444612
247239912
222723698
188408567
181809084
279192741
279154048
279154015
279136252
279078944
279077306
279059440
279022900
278996250
278957136
278917023
278860683
278711844
278617278
278571212
278160077
278156660
278123130
278092651
277973490
277922428
277396072
277360179
277349912
276674142
276656619
276344110
275617262
270253636
263970107
262699502
248619205
201431422
200619300
198638317
192772536
179546076
160548374
136019497
404431
279134440
279131509
279066180
278906754
278903300
278883274
278788111
278742752
278711895
278316994
278275806
278195913
278076911
277977733
277977722
277976528
277436637
277038162
276859445
276396490
275890682
275851717
275679047
275566914
275232418
275232378
275111304
274826815
274457949
274175475
270747809
263575304
260921475
253129479
214651497
194568636
190605360
189635423
103865021
383386
279157967
279154044
279112594
278864827
278756454
278711911
278711892
278681234
278616374
278275794
278092679
278002170
277978182
277977442
277977064
277967012
277876922
277348799
276082016
275955962
275747043
275149206
274921102
274813473
274726633
273322930
270684091
270466756
263970094
252865776
248585397
242835315
205148096
201307859
193976682
180999265
155200498
146274174
82384950
57233230
279236982
279153986
278993538
278903314
278772408
278711906
278711792
278616698
278585982
278541424
278351285
278206285
278055383
277976270
277436577
276819728
276319884
276273525
276242853
276099218
275694166
275479013
273363338
273177037
273121792
271126637
271041063
270791069
251255499
242450509
230039448
207642853
198772541
195696320
167148834
136235812
91031914
78015569
44251087
383616
279164254
279131365
278863840
278737210
278713598
278702229
278596737
278327261
278156658
278111179
278051313
277996638
276755562
276480967
276425588
276273507
276132287
276016581
275721894
275566884
275543082
275290614
275092641
274993839
274813505
272844553
272184267
270107302
263698297
262346925
250229338
248502120
248128889
247239960
243023711
215898355
210795989
203945193
196021674
50350075
279199174
278969740
278903315
278830715
278760890
278714468
278711909
278711901
278638194
278618092
278596733
278160116
278148727
277489804
276826867
276801495
276745011
276147509
276099208
275955977
275231608
275231410
275034263
274832784
274602532
273565268
272852207
271516435
271326977
271221702
262304795
262304228
242086765
207643073
201088275
195801662
194141622
178831460
141002450
383595
279269700
279008147
278955713
278940616
278713633
278711885
278638180
278637936
278616871
278606674
278377681
278111195
278103407
277967044
277521291
276946236
276922187
276859416
276400837
275902828
275771325
275231398
275047906
273278344
273183937
272402984
271535264
271126666
271041124
270790017
270717666
270466705
270111018
262367862
215898365
173515964
146272003
80661840
77621605
57233223
279022852
278760967
278715031
278714656
278534298
278519664
278519633
278195909
278092499
278069121
278069071
278054712
277977614
277977572
277973860
277559034
277171796
277038140
276859737
276705097
276155366
275615390
275231372
274948797
274766572
272811064
272035228
271626155
270808109
270789203
270107077
258215775
247444616
206248618
192774663
191636265
189940930
57233229
54353820
31822092
279269862
279199154
278907193
278714598
278712015
278685291
278635387
278617352
278613712
278541440
278520583
278103419
278092533
278076656
278076345
278062733
278007173
277976778
276941160
276514273
276273547
276106319
276023831
275617261
274498275
273183912
273183900
271817108
270670494
270670492
270441122
253089385
251256148
248585385
247239991
208508359
201307852
197531479
192950647
102758018
278951274
278907271
278870062
278870058
278742744
278728944
278716256
278714378
278695813
278653813
278198602
276937035
276380190
276292097
276273551
276231886
275955985
274064673
273717703
273600959
273565288
272454763
272237289
271585757
270463555
270107055
270052438
259310835
253293606
249739767
248585389
248004644
207646674
204416871
203945203
192950603
189326211
185654111
164434669
33115440
279102266
278873404
278518847
278462318
278452843
278147269
278111210
278045164
277977928
277521278
277392940
277184391
276849080
276672420
276473221
276385089
275945035
275490534
275406526
274909674
274178422
273971796
273971786
273971784
273406646
272402982
272270975
263763515
262903791
262304895
249825575
247444622
247239914
246080073
210513799
206248656
198996027
196849400
192637115
191571530
279131427
278892424
278695815
278507119
278317000
277976768
277837550
277683439
277512247
277164755
277021403
276905438
276557382
276380217
276380203
276273634
275802311
275638179
275506277
275291235
275188286
274811586
274053070
273612689
273094654
272373530
271126712
270463561
270463514
270421220
253107549
249664607
246073028
242085678
225267782
217419220
199969126
197531445
190701636
11806671
278948834
278714644
278596729
278293943
278148731
278092921
278092523
277431041
277139008
277022381
276981160
276937069
276922323
276315567
276256425
276016555
275566886
275535687
275478937
275224251
273821243
273600957
273397086
273341090
270734462
270107073
269947047
262304577
253040753
252994469
252062221
252012342
249025946
217577438
198638302
195885688
174606926
2388227
1064038
383470
278903296
278870048
278830797
278830729
278807780
278772398
278772376
278768713
278637932
278616944
278534302
278507109
278227584
278160115
278147161
278111191
277267320
277253392
276514272
276140069
275937148
275907748
275615394
275232114
274792319
274019020
273558970
273514682
271585743
270808131
247567080
210513752
208789857
203204644
196424312
63554358
52112559
50254531
26593720
20487412
278903310
278870040
278712001
278711774
278682887
278616836
278616430
278616332
278591856
278576041
278519613
278461595
278130107
277976324
277967019
277021505
276316398
276273638
275902857
275617257
275291047
275231662
275231542
275231422
273579862
273565266
271073697
270808141
270791079
270700127
270625912
270501947
270253561
263697777
262903853
207933207
196515668
189572590
170870084
57236107
279286673
279258707
279193604
279171591
279165270
279102232
279086448
278830827
278830757
278827374
278817528
278719615
278712081
278711857
278695556
278431768
278317005
278103434
278103411
278051315
277874632
277360169
276912317
276900601
276530429
275955970
275937152
275802321
275231430
273228956
271659360
270670446
195662935
189572576
188930496
174321359
163739464
114271472
557599
371125
279305935
279274030
279260045
279235233
279235185
279194511
279054185
278881506
278837945
278714634
278439971
278372263
278069069
278064417
278058384
277978034
277977222
277967038
277527674
276848966
276847698
276680889
276603952
276546265
276380210
276231580
275507482
275291119
272247083
262477171
252764179
251255488
193898661
191757029
189940918
189641379
188930498
167149911
383477
383344
279286783
279235228
279131413
279082665
278873406
278802522
278711778
278705634
278226082
278092883
278037722
277551156
277023999
276944593
276859448
276852288
276609109
276602300
276480980
276400788
276190943
275802287
275466278
275290635
275185693
274845402
274379602
273579806
272648549
272474117
272165554
272048171
272035264
249025724
210795980
207317548
193045225
173971478
36488001
20487453
279290855
279269318
279259476
279235258
279212643
279207256
279078946
279022299
278971140
278967924
278961975
278903287
278813642
278702192
278686549
278677938
278519631
278073998
278051291
278036720
278016074
277978140
277438611
277436493
277359313
276937025
276830327
276604046
276598484
276311049
275914073
275274565
275041152
274948789
245770067
200934947
192115858
188408329
175686980
157540009
279278217
279199168
279199146
279136269
278905259
278874372
278853667
278834311
278824742
278793004
278702196
278695811
278430921
278111215
278014694
278000436
277668473
276680069
276639717
276620554
276530427
276514252
276488160
276273531
276016507
275822392
275385259
274865272
274758291
274423078
274136484
273442293
271846182
262903751
252044264
248502114
242086779
216724596
166084132
37865684
279260058
279199158
279073193
278885299
278842702
278772430
278768807
278750345
278711825
278616731
278569868
278504721
278445037
278226024
278226021
278160079
278076357
277392900
277174402
277030150
276945021
276941136
276859430
276672370
276546341
276463222
276361295
275543415
275232360
274692017
273694968
272036414
249921189
197656796
191923782
186085696
177205937
169099363
154231049
38110547