259510849
272916083
278746936
259479424
274350574
267259695
279035816
262974346
279033066
15664358
262971627
185625732
279026023
278831067
277009009
339201
277809057
262305589
279035005
278066002
278628278
279101248
278818805
267259860
277769940
271078055
279044236
276828546
137153096
272916058
248764646
277737021
279043566
279040283
262852407
273302723
270053084
279027399
139301806
274144097
279026713
279043992
262654570
253327859
259481741
279037544
135552504
279137755
139314319
261999814
278022143
262876238
279038567
279038977
706334
424920
278029887
262046655
279104250
271476994
279038178
191780723
277808315
278804906
279067280
73385399
279104396
259482288
262851596
262004381
273314217
278052661
279103971
279071320
273306023
262046207
262859155
279041216
279042269
279033238
279043849
279039467
279037582
279034866
279033822
276099272
279041943
279027739
20640986
193878897
279270186
278764715
278109879
277736966
274141931
262705624
262008634
262872418
259482833
262876690
262876860
262653054
279038132
279037820
279043338
279040309
279028801
278831012
279026617
279029931
279026388
262783299
279040341
279027669
279027511
555765
26467914
274118326
274141933
262852563
274101107
279084355
259479915
277992982
278812558
279040767
279027901
279027267
141094978
279028829
279044300
279039781
279037564
279038066
279038060
279033154
279032996
279038164
279038398
279027605
279027563
278720675
277770904
279044056
548569
278755784