279258238
279249167
279100042
279077275
278966722
278854158
278816660
278698767
278089629
276933577
276316465
276176078
276175362
274949836
274901178
274712478
271379251
270490710
262295224
248978294
225906148
212213013
197652245
194103343
192360435
192208886
173763075
169376042
138269668
132366457
88929175
77094511
76172121
57318113
31970495
29284650
26332990
14462529
492661
479331
278803120
278761205
278718853
278689552
278685290
278635128
278616338
278541534
276999770
276757039
276383502
276175341
276062711
276043111
276042838
275839112
275283290
275126071
274595574
273305060
271376438
271133187
270901549
262692310
209379520
203397265
198074783
193213684
177886281
176759792
112350147
112334880
110354514
72000007
31970453
20584136
9059283
4311057
406293
348213
279315919
279268811
279268511
279233129
277976704
276176085
275283326
274595552
273221442
273220640
273220476
273219632
272463684
272463662
271378422
271088427
262692404
262676177
249846865
227440618
205506458
197170146
192413994
176522613
173447641
165626771
74982842
74943723
72770774
71202384
44983197
31970455
20584194
1677931