212213018
273572930
279291040
279135160
279135162
278972915
278945687
48035327
277281569
252044621
279135179
277281568
273475257
276922052
276951904
273202454
276960028
203093928
239275383
252044624
273596524
278156047
276814609
278957914
278959841
276250936
74012432
638583
195128183
278117021
74569922
272942519
279219144
73531898
271959221
278373270
273296128
277314374
860285
217329727
273043918
72515209
277567428
261985966
278006181
279186827
276195372
272634840
277923300
278959826
251516239
276289480
278959839
77702303
278359397
275804073
8872498
174012804
271517635
277348509
279116039
279100067
185965940
139012629
276155977
30767649
276423996
275347929
278967836
273687387
253319019
19884509
273308631
278703718
199927557
277973559
278859730
274152941
345965
278703610
201105678
275320818
102261595
277396886
277410617
276289487
274069679
276047281
279152663
277460002
279186055
53931926
21949088
74363194
262551572
251969868
277460006
39212701
75440545
101089465
148802204
252044620
1618679
276145984
278959356
278967916
274248916
473681
114805450
252044626
278054829
113528597
278970784
279077277
277489834
60816107
10124703
273826373
197062995
171022590
276145964
262466758
270921822
203093927
263101502
278967591
84873224
184908288
10595558
276250857
275822490
200771759
22552648
188701585
277008631
210138064
250940668
204666623
262466815
263773553
274644817
277339241
263068970
273431438
272582658
82664187
20286457
273672646
205618161
276251531
276796866
272611239
271819839
66452069
8114203
272582656
276951933
276141034
74363198
276735022
276145971
277571817
273306662
276254017
278373268
93734269
273744610
278015722
277030405
273611597
183229969
90929043
277571868
279003179
82672914
276928500
187988028
276145956
273912936
110572122
252664498
160542936
252300706
277597686
273409701
272586333
249574257
276289593
273524652
273672639
203176312
411563
272555512
545017
1496071
50416090
273378915
270942219
77221881
278885434
274192468
273533894
277175538
276396711
276944875
277602766
278469323
10593954
252649049
273602181
276132646
274140935
76012195
273509184
275591927
276111490
277460756
273698622
24390435
274031466
249780935
278116063
203844711
276081587
277921610
276138993
277597341
213997937
685784
277305729
273351025
412663
277416238
276949651
143144237
273174534
263081909
192832825
274193712
273534082
75440559
399941
2422075
263081742
32218913
277593517
249268544
279005726
530242
6568565
271958795
782060
412969
210755316
270661301
76837843
276949235
279165303
276796629
31879620
272984743
276940141
273378593
279191153
214916546
274357638
279191202
274050217
272365793
566830
274032527
273553144
249885288
251405424
273914512
273690159
274188735
201538389
273692345
276132608
276140332
15750487
209866511
252049520
252135694
276952992
519735
273535651
273843208
158494562
277779834
276488610
279191115
276922070
240196074
276141074
276132712
198227977
263702980
44914355
73668332
276251699
276488637
275705577
137260802
250094923
273942494
273717970
274136865
276144118
277601791
277601414
194807026
203844201
77154506
263081926
252536557
271846356
54445418
279249946
782049
273707048
252159310
278636660
276306224
276332289
273851242
276488673
9957827
72027527
252158611
217329729
276250990
263081858
278701619
198509479
273310757
274558000
276449330
249574137
275893926
274785030
202712418
276860750
138324036
274017750
277393034
277393032
3738971
253040726
68350219
274644568
274056510
272321332
273097813
272830101
252649370
274558059
272413223
252720201
250096529
146515849
272611203
252040611
277396779
279191188
251417235
55355021
276951919
103297325
278521788
170263945
58046370
189192919
185024817
272468318
191287512
263020709
276144224
274018166
273958570
421831
251514761
276179812
274064707
263208901
32217479
276928497
404172
276949839
276949691
247337394
277597669
277459046
272916509
272386069
73668249
179063939
270716957
273475945
21367465
250092864
403300
253047135
252912024
270706313
1371267
189633928
189189326
274356978
273880488
274356958
247346503
205617927
252550229
248132449
180749655
217268929
251968677
250983747
262656132
247407006
202222564
201877286
272187085
248554384
275877189
274314800
276141036
276138964
276134976
276144114
276132675
276145928
277596925
277597593
277602857
44632171
277552689
274987229
249389494
15730292
201847275
274925482
203844354
270179086
44618905
278974360
3345419
263081835
263081863
263081916
272889720
263081740
263081978
278744210
215136856
105740320
272286882
274644570
177340223
279233390
279233384
279233404
274092098
23302928
216099309
276928502
279248816
279221853
279215944
274070517
22548768
176522894
93070769
206715212
192950701
207317536
253248370
274644849
274029820
278885457
84873677
269900389
274667981
276166215
270223469
272887645
199038747
272372284
249848782
272365807
55355806
272429135
272412172
200767531
84873671
263201184
57037216
279180568
270854414
143144218
274193974
276928496
274064831
10124698
13290508
273578889
205191604
107076148
270990189
279296246
275237000
279106441
253276978
273585091
276039420
273472218
251417218
272475900
272407333
192949212
127032380
277571878
272452507
276306182
252161687
274056506
273868642
252135752
277034158
273868409
278114125
277233536
73209814
214722003
59291608
278973545
278973397
278973229
263081735
179232863
263082004
273667607
270767481
278973508
278973042
278999979
213488413
180000849
159814764
279233419
277602768
192734288
53981902
188694564
248132463
275575909
173360423
271162969
273896931
161945335
187315553
270635949
271516909
276132684
276141382
276140334
276132637
276135179
276144245
276145879
276144254
276144101
276566541
186217524
275928183
248637794
277276287
270546840
272186948
201600261
278592308
273896853
225378669
262051812
168559532
252876889
203841056
146286205
213997965
175724216
274064705
279249627
47339150
31949663
247447651
22548766
272830354
272352141
252040940
279267791
270754018
272372268
252039349
208886159
77222559
272918906
273478861
251967099
84873693
252722468
249882050
77222690
273357221
276039447
273676609
77220835
272611192
272909788
252062300
55355017
201293170
170780916
277445824
279260274
278696000
249921266
272860169
169362317
1374373
84731312
273509937
270625800
252041627
253661386
273868590
77222328
273987120
272454741
273431423
253633279
252159463
84873664
129852524
273578912
6907021
184226424
185024831
263303950
249882469
273284896
277034186
272968530
178831565
273355551
216465056
251907849
276047325
273478806
275287052
273310101
273868622
273458278
84893741
279296250
201034198
272564862
279236713
273409683
279278962
278973194
165803702
165762261
278969236
278973066
278973442
200970802
177266706
247302560
263081963
263081924
276551615
215414858
252011562
252550238
248773422
87851025
189601215
191446014
273718021
275429554
75376697
247981410
178827694
189194486
274644580
177266693
276141040
276132625
276145978
276138968
276134859
276132716
276144105
276135064
276144108
208682463
275586846
252539988
279233415
248132452
251539997
252550240
274032489
277601390
276117802
279233413
279233400
279233406
277933733
277475077
272112631
270793129
271042511
203846638
146285984
277511502
201381636
262470256
137385565
270714912
274644575
252876595
279214426
279215979
279221841
273378520
279215778
278974366
278025080
206205001
276175610
45902215
158868340
5141191
260922630
271100276
58937092
252850860
85399730
274644808
76105960
279181610
279005828
205955215
275887732
272620443
252135922
272459549
273479021
272838023
259389003
277410592
272558710
253043715
146273915
277739900
272459618
276493178
199051728
127032708
242078293
273987116
272554908
216465762
272554906
277031057
276159026
217765959
250094925
275125626
272161171
251417222
278093707
272352557
251403350
201293176
273822564
251966855
273914460
77539099
279268116
277572513
274808424
272468525
279200734
279268111
279219138
273351890
249970568
274917319
227622769
273728998
200779731
252161772
263483713
254081932
279268107
279188740
279277934