279132203
279022862
279022846
278860413
278713494
278713484
278713454
278713418
278713410
276681008
276493868
276148377
275279133
274020595
270445112
262383216
262383074
252003977
249875160
221229408
198731735
190502257
183727287
176932704
172422193
140434692
138110985
124639646
45438055
44911496
28285988
25747641
7435621
5369055
4719965
3976837
2438617
2289999
566026
527322
279247127
279236152
279132431
279132350
278713504
278713470
278713439
276745087
276319984
275942262
275903556
275504727
275177601
273624777
273467622
262691974
205807482
197334796
196936273
196562146
196560163
195456113
192950028
190502292
187536721
185715617
184241884
184240310
183727819
180851007
165723215
153409172
140416335
138396012
24788880
4732439
2290001
578199
568807
565988
279132370
279132189
279132137
279132129
279132107
279132077
278713498
278713492
278713472
278713452
278713436
278713394
278617316
278566239
276319982
276035495
275942264
275942094
273398981
273259329
253580660
249663048
210163981
195449150
192949108
190502260
180851002
172422223
172422117
166389913
146272049
74860234
44911506
7245843
7203969
3665137
694901
578205
578100
525140
276807877
276493865
275942260
275942258
275942256
275942252
275942248
275466988
275156502
275156087
273732662
271585513
270714748
268406552
263103087
254087359
254085905
215555495
213681847
210145112
210144848
208643705
206480557
206145421
196561768
196522028
192518902
181370190
73865896
54433520
48592484
34749848
28285288
10367876
7435625
4439893
3976845
3976841
1475801
1475793
279269636
279022918
279022868
278848287
278761353
278713560
278713444
278713442
278713420
278616394
276745084
274920898
274033190
273953749
273600935
273579844
262383711
249290213
247239978
212484427
212323987
205802223
197529717
196219883
196058074
193976674
192950271
192950123
192949007
185715409
185339440
184243430
177838260
171585329
171581123
171464550
166154191
111470166
36053240
5743633
279269316
279133172
279132413
279022830
278848309
278713474
278713402
278699735
273579850
273398986
273218100
271578997
271578973
263206796
252062263
244303335
222723736
217900614
196058072
195192047
192951123
192951117
192950018
192949980
183731921
182969836
173911235
172422157
166159616
166156405
166085707
77753692
48872758
28284051
10639982
10639980
9949538
5743635
2001017
578089
278713476
278638867
276807875
276319986
275942254
275942250
275903455
275505111
274896466
274790902
273634129
273634127
273631453
262779093
262383460
247933391
225244428
206474485
205808189
205697336
205694844
196869201
195247607
192949334
185718514
184801165
181137056
169892609
146224746
146224729
146224667
96988492
91299560
10639986
4439901
3976853
3976851
3976847
3976843
3976839
279133401
279133216
279132149
278969844
278761105
278713522
278713464
278713450
278713434
278638865
274991813
273623132
273579888
273534872
271579017
271578971
271421700
270845345
270453690
247566071
212557111
206480547
197014042
196887486
196058070
195190317
195188946
195188789
192951072
192949004
180999272
180851017
180851012
180851011
172422137
146271578
115694618
52286309
48980806
5743627
279269162
278713558
278713542
278713482
278713438
278151977
276493866
276493862
276493861
275903509
275277564
273631455
273624773
273218066
271479318
270711611
270453735
262383596
247239764
222723738
210252739
202242327
195190449
195190365
194769213
192951115
192950012
192950010
184802853
184242587
181904573
172422169
146224686
140424502
140423444
138396017
138111006
110061471
48557709
13833472
279132150
279059232
279058907
278761152
277326384
276008817
275467163
275467058
275466939
275466913
274801002
273534831
273398988
273166885
271579033
271578979
270445108
263588566
263102392
262383548
249667960
249592122
213682350
213681873
195188861
194770150
184817818
184235107
181808893
180851008
180850998
155785908
102132721
7435623
7435617
7245859
4995519
3976849
1664521
1525331
278713540
278713538
278713535
278713518
278713496
278713426
278713424
278713400
278713396
276451517
276451306
275591943
275591935
275591930
274054374
273398984
270845341
247566110
247566104
240715980
212213128
207317621
207317619
205697346
201088115
197336597
195664819
194098860
192951074
192950014
192949978
184829842
183719160
182133832
172422129
172422113
161541514
94904252
75983554
61556081
279132343
279132332
278616414
278566241
247566124
205697354
185796361
181224943
181224570
181224502
181224501
11368911
11368901
1524347