279286627
279211768
279071601
279056301
278518861
278380328
278380321
277993572
277933723
277461564
276965651
276319014
275853526
275852406
275114108
274024356
272353234
272302641
272226145
253468641
253129544
191314603
190843478
184070221
178032061
178000444
128534559
93070764
73550838
73515859
67491398
67271338
53716211
52691750
50416094
32818414
24164587
540527
490639
470188
279192183
279133320
279132871
279132090
279058542
279058536
278787341
278760658
278755363
278685762
278475410
277526063
277500557
276333320
276331601
276331558
276331369
276319091
276318989
276148033
276148029
276147871
275114223
273596541
272619575
270253497
252871791
252720177
208222226
193129909
177190718
160591610
109368962
94904281
55461803
50322273
48754577
48752912
588372
543080
279295292
279058516
278572921
278076190
278075787
276856308
276318949
276148023
276148019
276148017
276147875
276147867
276001819
275852119
275792214
274937339
273161452
272887457
272839119
272497320
272446713
270550825
236074463
217103829
190843472
186265470
185435650
184910395
183719307
183481609
177923110
171585969
137259085
129138259
127032493
124526073
114447401
57865421
55422268
490968
279295404
279269902
279133480
279058546
279058510
278907187
278692575
278439619
278226770
278076185
277930824
276389451
275614414
275610659
275182762
273667790
273641173
272475871
272076729
260300893
225175163
224188824
217751209
214094812
214087878
190843459
190108291
182550182
180001942
177886634
177753645
129138289
104558365
76182766
57898773
57865435
57865433
56691185
22438901
529027
279132740
279071464
279058534
279058496
279006011
278959740
278860466
278327441
278293394
278229320
278128612
277933367
276965653
276897245
276345335
276147869
276135760
273712468
273708988
273699575
273357447
273161444
270798620
270726199
270112703
252099016
230202709
207886613
184905318
184879853
147411816
137439970
127032552
87635064
56754283
55422286
53875098
40439333
20490360
1826663
279133357
279133204
279132017
278826718
278737268
278715687
278507671
277540234
277034170
276556302
275516745
275443918
275341353
275223491
275084707
273468800
273411551
273231791
272886281
272382982
272370977
272255712
271287840
252876882
231774887
225953909
225953907
217125788
196970436
194455100
192151280
185005895
184878493
177922007
177267247
168900739
160591654
144523634
91544606
55282245
279303095
279295390
279295370
279295364
279295354
279295342
279295290
279287171
279269866
279269820
279269460
279269392
279269322
279268921
279132532
279132497
279131758
279058506
278517551
278296031
276965660
276412667
274959427
272838104
272786768
272476170
270883441
270758917
270116412
260810618
255349758
253619382
252185793
225954187
225386281
206206045
203845645
199969343
197652282
178057571
279315760
279269118
278803623
278718754
278317537
278229376
276148025
276135758
276021772
276005068
275944856
275744216
275110931
273331688
273260656
272370557
271310406
262055745
252877616
251924933
247933091
247716918
209870733
208271092
194455097
185092242
185088522
184910450
184879902
184878671
184651515
180950866
177753074
176752996
167614092
160308510
159814507
72910482
67712889
23431536
279302982
279295430
279295396
279295392
279295386
279295376
279295352
279295320
279295316
279269362
279269204
279268673
279245516
279132087
278229096
276965446
276331292
275301055
273708986
273534186
273498141
273385345
273162568
272857053
272269125
271518219
270963432
252714288
249610723
214088277
210513704
180985482
176522646
128525958
123235644
116904711
67694213
56003695
55284286
2777817
279306569
279295400
279295366
279295338
279286997
279269434
279058525
279058520
278630012
278295416
278075770
277342059
277034220
276147723
276135762
274356690
274089086
273938063
270803101
263703008
261996603
253698764
252876481
241654029
230086118
214094075
208778439
201430998
194455081
190843369
190843338
189263968
184907989
184879149
184878170
177887825
163167942
116120072
57889364
50410131
279133214
278906992
278226674
276481200
275320319
273509784
273352886
225953913
225953887
206246606
192950113