275793457
249875142
249875168
249875162
251393343
272404888
278727459
276445703
184075082
208303095
272404886
252246214
225386312
279155557
870617
278508252
3241175
85653847
278473533
279155543
26222263
252249075
249678149
108057141
177726620
276306638
884444
272962190
251380158
272051465
270803849
273612960
19913957
272851900
51307889
38189001
272472264
194179709
210134525
252240918
19913971
194124863
275672843
275685508
867450
274468101
272851947
38188985
270766148
270717672
276101115
249695518
279155545
252658498
270715912
272851949
272422766
1038482
208303097
275686093
273789487
272053860
277989778
274118008
87955849
278936555
271510543
278321312
274603974
194005441
273129274
252167922
252167303
271510669
272844488
275685454
275722116
272053858
275567528
274028487
225385918
194182169
253293497
278473541
225385909
251983201
272053854
205572968
278473539
252244433
193590152
270207356
271510571
274758492
275685625
158721164
210137229
273789473
273789364
192948599
982667
197387955
249695195
870613
252167882
253619340
278508244
271510663
262455972