279236711
279150333
279023130
278917021
278879928
278704632
277997384
277381902
276762206
275927640
273842945
273357023
273346845
272454779
272367381
272111582
271317277
248930292
235728494
214199407
187843291
187824773
186290826
186290824
186290796
186290790
186286190
186286174
171549946
160370181
157432540
58063000
54614797
20977321
20822929
16440471
7837699
3954355
1986173
464132
279219206
279211972
279143666
279143615
279122174
278972767
278791942
278773641
278508227
277611591
276583971
276396477
274318147
273961038
273314953
273219883
273202457
262695598
242725109
242424688
198208147
195801694
192124406
186290806
186290802
186290792
186267241
160370177
159259322
158775128
111285059
87106072
77105806
76388962
69764547
66751621
63924629
37794464
2297621
970417
279219204
279086420
279062746
278277832
278155114
278146961
278099535
277599514
277228153
277164026
277164021
276824664
275358564
275217312
273476655
273255576
272430555
272367373
272353244
272184280
270734436
195801670
192125802
186286169
162025657
153518828
146065906
137478163
125243967
77105707
68688349
66952518
51287047
15397971
12574279
4466841
3953575
646398
645613
486206
279280720
279244033
279106465
278761267
278491336
278381183
276428189
276396462
273977124
273921639
273733183
273708849
273283640
273122283
271456412
262875350
262055734
259542135
242797772
203701756
197920657
197344442
187827448
186290791
176909238
167972598
160553074
158741253
156224981
154181670
147931869
88917582
87959745
82041444
24744424
8234995
6756521
1366427
484430
438125
279219222
279191870
279189426
279105139
278749372
278382261
278296306
278025161
277604294
277420881
276732112
276661207
276502424
276482099
276286310
273328581
273191093
272582670
271528825
271085838
263558365
263500710
262695606
253471967
214611405
186286184
186286166
161618872
160553036
100347907
93059575
76833705
55605172
13415203
5061487
1647105
757372
475273
390304
390292
279219119
279209357
279187973
279112226
278876686
278791604
278573378
278443296
278094943
278040087
277938215
277361914
277228151
276734650
276482078
276377315
275895624
273328577
186286168
186286164
174444163
170352434
162844699
160371993
103511947
88917417
85763213
62680995
53395808
49464565
49464557
47504777
19274684
14643409
13967734
7851735
7361905
2000701
997537
602573
279181466
279048477
278880408
278690795
278271349
277520857
276828719
276552300
276458805
276420555
276381161
275665195
274113624
273621274
271320337
255480971
249802025
213911368
212213045
193212451
170326277
170326203
167520426
162100197
95162054
88917642
76012191
68392329
28285291
25740189
23462316
23224563
13624077
10277496
5929511
2546305
1445367
541315
527318
438184
279236048
279093676
278487759
278229566
277778452
276836787
276482079
275986520
275612217
275216736
273621280
273283632
271414264
270661230
262663942
262454634
261969108
253468319
249766492
243090397
196830265
195545270
186290795
186286186
184226848
179715880
160552960
155796419
152375119
100347905
87226754
77437951
76282196
59200604
58695345
13624082
980770
580317
571701
431187
279106039
279008790
278880406
278610389
278096527
277347475
277301110
277164025
277043036
276640793
275701502
275624209
275158799
273908935
273641926
273407891
273202482
270718446
222659457
208206810
196515656
195961281
194205609
160553044
99461651
84254126
51286878
19274682
13116539
11375859
10969678
8155362
4981653
4059679
3638033
1403383
826457
645661
605488
588514
279133180
279113724
278966535
278691941
278617384
278161107
277582322
277483608
277362130
276610317
276557272
275268033
274094211
273645147
273220374
272412140
263514102
253376573
205986074
192950518
180736956
170326212
160552927
146272040
100023519
98128554
74211477
72001042
49464563
47438223
13624071
4059693
3157551
1576151
972820
689204
612902
555348
438985
366992
278866076
278808764
278714084
278616594
278507950
278507901
278226424
278146923
277836835
277139132
276679339
276158905
275868861
274987883
274019618
273043902
272365825
272261048
272111994
271781622
270735747
262663922
242725097
203093933
201032344
197745245
184774161
145499871
70821073
66464346
55518204
54512900
51653680
13853125
6209529
2732699
921252
716232
548061
366014
279130659
279115353
278970764
278737696
278103632
278053152
277971562
277757807
277395387
276750334
276670741
276224125
274826820
274040838
273868433
273825650
273325919
273301037
271529523
270924663
257869282
242693562
203499061
201032340
196247919
178831677
160553154
151950344
134677171
102460830
50751279
49464559
31972589
31205931
25739664
3213077
2274529
833420
497069
481236
279280805
279278957
278866010
278842704
278679686
278058440
276504657
275903858
275586539
275274568
275060631
273787453
270302181
253381083
252131248
251345248
249889724
222679652
204658869
201687274
197901337
194199548
181699664
179718858
177340183
168234708
160553078
91499332
76748082
43476267
14147659
9794508
5369071
2000691
1031912
654537
605875
602742
571646
392496
279235498
279235254
279181447
279105261
278993516
278812518
278532230
278508009
277874441
276504681
276401022
275346740
275218106
271455699
270483303
263980368
263559026
252795778
242070666
220666221
214493655
207641093
204317936
194104230
192905889
186286182
173137640
168899458
160553030
160552970
147500223
76012201
73747717
25740110
12574283
1667153
583499
444725
430655
389589
279090189
278880412
278642461
278508292
278508003
278313156
278058570
277282145
276847624
276594919
276546976
276230614
273476659
270774875
263515803
262906206
253468343
242718198
203093931
202717215
198326343
161930320
160552992
160552963
128711585
113500861
81245166
53748644
48630665
43864383
22366924
3213013
3048355
2363053
2000705
1860495
555992
543195
451293
350300
279250986
279237012
279078918
279073467
278830693
278598885
278508146
278508020
278229328
277926675
276906494
276412000
275903871
275329628
273868598
273839992
273281830
273270578
273179918
270716997
263679085
263558377
253685521
253182340
251550462
249773423
217536282
199739996
198335043
172949808
170094961
160553104
10638274
10606008
8014490
1519261
571636
524796
395976
364196
279286683
279274778
279235142
279089893
279017947
277966806
277418303
276243775
276060361
275946530
274857134
273868562
272605470
263107308
253277262
248538034
217271931
212468186
201703268
201385762
186881705
186743239
185024834
159779840
143858321
100023518
54638708
50416098
41556498
22254704
11713956
11259249
1816795
1739195
1629787
549084
521191
478448
444758
322262
278620579
278603303
278456233
278139970
277751099
277598361
276906492
276458803
276259715
276165762
275903947
275826665
275149292
274024204
272646517
271331684
271199898
270747600
263560789
263103672
252794986
250020176
248757198
248594239
247858579
216007459
215727602
204000460
203290223
194959722
181973300
177185444
173515944
120183316
104799577
76730154
21487314
4104651
3975017
3071525
279237182
279165638
278761621
278614972
278508167
278508067
277929748
277138732
276224169
275017817
274033346
272321520
271182284
217574642
212557649
209603411
207726226
206362898
206206025
204622228
201594528
201252127
190706490
172949889
157195847
148866359
126595463
101089459
87226756
62681001
58621870
51039356
22367376
4183333
4085859
906097
448883
438198
395940
345199
279183948
279143455
279082677
279064833
278508192
278321314
277172517
277007141
276902587
276286332
275107223
273867224
273817384
273707104
273475659
273241222
272940824
272616473
272222579
263807112
198585555
193450574
186286177
177234566
160552920
157412117
143226161
131144751
105739972
71553545
57047798
53770152
37890737
25739251
19250613
13564346
8138177
3658757
425687
400406
279201735
279143611
279123829
278815724
278630616
278508178
278507930
278472142
278147213
278002252
277923298
276493090
276436796
276235827
275987168
275068285
273283633
273078994
271529524
271199926
261949692
249946487
243086211
216139411
171625664
171584598
170298044
160553110
96034361
89763867
58614140
53300220
52232683
19349133
10857704
7832999
6906997
1582085
1069434
442206
279022850
278722152
278139972
277614826
276745081
276598797
276493076
276008835
275894668
275726244
275101816
272365785
271423508
263389174
262457803
260554498
253468324
251456997
208064682
207566834
203539717
195954679
193617572
187960065
187952596
186087665
169595290
167462149
160552987
133922812
129268177
53869713
36854833
19963125
14524142
8175824
1734381
1496063
696269
596318
279112294
278853740
278809652
278641073
278598034
278458277
278165403
278148165
277012914
276906496
276894276
276239762
272465324
272361105
271975346
270716959
215040231
208206804
202238544
202153823
198424847
181452241
180720266
169193012
160553100
160552934
160552933
137414849
104558481
11947997
2005427
1647109
1029604
601340
584128
521517
476648
464685
443523
390223
279188207
278674563
278216447
278017457
277938214
276841084
276674228
276401012
276307299
276191279
276047404
275987218
274810666
273868626
273372452
273183908
272412127
272321496
271199918
271199887
270717247
249877087
215040225
214611383
212993252
204803613
200628437
198780053
184235691
166033487
160552978
1734373
584844
553076
520724
425910
417113
390422
355079
341561
279249507
279133152
279008448
278785998
278760880
278668661
278629196
277744859
277043040
277043034
276706269
275956220
274354511
274094175
273417503
273354434
272254004
272226133
250229785
205807545
201055483
199020704
198075126
189557804
186883758
177642754
168576295
133922954
117254517
82936137
76386456
36313788
29175016
11475525
4476293
4365329
570563
417334
361005
338901
278967720
277216679
276799141
276037117
275629480
275605206
275275830
275237436
274045743
273686222
273509180
273261375
271199920
263560342
263369984
248683816
248538957
242504722
215727530
212425035
196058082
185654039
171625648
168793914
168558613
161903423
145300485
116947274
89316127
13564614
11259247
10501730
2719957
1734383
1659981
970230
625185
573697
559140
546041
279269910
279054835
278866126
278809805
278054832
277483569
276546962
272321344
271822188
271659370
270921236
270804430
270460526
270167963
253248348
249878865
248989387
242630046
242502684
214584782
194959695
176098070
170298052
169604254
165627356
160553068
160552938
157482436
83608425
73508146
72751107
72745505
36710153
22140055
13624067
8048520
588256
540301
474068
340101
278533745
278148231
278070834
278054834
277836597
276905673
276650128
276559315
276132444
275987192
274028752
273452761
273053404
272138835
271781611
271518333
270743781
270712415
270335724
242502469
242482823
217424456
213873069
206483342
200630867
196843877
185851613
181367674
156224973
139296698
137592693
105104952
45347640
6898727
3939185
885340
714076
597541
477031
440455
279288940
278907163
278790213
278455332
278148191
278148137
277513577
276333952
276047344
275420061
273645229
273407942
273406067
271817194
271518305
270794304
270141538
263453338
215388605
214618799
214595512
204044640
191632872
187746403
183702052
160553126
160552994
137453760
75454152
53833193
51738437
1410127
684929
655977
585218
572956
571266
540383
428910
385282
278866084
278702605
278147225
277552976
276273823
276104228
275987214
275385418
275149255
274810665
274031970
273908923
273478900
273379129
272887861
272646497
272593730
272425581
272382770
272187680
271817188
271484955
271140461
249306423
215727235
214495406
208904830
200630928
180749744
145977548
77914555
72120588
68190510
48213836
25775296
7608276
5995401
609118
595804
440371
279132843
278508210
277874446
276502510
276462689
276244891
275230678
274146075
273257681
272605396
272396813
272352356
272227096
249858401
249347311
247680877
242893145
242087858
222358972
214922280
198817458
195328084
188535080
188189803
184414112
169376040
167461993
164336681
138324947
106756670
77774561
77222408
54407639
53833220
48633551
34476093
22430117
577014
494128
470608
278966714
278038859
278036670
277483564
276493091
276370571
276008769
275218111
273519366
273253257
271516186
271476806
270321764
262017993
251577062
249289120
248413788
213681789
207761211
207035118
207008076
204665316
202475487
197628200
191123992
186110099
164501938
149433780
149425879
142675354
128819910
96390067
82419217
46332516
21762792
581805
531999
507462
381733
347801
279243513
279106122
278768703
278659463
278147263
277923751
277362660
276546965
276104190
275946540
275236970
273791647
273726595
273516693
272369248
262822070
251514786
248936931
247295185
214912069
206491173
193493840
192124403
188533774
179158542
171625682
168900796
167926069
148802196
137482079
77665325
72507071
55582234
34474177
25980585
7833003
2667177
850904
420153
398526
279211966
278830725
278679665
277812988
277173075
276762345
275624454
274174907
274079426
273914760
272358161
249944858
249771920
248757791
217125650
215523296
211303009
204765716
201580271
195801648
186286172
72459682
54671912
54671910
50295029
48629561
41503130
29348712
22092576
10693499
1371311
1026156
924311
626883
597399
479004
455980
428913
382078
278788583
278776490
278151839
277392904
276640792
276608891
276412263
275702186
273594277
272297096
270802569
262469395
262453842
213928374
212326292
210760863
209873138
206335236
200673147
198224386
195952865
192875156
137694327
113526685
98301204
72751111
54057019
10282785
6756525
1566839
1038700
702278
604284
597393
527338
523496
415987
391953
348167
346655
276636725
275504607
275020411
274122117
274045533
273888813
273868569
273827508
272830279
272353547
272321490
271199908
270122634
253620307
251443194
249881908
249306421
247858567
218736485
212993329
209876245
205807423
200925329
200765341
184415554
184415071
181137585
170298054
160553106
160553066
160552937
137741287
132302691
127032460
102121309
53976142
35327204
696261
588519
516346
279121438
279078930
278836174
278750346
278441892
278146915
275300052
275274550
273963407
273835514
273636559
273461274
272043095
263514068
263085205
262454619
205188149
200617422
198326175
190515162
183271709
171625607
171585871
170326206
162181800
115768402
96200985
76756241
57793391
57219184
42877484
25915948
15693075
2069395
1539227
713910
476549
471335
423236
417046
279154022
278966650
278616778
277506658
277347525
277027559
274109196
273929285
273913690
273868564
273866159
273825630
273657037
273294643
272412160
272412142
272412131
270743956
262477162
260921482
257646225
255313276
253150609
252854114
249645536
205292360
197663580
196856437
195924966
138674987
137569776
117832461
74822359
74490644
49464561
561799
559116
438979
434146
408467
279073786
278761271
278616681
278610401
278601978
278226692
276661177
276559312
276258067
276236793
275341649
275057902
274185603
273868612
273233930
273219172
272728910
262477173
244316429
215944265
212993154
193922293
190118880
183718241
172448232
172024529
168800731
160553339
160552989
105231518
84837784
56305504
34479956
31952092
3957063
1463945
837734
801308
578800
540472
277837483
277034116
276734261
276679201
276446120
273886340
273868423
273662672
273384846
273106895
272835009
263584509
263096810
262472915
249349858
244132220
242891738
242504726
224029077
222358981
218738629
214501586
213963654
213877066
209302765
207749381
207227504
205573811
204069263
199975429
196849237
196156268
195327962
179720213
167615616
165284317
146224645
92551488
74490640
51238654
279007635
279006633
277394567
276319950
275433655
275385454
275111756
274040856
273238908
272321340
271781610
270920970
270745075
270717035
263807794
263103669
262982832
253253729
252868143
249953399
249272849
249260722
249260433
214106009
209423637
207978284
198187968
177752973
177280191
177165928
159693888
138669921
138334951
135444677
127692311
113526561
54122068
11637227
589358
429553
277543327
276471613
275300188
274111426
273641718
273597769
273242352
272269804
271983368
271585635
270735755
263053843
249257553
217648292
209254210
206335178
203841244
192772153
188492927
177886215
137453764
135322590
115974415
84132570
40263033
25058575
10606010
2274527
885336
817444
713711
638642
579407
574856
569812
549008
527324
457631
446437
348138
279133821
278966826
278761275
278761176
278616816
278603673
278598884
278508042
278507997
278507964
278507934
278507125
278147209
278147142
278147105
277362029
277316217
276661362
276291563
273888232
272429799
248585426
214200294
213704985
205809611
169887040
165150365
54422721
38108502
10745325
6199059
1539237
1519257
872302
800355
500531
475688
471351
442209
355121
278830733
278810626
277770205
277389212
277233517
276412229
275929129
275863325
274857245
274827198
273943777
273645237
273294854
272397033
272252419
270507915
252136920
247408852
242760856
209377356
197602405
193154093
151950570
127032509
84866571
84837756
77942729
74793286
54411771
53770546
1617601
861364
637311
474246
438094
425284
394460
381641
352340
339886
278860535
278703339
278321262
277355200
276611848
276567899
276008765
275356298
274173581
274143894
274113628
274109324
274084768
273386939
273165486
272639291
272396578
271453408
270301450
270118308
263370014
184415312
175466384
171625685
171184965
160553016
127033222
125741526
113232945
109861910
96037595
77942871
77942841
72206712
57712546
53833210
4476285
889728
574647
541267
278147119
276589277
276119265
275275824
274040832
273884637
273868438
273733883
273468695
272558744
272365787
272117175
271528839
270843108
263107317
263096808
263083201
259514996
253091661
249962066
247302591
224030037
219404534
215985797
215799406
215799404
208652888
207011962
206641117
198859142
197627269
194490005
182551500
147570688
98826858
56306565
8855464
3024737
1353621
470590
275619659
274990461
274372522
274166706
273912644
273868602
273663785
273656989
273649003
273169980
272964319
272425539
272382772
271518313
270766758
270162288
260967329
260942512
251443879
251277846
249972358
249890711
249847232
244329029
215136624
208186450
204765752
201847167
184476381
183680628
183513672
177190804
172475944
115299022
105740057
102120541
34746913
34642497
549288
549286
278075812
277836298
276807921
276665541
276636803
276103240
276059476
275268377
275033046
274064637
271527536
271062803
270711666
242342635
225904668
216215453
215141304
207745181
207658258
206488473
206474233
203840768
201308519
200848723
177308116
160186495
137261247
137259441
136601459
107394302
96390050
83833385
59262640
35364056
1046460
815316
496027
491754
416998
416931
279133450
278957403
278147419
278105308
276640798
274930269
273569630
273362210
272794492
271253941
262456025
261975645
215983660
213301779
207336546
199600751
198996024
198072212
197665304
195106527
186495464
149365226
77663506
77121586
76216792
71076510
66464342
57219194
14301910
10103399
7636846
2739217
1046458
708136
549083
479835
478437
419973
397932
355126
279258687
279142470
279133829
279133594
278866008
278775862
278616490
278508175
278467205
278148158
278148101
278147311
278147193
278147145
277874015
276661299
276661297
276307704
272305723
270183840
248537577
247776966
225247122
206335071
204902599
193736670
192950265
192261770
169887044
73314007
63670217
49464555
48702291
20013860
1059746
1031964
596846
585980
549261
397004