279229419
279183761
279145195
279131249
279072002
278994821
278864782
277348578
277348576
277348574
277348566
277348561
277041317
276497179
276497168
276497150
276497149
276385585
276166903
275600552
275044457
275034837
274801224
273933643
273708795
273326845
271972237
270862388
201431314
198215131
196152937
191782142
184442620
177117491
174827303
174217946
123915914
55093438
48480449
13115224
279085280
279047808
278905337
278859639
278698674
278639377
278448964
278216426
278121824
278065923
278045774
277621866
277459263
276562649
276488019
275747253
275264321
275264315
275034856
275034834
275034819
274990152
274885766
274732397
274285701
273542991
271270212
247445326
241022592
208917357
200726850
177328289
176815799
159484596
104074530
2826501
1266633
860788
430599
340212
278872845
278639355
278474068
278278728
278089329
277555383
277527466
277348564
277348559
276664175
276556000
276344671
275264349
275243560
275143184
275034852
275034832
274990148
274801233
274727252
274365271
274350400
274181552
273714484
273587068
273418785
272554360
271270144
271061349
270451097
258379587
249693753
215543634
209900485
208653271
206784506
203084390
156234327
20446822
279165440
278641970
278580433
278275169
278238292
278156894
278115892
277836994
277348243
276497159
276344684
275627989
275617738
275034860
274872973
274852954
274673859
273085843
271499449
271382377
270926064
270787142
263932594
263034792
253169401
209902424
209901274
209867978
209867864
209610265
205751470
204288352
200727499
200726984
191808258
159437717
68463992
10398307
5404377
816758
278539940
278036036
277837068
277834151
277833999
276756767
276671763
276659441
276596415
275617546
275264357
275180498
275172212
274565544
274467110
273713492
273708838
273696022
273444850
273326858
273296856
273245400
271985927
271455776
271400690
271235210
263036203
262570464
242765654
208907205
207281402
202238992
201798557
201420076
198198465
196338100
174827258
167613951
66667310
55093442
279074066
278851238
278327184
278072912
277912564
277441744
276493622
276395914
275604332
275511413
275034822
274657521
274558999
274405471
274317390
274048518
273767866
273717606
273472373
273326876
273246112
273245145
273217067
271455796
271089997
263594369
263077642
217772425
214232378
200726976
191808171
182848895
178458262
174827269
173360437
167614857
106362101
59478513
2835483
320912
278964390
278873311
278295119
278242761
278156898
278117168
277907793
277833997
277624409
277411004
276006933
275597695
275034842
274670082
273733732
273650079
273641193
273532607
273459206
273388184
272255391
271062981
270785727
262663919
261808345
252565035
216285782
208917268
203294883
202609884
200727000
196021418
196021371
191808006
191807988
164353467
146223833
125519656
51711222
23191032
278994819
278905333
278882718
278872843
278588645
278424187
278130419
278115563
275599917
275597683
275362774
275093514
274819249
274568735
274558947
273746656
273583715
273464616
273464498
271455828
270663052
270131234
270129187
262878370
257767752
253660494
247405827
217535483
208682492
205547189
205191884
203084461
201929496
181993122
179694916
167613883
159403641
146223871
14809871
982157
278578044
278468304
278156906
278156902
278035191
277416000
276430399
276344676
275138799
275034854
274874868
274402618
274050606
273713542
272397078
271731157
270180967
258668391
258628318
255605455
253150115
252324043
242070802
215725834
208917687
205696818
202624119
202610603
202025530
201427830
196021393
191808189
190791403
180585197
167614217
160591683
110686382
67045756
66878014
816818
279112925
277807922
276514977
275057622
274559179
274511971
273746631
273725018
273713447
273476714
273457207
271430950
270758248
270544982
270122976
263049792
262937601
262842607
262817351
248132725
248132723
248083793
242992989
242620533
219161617
219155470
215198560
213969531
208201876
204986525
204083599
203275441
203231699
202795901
200727200
200725387
196021545
174830040
174830003
114945070
279279774
277933829
276317070
276182037
275671780
275626910
275613768
275603929
275603872
275597886
274925484
274877286
274680457
274561704
274456101
273921301
273886555
273459450
270510357
263516225
252041143
248643298
242620567
242101868
230012749
230012694
230001672
209400865
203084276
201048223
200727488
194096528
190489572
184591250
184333793
167614037
92551861
54815031
34636468
16160245
278366735
276527704
275750391
275180396
274862986
274455177
274194285
274057971
274033013
273825088
273240910
272114776
263558220
249007038
248104268
242423721
230368339
229775540
213936307
203155648
202793033
202604330
201089663
198414158
193910675
190511432
181783084
174827255
171899220
170384636
167615312
167615282
167614994
167614221
154062492
128711591
101931754
92551999
68077592
66684579
279268135
278170956
278023237
277532059
277181280
274994494
274068712
274068710
273710542
273272508
272450060
272448471
270491187
270145056
270116221
258670386
255612244
255430572
255410051
254113622
254093170
253621695
252759277
249569728
248684542
248643300
219161614
208507647
203317453
203084386
203084372
203009568
202794321
202518600
192588408
183082093
174827319
170384639
160138320
113151324
278036413
277810223
276491682
276455728
276388751
276115039
274680694
274614631
274573044
274563592
274560860
274511389
274412629
274404740
274089084
273928125
273697528
270837354
257766863
257759850
257759843
255630273
255338434
254113785
254086475
253720848
253689801
253637749
253070789
252759275
252275426
230012682
212992419
202525814
177915486
167613879
109709483
954498
767959
352639
278857483
277543223
277499864
277031709
275241137
274599303
274558766
274444782
274316394
273726394
273636832
273543155
272874115
272041198
271793699
271431114
271400700
270962641
270925830
270843750
270831854
270831733
270254165
270138500
270127503
270111851
263059862
262526486
262525485
255630330
253666159
253629425
214933010
214831277
204112679
202649729
193910685
191945216
158762508
30041068
279292867
278828143
278670988
278515147
278508066
278156900
278150305
278150297
278093722
278089317
277562786
277527060
277416725
277416056
276679629
276351181
276318059
276174537
274731803
274542828
274352738
274143513
274035910
273684479
273151277
272426205
272397956
272026482
249534512
198732886
190863725
160789111
160395207
158762493
136232535
118526678
113127504
36420070
23088721
829025
279300982
278871245
278326130
278170902
278045771
277350111
276624153
275264332
275093518
274724110
274669658
274550615
273921503
270703847
262780238
261839342
261823575
258805915
258552421
249489561
215727665
209905026
209904931
209867888
209610615
208653261
208648717
208067231
207281285
203149883
196853779
195505676
193649425
173189430
167614832
138049989
118582505
76359126
73609405
73437403
279307671
279127266
278730358
278052451
277874545
277873987
277041608
276497170
276344694
276344664
274460028
274079408
273461918
273388179
272426194
272238898
271455808
263058825
262052936
261973368
261972266
249824676
212257728
209902426
209902401
209901663
209901511
209610587
209610076
209430298
208917307
208906541
208648894
203926642
200725323
195552599
167613602
118890576
115972918
106362125
273713581
273713559
273713557
273713446
273712983
273667772
273504129
270887439
263695045
262873645
254095117
252641109
252398975
249679558
249644323
249644312
249569773
249389203
248132755
248132752
229703965
225914387
217535492
215561531
213936341
213598652
209400842
205727603
203210643
203084434
202792616
202782527
202631289
201842889
201629449
201477698
201089669
196154637
195547160
77231261
275987407
275972347
274024095
273655782
273475496
273456360
273454169
272285621
271981314
271440206
270511498
262836652
262813477
253671843
249852121
249085224
248681356
242170771
230012686
219157376
217722401
214831283
202858856
202604273
202217652
202153534
201829149
201475786
191808071
190608454
180900872
178935271
177515693
167614025
167613967
158984639
67048410
66379023
54814413
5810499
278516059
277941878
277837146
277836998
277834162
275358943
275358847
275301756
275276521
274916965
274801230
274680924
274618667
274614627
274559200
274455540
272619739
272526486
272446656
272307361
263863719
262082738
252759264
222716388
205894349
205857771
203232354
202526482
200720736
196373857
195478271
193910808
192288058
191808064
178736626
178031655
174827327
170384641
167615197
54897796
278890676
278871966
278671456
278603882
277487295
276684453
275619664
275525127
274288571
273714488
273669105
273464654
273217021
249198401
241759018
219155552
215727241
213935969
206781229
203215320
203084328
203084306
203016328
196574903
192459052
183243696
178736630
173761440
171292233
170384655
170384645
170384635
167615411
167615019
167613943
152567011
145540088
113526337
92551528
66667308
279291032
274614629
274568731
274446408
274160152
273980376
273959635
273356062
272874162
272112959
272041209
270476786
270129221
263562596
263560548
260940058
257765906
257763238
257763210
257759816
255630293
255630282
255349754
254093433
254093177
254093149
254089703
254086485
252770242
252768125
252671718
252576715
248825211
206769799
204117096
202782937
202717043
201799306
167614800
160138356
277031768
275229604
275033225
274642203
273925652
273714569
273707145
273215704
271413601
270838564
270769390
270127553
263581959
262795236
257859332
257759502
255630284
255612253
255612037
255430576
255368759
255350129
254093663
254086679
254086623
254080622
253713166
253629353
252393425
248494035
212567902
207172174
206205058
203845890
196021378
173188860
167614847
167614007
160691578
67045567
278462140
277165597
277038852
276750603
276624238
276493259
276418985
274743349
274651078
274460487
274407486
274355966
274313831
274183521
273713498
273583586
273315027
270963936
262914493
262570077
255368845
253412331
253070037
251404345
247337284
225266632
215414842
208615607
202862626
193747911
174827221
171724157
167614763
167614168
103669881
56819712
11107852
3738977
2108763
342257
279307669
279155549
278890153
278872841
278733070
278642160
278469855
278171014
278063700
277963138
277624122
275994370
275482334
274892624
274559239
274497213
274058559
274047139
273259353
272943675
262878360
262734403
262570367
262570147
262569910
258668080
209901147
209610677
208917723
208907130
208739086
200726982
196338091
167614151
146780837
36705283
32976044
32362563
23271234
13362303
278114449
275401874
275034864
275034827
273898969
273725378
273725046
273639804
271986584
271270186
271270174
270977311
262780248
262780246
261839350
259514702
259513341
258820485
258752471
258628308
252887541
247891719
213589268
209906025
209900472
209867823
209294390
208906983
208739294
208739155
208739132
200725336
196338067
167615308
167614328
167609416
148910587
125348887
36153624
16998546
279198836
277041353
274559385
274402389
273725321
273712979
273454675
273441334
273417900
270789094
270123316
263949096
249644305
217265334
216900638
206384965
204053189
203233053
203232417
203222489
203208501
203200622
203144078
203084481
203084296
203084284
203015821
202611351
202217739
202062538
201581165
201391605
189328992
180591120
177756778
167613981
160591598
114944415
95249758
66379115
278668483
277973690
277923873
276840246
276635122
276489469
275890071
275603307
274911880
274529002
274455108
274430487
273458478
272234303
271440248
270811826
270481839
252040482
248895876
243034566
242778627
229959660
205136433
203084469
203084448
196029405
196021419
196021411
195713767
191808079
191808004
190608370
188554063
181238084
179214745
178736714
167614692
167614233
111553399
100365597
277526883
276562417
276178354
275598637
275597201
275595218
275051407
274913059
274467918
273825086
273786626
273228070
271959056
270805965
253313763
252640267
249644264
230368349
230368341
214831279
207281130
203293674
202797514
202604124
201796623
195742206
195184097
191808157
191808119
190608565
190537994
184079632
181783065
181461191
180293829
178736609
170384649
170384633
167613798
92551817
279272146
278961252
278895617
278304059
278278652
278113821
278112744
277837002
277555112
277344951
276165582
275359944
275163320
274822800
274762452
274636647
274636570
274615555
274559828
274455996
274363270
274090231
273519426
271948926
271455810
271455769
271440179
263704303
263630589
230002174
216469485
207388068
193910677
191808165
178483004
167615060
148807558
128711652
66379111
36529438
279242840
277552734
276957963
276621882
275168577
274760292
274402385
274168055
273373655
273199100
271888111
271266181
270838550
270838133
270756540
270675224
270161266
262522671
257763249
255605695
255605477
255605454
255430535
255430525
254089867
254086209
253713165
253700572
253665946
252671551
252646937
242656344
242101768
204208017
203084452
202796267
198542612
122764627
122521464
14519333
277016786
275600583
275599358
274881214
274657491
274573042
274559649
274559604
274559462
274377231
274005515
273925602
273836887
273725333
273690861
273293532
273151281
272150663
271415199
271219882
271162917
270478153
270254172
270144997
270131120
270129261
263274067
263075154
262526504
255605495
254093179
254089186
253720828
253665918
213936126
201842875
196049667
167613806
149153658
130771370
278377548
278164824
278063698
277485914
277275025
276590067
276522651
275686509
274986917
274792998
274707226
274614623
274532461
274514401
274377738
274350376
274289147
272243517
272242240
272122665
271783554
271441190
271300875
270962603
270843273
270116195
262570294
255630268
254080495
253088703
247257234
225908328
217535427
207971040
196152946
192459028
160691614
143003308
62040434
36376504
278812214
278759933
278580395
278156896
278128295
278089313
277980515
277482062
277384192
276552212
275873738
274763622
274724209
274686309
274655675
273246162
272586432
272058721
270211130
262345378
258628313
258571254
255418011
252041101
217173600
209905980
209905966
209610660
208917302
208907113
207867043
205941717
200726770
195745688
190608645
190608456
167610870
137638739
92551426
353379
279230170
278037699
277348544
276497173
276497160
276344674
273725422
273583783
273499008
271628120
271455760
263563750
262780240
261973370
259512803
258752534
258628312
251278773
215140210
209901486
209900069
209867795
209610116
209430616
209349782
209298586
209282091
209279190
208917655
208907099
208682482
200725299
167613515
167613462
167609996
120150394
35593607
35593313
35591940
32182341
276497180
275617636
275505546
258848250
247815787
209867752
209608512
209349474
208739198
174491195
275034844