278489408
185067342
275025272
263049497
207841177
274946271
48291558
271966494
278694968
277923424
262744708
277008638
90337931
277312618
276286312
279071247
263564093
275213458
278756941
276391980
275268388
279005003
190861557
278756955
278445034
276353088
195133818
276545392
90887853
277348507
90331675
278737693
278994847
209379322
279191855
279133338
63190447
275481691
278944484
275429508
278093753
276504659
276180117
275504565
279077315
271075792
186567770
279258536
90328908
275604204
275851272
277348522
277809096
277717755
92911400
278227421
278668617
90331427
279006244
275429506
275525075
273314951
92504844
276275663
277348500
275721854
209379528
262741383
273541743
279008436
276594715
76126166
277024124
275429495
262746222
278851664
279219250
274554759
278002218
272844492
276719184
278575789
208747861
278859559
92504861
271075811
273555261
276755239
466707
274554774
279083133
262746502
448837
279151818
273406065
274713825
276132459
279189773
279258172
276455251
94277429
452384
275698423
276807370
276132450
276601648
276438177
272038251
273400087
279106093
278671141
272353023
278576023
277021067
276391245
278532008
278894205
278809732
276504665
278122954
270835394
272648542
277348506
262744914
85361944
278668645
215727681
278883334
276164307
279073730
278626512
276755241
274940693
186233246
275540594
274678773
273098058
90984943
278933253
276323455
279059292
276841107
275779327
279077304
195959423
270245214
215727679
215727687
276920089
276756189
133772916
277484732
277024100
276744234
279005510
278808866
273384795
275902505
263643288
278972769
278971199
276559311
152375121
276948003
275466059
208778527
275418638
275975460
278768817
274097283
189885569
270835535
274097291
274169169
190608390
263964600
272143385
274098278
277520644
277024098
276841546
276920110
84566333
275703513
191764020
209379481
275802255
277348502
278901263
273541656
273389146
277029409
276178838
275739184
279005528
273380831
257857314
275938091
272382664
263102843
275764456
278123614
276446331
275902539
275216100
279280500
278883332
278580177
278226191
276508002
89315520
108716657
225238935
208115518
275518395
204941412
263572548
88998605
101931379
275504561
276164793
274097277
279291400
279258169
275520351
278696412
276567267
279059315
277780945
277963484
275604387
276479711
273461136
279010609
276074640
275809679
279189723
276174816
278944481
278423554
275748860
276601661
276755240
273514670
274097295
278454846
278585028
278070814
185654000
275721810
278722767
276919955
276919860
273579866
276195773
262745955
249780115
274947007
276491684
279298520