279097457
279070086
279066467
279018281
278899421
277923384
277923284
276933512
276148745
276148736
276140071
275863871
275679078
275574425
273379521
273325887
272059066
270442390
267340202
253284237
249662712
216090603
208406265
182983719
180225969
145092076
84565498
80358850
72851559
58413506
44183713
22631280
14295984
9985027
777517
777511
475779
436251
340952
331477
279225730
277929878
276613281
276418973
276017164
276006166
275993085
271427029
249778306
247289987
229802161
215136364
214651505
212213041
198262364
153518813
149520283
107452308
87631883
80412715
75441126
63670215
55841941
49742351
47799418
47799408
3283713
1934569
1651921
1339619
951196
782269
782239
591513
569293
546706
531884
472011
432314
423551
279202565
279066506
279018279
277446259
275993013
275987257
275986509
275961120
274031770
273670894
273600793
273466766
273466750
273383057
273278177
272039932
263581118
263581101
263514066
261808005
249778329
247294038
247290025
217574364
177860472
167462179
90527671
59452262
44433390
41015672
36851408
17495300
7184573
782262
629275
542764
472010
453810
424196
351737
279100162
278066176
277923278
276566817
276017453
276017170
276005460
275972758
275961340
275947800
275946897
275943587
274140981
273466755
272448162
272058743
270214313
263797095
253275226
225211179
216283169
207933269
201390161
184082065
177757924
172175811
160814554
89000438
77627101
72557808
72123317
56719633
777277
777276
544955
530303
411555
403632
403510
345779
279018277
278804064
278755481
275907134
275906368
273466803
273466747
273325901
273277419
271516951
271427126
270711428
270253577
270116382
263581110
242504926
225195190
215936195
214117813
193643331
190843524
189601255
183913919
171906570
169376048
149520287
138504795
137430615
108939004
60391888
37793848
9977542
1619617
1516105
871612
782272
543863
534765
485896
324892
278881482
276919438
276557270
276556304
276458791
275833313
274946983
274031718
273420348
272830013
272617793
272448170
272247091
272172698
270672458
262037911
261946939
254093097
249766505
248591357
230323517
207360756
205602375
205602056
201401524
192287962
184096996
173566022
173205427
137432363
87631874
72851574
33030586
10303814
7957782
4503887
2621703
876162
405015
404864
279149745
279065904
278156969
276598923
276412255
275833510
275385436
275014370
273820104
273670848
273434632
272167727
263273297
254037824
249771925
248590488
248162312
247935545
225195088
213937027
204872047
190096449
185654070
183718374
165150437
89000430
84872706
84872488
77627094
75441245
57707231
20491489
7887140
7148075
7128185
3750483
1826673
540149
471991
355811
278069459
276502384
276369379
276273906
276147690
276065502
276005415
275986517
275806698
275087069
273466790
273466769
271973429
270772851
270712330
270247547
269895134
262086443
260932568
247935543
207933139
207360919
207360913
207360782
207057378
206488559
206374759
179686425
172870418
171905475
83344466
60393181
60392004
43341751
10576702
10104430
564919
487348
436921
407485
279257902
276165428
276004897
275813864
273688267
273670846
273633955
273455462
273454925
273341042
273246689
272239384
270707722
270116380
263581126
263063963
262653469
260932575
225195188
208778503
205819623
205037600
201040354
197153754
111731414
81225008
70415991
56878212
36710553
26598910
25980161
24188577
23436666
13979495
1651903
1651887
629277
574469
418911
279191637
279191635
276843110
276019447
276017186
275271094
274031726
273466760
273466754
273308903
272425573
271967401
271336009
270830764
249135830
247935555
247935553
247935548
247883799
225266634
225175192
225175181
207362552
207360774
207194056
206481100
204117128
201182403
195990716
194193121
190553941
108942736
107455285
76141734
76105962
48481704
9986616
7958609
1805727
436920
276807829
276636745
276598785
276104208
276065560
276006178
275961350
275543633
274198898
274028578
273559325
273383719
273085481
271307551
271258419
270717103
270072500
248591407
248590449
247446304
247401594
217772433
208778529
208214613
195990578
176734474
149520281
108946186
108943133
106991197
77627096
75814342
36710746
32013028
25189780
22535316
22532177
10570557
9808242
1651891
279259415
276633362
275987275
275973823
275967202
275961277
275946882
275807048
275157718
274941306
274802346
274185940
272475993
272448093
263336548
263304027
261946937
261946934
248360161
247399788
242070709
225913532
225175177
213937028
213893790
207336563
207034817
205034685
198102745
167530446
118208802
114843616
108943054
99436287
59132139
47799416
7823170
2621701
1651919
1651917
278933275
278110359
278022802
276598787
276165409
275960984
275942076
273916377
273768485
272915495
272448172
271428968
271305461
270708242
264098952
242070358
225195096
220824750
217103285
207360924
206481104
205809469
205684410
205506519
204873594
201161517
167019588
163739605
158775136
146275283
104797543
104539918
76138608
72508021
37945993
22535810
4046929
1826679
471807
276704632
276017243
275947116
275942710
275159357
272383003
271819582
270709839
270072552
249570694
243083089
212324229
96752671
32220542
574550