279275404
279171573
279167252
279143681
279005217
278967980
278930204
278160785
278091329
278059466
277333055
276147832
276111409
275335269
273732432
242620446
217479133
215876179
214493605
203812361
198572230
198571204
192726226
184218176
171137376
161633750
158235745
145420744
103511949
98826603
76443018
75697497
69644756
69337688
69337686
69337681
69337672
59553860
57865425
53716215
279291122
279085516
278968733
278161036
278131690
276147828
276147824
275851501
275504793
275481990
275088966
274283965
272236732
271534745
271387835
270746834
270702647
263642657
251887632
245769556
227696610
212326937
207762488
206795464
205149853
203983547
200790008
198569572
191949999
186881395
140574426
82700700
75373048
69337692
69078513
58709672
57865423
21902438
657964
597018
279277141
279260410
278865076
278682063
278275717
277911895
277375417
277352482
277351386
277305851
276147757
274276553
274058168
274029241
273552673
273245324
272477231
270768970
270446835
270234819
269953011
263453902
254139686
253626952
215888262
202529701
201106773
195469959
193734378
186163112
179955557
169459481
157542780
146516793
98128673
69337673
32220041
10807782
10725776
3078015
278462283
278325822
277944445
277936705
276683196
276149980
276148037
275854993
275249087
275084397
275071267
274172173
273667810
272111815
271997746
270756164
270755672
270512808
270058344
268391403
253235363
252874862
201291865
199839965
198572094
192360463
190094912
189642780
186703133
186201745
186157329
185888197
178217114
177207789
169216787
146286897
130771577
87216701
76837845
44858582
279085247
278327983
278003484
277352702
277030750
276967993
276147816
275855264
275379224
275036257
274171380
273467932
273385362
272881830
272303549
272083741
271528944
262907879
262758563
262758557
255407023
253237676
253235089
225953905
225953899
225953891
215185958
213969317
208907109
207296586
206205086
200759332
186582931
185882315
185410045
172905882
138317759
134736799
53805783
53716212
279291251
278328010
278327242
278327205
275539084
275396873
275321405
275275398
273699895
273561089
273258422
272982205
272480205
272431277
272428783
272375105
272228280
271435677
271398313
263277334
262758561
261973998
261799681
253093789
252569541
225953917
216285757
215122901
214101483
212561838
207515291
207397502
206205068
196389367
186884321
181153132
170324877
137259351
72750579
6714893
278749608
278602988
278156640
277877093
277873945
277402607
277389196
277389172
276920275
276775819
276745465
275855357
275170457
275061536
275060441
274289117
273473525
272583973
272322104
271585629
271579140
270791515
270058335
263029304
262725544
253235048
247319498
227677512
225953919
225953895
225953889
221808888
215746204
215092468
207368052
200032095
198577437
181675017
82386386
79377596
279202310
278001661
277941073
276289815
275614232
275481980
275001143
272564848
272465296
272245365
270058327
262758559
253275476
250339440
248789030
248268082
215110820
214111871
214089949
210513700
206205110
204068853
203280614
201106827
199042696
198928478
196562337
193136164
192020150
190252181
189468766
186369212
184217867
181170569
180720693
179970116
177977170
164836851
143144179
67273383
279291324
278739506
278643363
278210001
277588095
276618566
276493205
276463185
276290498
275170545
273696783
273620487
273412959
273363308
272358889
272294983
270759778
270746579
270614790
262053185
257868739
253235378
253129540
252866232
251924907
242430712
242075168
225953885
214000441
212558516
207193398
198520407
198215147
189476103
186209398
181267929
174493864
169377711
137432900
66631567
279272633
279085512
278807574
278325518
277775521
277389176
277347315
277030794
276953614
276743101
276060172
274140971
274033163
274019055
273523476
271456161
271121912
271072462
270807465
270702616
270184799
269898092
263073291
257859785
254188222
254188129
253713153
249952930
213969430
213912408
213842933
212556401
202961762
200721857
186879712
143144351
113494067
105157493
102764012
57898782
279266988
278865543
277338630
276554113
263277336
225175194
214593837
193512221
71064925