279235520
279235512
279235497
279206332
279189882
279134324
279093669
279076709
279023139
278994845
278994843
278994841
278637371
278584866
278521765
278477240
278192561
278109183
277992581
277992338
277963698
277923449
277880477
277845573
277722357
276960030
276931147
276922095
276912448
276833105
276353069
276280435
276231571
275946537
275611112
275274573
275274554
274989283
272051602
171556602
279122007
279083137
278864798
278707633
278690794
278688100
278491922
278227001
278114468
278114463
278074051
278034996
277992663
277599512
276933077
276900134
276860809
276797698
276713396
276688545
276377317
276353077
276317967
276287844
276231597
276080579
275923492
275278639
274957971
274835182
273641805
273446108
273326864
270233579
247292621
217268913
208907124
160591635
133630447
601400
279134459
279112156
278997895
278971275
278873791
278756731
278682006
278682004
278668664
278529329
278114466
278061137
277837155
277774743
277657447
277600283
277559549
277520853
277501944
277370266
277327222
277164033
276949979
276749926
276640812
276640810
276435200
276275019
276231594
276051682
275698431
275611109
275481988
275140691
273120246
273028673
272284934
271380447
246164279
208917502
279131776
279074125
279070671
279064116
279054634
278962808
278937437
278864791
278833174
278673521
278638978
278491337
278490656
278278691
278242775
278227680
278111809
278090642
278036490
277946311
277858913
277604958
277416060
277312580
276921538
276823351
276734647
276565304
276514442
276480644
276353086
276234768
275577441
275143431
273705837
273668925
273326882
272077539
208907005
601170
279072941
279064917
278524097
278515948
278431121
278292332
278238278
278130369
278101614
277540151
277527068
277395891
277388654
276953243
276860811
276833102
276725486
276646067
276618160
276610989
276525606
276494686
276286340
276006782
276004768
275578321
275107225
275006086
274754874
273960767
273912007
273708845
273705835
273664419
271450744
271142932
270717817
253630328
253183513
33545363
279131247
279057984
279016568
278996614
278776678
278620867
278610347
278439949
278192696
278159890
277980279
277946303
277837124
277486789
277464033
277459882
277408862
277271958
276649992
276555860
276424005
276399089
276333506
276021441
275740379
274956175
274949983
274838363
274727264
273694634
273241077
271660518
271477535
270120684
252592891
248591349
215732917
167685118
158773305
77221025
279122802
279085491
279054616
278952171
278682007
278650244
278644031
278469864
278244351
278015347
277938314
277743923
277605042
277474779
277465741
277388778
277380768
277031675
276953240
276746994
276660900
276493477
276329290
276021437
275842003
275586546
275278633
275274555
275217296
274867687
273880685
273292436
273171871
270744992
255299309
254080491
253151894
191808121
181438089
84872563
279289902
279258841
278473873
277770596
277563426
277527593
276394758
275592832
275133917
274998151
274811870
274595683
274593279
274029553
273946446
273901557
273868366
273836849
273669134
273581748
272438596
271075128
270771604
270245306
263030547
262056410
259512527
255349507
253218897
252868525
249775149
243082394
209379050
208682454
205708292
203320097
150033870
140579190
33360196
32975721
279235653
278639353
278615391
278522398
278295117
278110734
278059322
278035337
277460943
277351124
276754658
276688037
276353065
276314415
275592120
274639887
274194899
273399516
273283235
273238794
272390975
270744043
255299234
254086471
253556136
253385427
253229673
253229669
250068056
229714158
206852482
202726163
201594194
161863326
117694264
76527177
33545083
33370624
33343231
279259103
279259098
279235507
279134644
278880328
278859975
278776653
278722616
278534146
278194309
278095393
277873799
277873789
277873766
277511825
277482497
277460559
277460543
277459865
277415998
276508672
276461566
276091390
275583431
275583229
275568181
275093520
273691271
272938911
270138494
262972926
259513009
249950204
209610538
209349536
208643617
203016382
202239496
190527685
140221938
278757415
278466217
278111746
277738608
276861800
276648830
276504274
276290867
275603304
275514715
275359398
274028489
274016811
273725335
273662866
273331559
272581971
271615526
271580071
270799003
270245144
253563298
253095940
217510846
217452753
209165777
205702351
203231513
190320418
189474539
189468734
181783094
181783005
177886739
167615193
167614011
107466871
77220792
56307703
54158337
279277297
278856306
278856281
278682132
278013999
277979841
277459914
277416097
276931849
276640806
276605839
276601650
276585126
276021744
276017873
275070489
274682110
274599458
274599316
274592695
274047703
273977855
273472884
273282109
273238872
271793517
270771512
263639542
262056404
253630359
253281777
252763708
208906989
206560634
205810331
183346164
174008853
172374577
167613770
108231096
279262169
279258189
278812215
278109056
278109007
278000304
277873805
277873793
277870361
277869173
277771521
277486781
277484078
277417046
277416080
276933983
276922153
276590153
276531501
276525070
276496933
276003311
275847989
275583203
274601368
274598297
273418491
272308465
250230146
229749767
208907119
208906568
208252846
205747849
204065633
202854809
202154615
177145334
154176965
119063716
279190485
279018287
278756668
278603756
278524232
278296010
277912245
277425585
276231440
275531629
274954461
274586320
273787207
273714749
273699426
273654137
273358542
272284920
272058893
270743883
270711673
270138579
270129183
263030741
262056423
262056402
254089559
253382948
252854247
251207033
230003542
217123546
206126015
184466020
171653453
117315630
68075909
66751584
32954907
278668548
278089708
277915149
277738576
277558332
277407154
276258687
276021700
274965968
274858969
274592901
273648689
272382796
272236353
272112957
270790227
270745336
270726888
270126616
255368800
253631502
253382101
253052066
252766536
252764933
252585687
252299387
243083971
212961370
208917544
205810067
205695878
191004826
181774567
165038805
160691641
138143182
36153348
30886354
21483976
279307704
279259095
279258203
279235503
279049544
278610276
278490658
278090468
277857304
277812981
277540236
277520848
277388721
277370234
276660986
276586334
276353067
276229647
276132457
276004518
275948241
275919954
275587199
275469376
274867667
274612453
274599209
272571122
272124497
270708173
270508224
262808838
208917608
206377099
191217800
58907167
54985561
278227176