278761361
275703757
273238519
271163101
263256541
247240251
229731933
181562813
181473090
138422825
123447208
116406087
101995188
95218453
91552802
67199937
47801556
38108638
36340107
35444705
23433244
23382544
22725674
15249070
14997093
13624074
10579831
7270519
7229789
6073673
2619493
1938699
1056758
573699
563397
529684
425939
367793
367792
363077
279131955
278865970
278865944
278014965
273773791
270472473
270118420
253232052
253230426
252098347
247814574
247814563
247814559
247590571
247590479
247240261
247060725
246856169
222660829
222660745
207192229
206376847
193050655
186442830
78289019
49564282
48983088
43739823
42659451
37942067
29358258
15491021
14875707
10784308
6593365
6074775
2782219
2002411
367791
279112454
278761327
273773785
270123353
252063393
249000776
248774522
248773810
248086032
247814580
247240267
246856193
202258749
193922568
192755507
186393430
170870071
146271358
114945602
102141100
99855058
88191428
77231453
67611676
50226765
37943406
37942777
37156721
36338952
34937209
34463532
22442897
22169400
19762981
19689034
15186800
7521427
7337965
3793939
1938701
278866016
278760826
278760602
275300376
270716079
259795446
255605639
253229793
252892449
250071650
247814587
247814565
247240255
247060696
247060684
247060680
244169030
222714916
207192227
196524307
196382192
193050681
192774924
186293456
181772121
177924864
173751824
120183863
73516878
55650617
51990652
51242092
51240603
46626777
38576163
38121237
37128538
19884545
16256345
7367033
279245901
278866014
278865982
278860337
278714882
278714592
278713786
216462274
213681662
197687505
193050657
188896279
184218367
146272587
124893177
120183505
107630568
107627273
73162453
58437178
54746312
53390525
45370392
34928912
21439792
14997091