279230325
279193583
279165468
279165464
279163509
279163491
279154157
279149136
279106469
279056034
279005283
278998890
278997105
278997057
278997047
278785247
278763936
278485959
277464044
277135757
277045721
276418968
276401013
276401010
276353084
276174669
275571106
275020957
274751567
273869078
273127184
271808190
270822072
270469914
248755023
195299500
181915295
114046586
14655136
13935123
279232424
279193592
279076705
279005290
279005282
278997059
278895074
278804697
278629369
278461592
278461591
278130733
278130391
277963706
277717753
277586000
277568532
277361866
276548473
276244500
275946547
275905144
275789810
275782195
275401834
275357025
274245705
274242100
274242089
274050519
273962514
273952855
273672301
273574443
273038604
253361064
212992699
205290067
70692035
2782211
279230323
279163498
279163496
278570082
278308869
278149445
278024810
277922891
277877370
277816164
277717730
277588448
277522723
277312578
277167647
277135735
276944139
276551208
276252758
276043663
276043641
275946549
275945044
275836655
275571271
275357013
275107228
274918039
274242096
274238666
263697796
225241879
217148632
212562594
184781427
184774171
162205263
63078279
870609
416323
279180564
279149145
279145224
279093668
278839993
278808864
278777022
278636752
278485955
278446120
277807683
277312616
277253394
276840373
276649438
276649431
276649427
276552185
275621591
275551326
275107220
275020971
274826700
274649731
274242098
274123940
273593571
273231359
270435559
260847315
229714485
213704979
212213016
205506466
185242031
172118399
133791825
133786412
70692018
1040972
279267293
279235383
279092611
279004482
278703764
278665012
278446372
278247083
277587081
277438624
276649435
275237519
275157333
274168645
273986559
273962508
273892301
273842943
273672299
272648544
272164272
269952062
265321968
262782341
251335664
249646908
242504271
213698514
205113107
202529345
191914901
185360753
182547819
178240553
178230451
166080223
143144301
3035263
860790
860786
279176559
279152657
279149132
279023113
278939282
278747433
278633579
277996767
277877802
277464026
276547770
276286342
275702539
275481994
275357003
275235705
274999508
274558287
274507593
274314563
274185766
273360790
271959018
269896729
253712409
225241488
217259508
213997931
213675119
207251179
203432892
200710315
191917658
185449411
182479778
179954191
177267289
21162548
10229413
423135
279180570
279180566
279173352
279171796
279132549
278854492
278808117
278764250
278711028
278054806
277963699
277511496
276732865
276556292
275188213
275020965
274507552
274496975
274085880
273921516
273828461
273553376
265322012
263990349
263697808
214930427
209306287
207251160
201933789
201110716
200780120
200710340
190883050
183546607
168662593
76899364
62633902
53777155
894765
894763
279187337
279059188
278812328
278806817
278671424
277930467
277845585
277837858
276856321
276829546
276828167
276649448
276369187
275946567
275921274
275742045
275361634
274468901
274286422
273889733
273623871
273605609
273597815
273583076
272239775
271400131
248755021
242504269
225241928
202771618
202716535
201698690
201348241
196855347
180218230
168493857
127591422
22057984
828613
378452
279181860
279008438
278956500
278804558
278439144
278236149
277969250
277425320
276663663
276589444
276584227
276525187
276384306
276373129
276353068
275676366
275672046
275481921
274813712
274692477
274534735
274274197
272616415
272558695
272111589
271371022
270820505
263980796
252658527
247337388
216213560
214497211
207071969
205926704
205080989
202604458
176672952
53770968
1042922
828609
279131913
278721564
278671458
278632228
278466525
278292500
278128678
278059279
277763154
276900131
276556288
276500568
275235697
274824385
274532601
274317864
273676145
273385533
273354478
273354474
273274775
272424736
272349646
271388204
270478606
270102734
263953349
242075143
235367949
213704987
210230230
197629212
196856044
185816145
181449624
180567001
179689809
177976051
116937566
373482
279124824
277981438
277387305
277375424
276856068
276749970
276555715
274669553
274356367
274355975
273913926
273683969
273476093
272203532
271271097
263692793
263053844
252854098
251552602
251447047
250077302
247956464
217767994
214873561
214505801
207643826
207278783
207278706
207251166
203841035
202529257
202475545
200710322
185466033
117832416
115254445
109862075
109641024
22162313
556179
278814685
278722016
278711134
277870874
276497421
276078019
275671473
275670679
275575487
275071894
274880654
274852515
274527887
274429311
273306442
270315977
262051436
261798710
251980501
242101837
225241911
217125629
215837968
215157186
210524746
207278704
207251181
205944766
205071991
204394219
203065263
201843859
200710338
200710311
197575056
192975174
132303574
127033387
115254456
54784046
279135073
278850784
278814720
278722156
278561642
276608151
275888088
275235675
275179797
275148512
274805650
274654892
274534728
274452572
273891122
272864238
272189488
263065148
259542207
253237465
251460259
247331154
230055061
214992618
214189324
209863820
207251185
203084282
203084142
200849256
200848778
200002515
195960281
190235212
183223754
181447671
176885080
166319868
127033516
48759058
279290145
278454861
278059137
277172644
276847308
276798399
276353066
275670677
275361862
275179340
275167880
275033881
274619320
274540878
274538270
273127582
273027584
272442506
270255969
261832804
253406832
253168683
251980497
249038469
248552893
248549807
248208935
222695904
216462242
206762541
196851822
194398028
191767731
180230056
179157538
176779890
132304320
129138515
129138328
21032148
279302961
279283848
279262188
279054736
278764245
278466531
278245077
278138916
277761547
277031053
276685457
276556398
276524597
276501414
276105978
275627743
275269756
275140688
274818740
274745585
274460423
274459738
274412115
273624043
273283637
270823868
262974897
251345239
251336058
251280022
202059372
201430872
199990390
176902310
54785904
53935506
53777142
7086995
828611
446176
279291412
279282060
279266999
279232422
278977250
278671484
278128260
278097484
277924116
277558501
277444554
277006621
276750988
276618288
276585345
276524632
276139365
275280072
275266902
275085320
274986841
274315187
273899193
271953948
251335936
248542314
247892426
242443910
242101702
235593275
230199795
225933799
214189122
213724166
205696299
200848898
181449622
127033424
127031579
124893040
278371058
277444550
276736144
276643371
275738296
275712179
275508013
274109342
273828693
272198211
271270301
270252895
262895524
254189071
251980499
251552604
251552596
249133272
214505237
214189233
203841352
203084304
200849301
200848729
197575052
195746422
191761738
190061072
189391153
180230731
179159398
176891222
143144255
129138462
127692398
127591580
77665453
38143352
1332643
470066
279281967
278632020
278431851
278295500
277870862
277763609
277256512
276944229
276585381
276583202
276313782
276267858
275688773
275276610
274383663
274287185
274252880
274179212
274024574
274018698
273961036
273624166
273547852
271759843
270104383
251280276
251279776
248977499
247446330
214189118
213870110
208100402
206797959
195970367
182468682
151757124
114597562
113117411
53871206
3737967
279273507
279000003
278610482
277462616
276551489
276529414
276524664
275937340
275034251
274998952
274710786
273348715
272834222
272583514
271368752
271270654
249055695
245765340
242504273
242102049
225242109
217440647
217187518
216933911
214582366
212993224
212218210
209863818
205073649
202529427
201308239
181438482
177154447
143970237
137941259
129138205
127033529
127031569
114946564
113526018
279275544
279273593
279076194
278371035
277955165
277878612
277501987
277496913
277474715
277018105
276895570
276542313
276524528
276496772
275747930
275584534
275161396
274751558
273230901
272786963
260115221
252052780
249056843
248799086
242504277
242504265
242101806
214949377
214875362
211315123
206129305
200940120
195936908
180749974
177186022
151757125
127032466
53770289
1429129
279279417
278957089
278710822
278478248
278306011
278156941
278098292
278059167
278043440
277916172
277571975
277375415
276700485
276555783
276524787
276501890
273348860
273348517
272895670
272480566
272238384
265703987
252853938
251446827
248682760
248682670
225251602
225251245
217771933
216001258
214876251
212557745
212218168
191477707
182708653
182458158
149707216
91847857
72069918
396925
278774406
276406122
275804088
275742188
202330080
53935534