279202271
278714085
278809847
23413038
276653136
278521561
278731398
279182078
278817069
54682252
279005231
21129748
276305454
49649751
36750643
276860814
279005516
278602010
276528015
276409351
53789573
275452244
277744865
278945705
278194123
54609014
277445523
278919727
270850451
278599767
37363738
181122295
278324653
49253288
105375429
279182096
193211309
276077522
279149829
26136047
50074626
279017100
277441918
279268555
276524348
272187684
278216500
1661281
275624223
277463039
278498590
79937406
152705174
133864535
278791943
277821048
277943795
273346851
279202052
278042167
276833100
138269679
277943813
278668613
278612141
278054869
203231264
278894574
275551322
198296811
262731038
3472313
278951369
251885302
279120997
275041144
274384230
274501824
273891587
277858792
279133552
247564805
273835817
276396485
274170856
277317543
279113041
278601974
277317575
274472030
278728948
273114942
216983082
252770230
278711645
6403963
278868827
87108578
73521903
276027007
275956630
278796554
278107212
59293801
279136294
43476283
138269675
69107154
50190868
278295307
31514667
279182088
276860824
274145626
127077153
279086416
277485308
278324882
57300935
171587144
27156837
50361636
275163785
270771893
187157831
38061786
278626687
277943836
262659947
278602011
277922897
275296457
279078325
276167216
14890554
273677079
278796501
186440552
6968113
278728952
276450479
278761609
278603001
279145718
278714082
277978006
200673108
230323410
247845660
192949946
49311389
279086450
278777527
278054276
275770160
6168769
279120469
279160825
277943838
278499647
278966616
278973254
197119849
562660
274034127
277744713
35445135
278524159
278669324
129138324
101870295
275213742
168234722
279189727
273179728
89204270
276428048
279251016
178240500
278967659
279274193
278692044
248807149
410975
263071791
277383423
274501817
213710420
242502458
277555149
76527980
278630819
274526845
74890158
127170155
14892951
274134110
37975917
271626741
278882455
111285052
278833449
736532
279203494
573582
278585966
109135487
184884073
175552134
277976660
274061051
274743537
197745241
138269724
275128808
187846013
113117547
57905703
249663536
278425127
73923124
270494644
274497153
279005523
105375445
278853327
278053674
274239935
160814594
275611594
55238052
277943894
276036178
276926517
273961034
273636827
176902941
276290599
274024206
277977422
276414124
170870724
54609018
274019016
174558132
276640791
203847065
88917475
271005405
202529331
367615
203840949
247792771
204302058
274614525
273891397
275596686
277716982
270794743
883438
273406079
225380484
276276222
206145363
196683909
276754400
162399364
262731035
262731033
278635413
174321411
50743569
192949765
278136472
278685530
278697886
213886956
187194277
442740
278529661
277214569
261003158
277943845
115773023
252012237
279084644
127031805
198747534
202961613
548293
273789489
66067657
276887129
271578961
247566126
278425189
183313760
274532551
180591153
38061318
32743708
253323995
278073664
276487828
194493672
278437776
208634815
186670426
221516868
273896439
159696153
274544353
279083373
274284960
274532463
98686182
278451309
133823648
36313840
276117560
275787091
278833464
159785708
50581618
273129192
273121251
600384
102412528
164077916
197687383
276458463
276545304
278585026
271372138
279269424
249569916
213676649
192783666
230316956
278053664
275928719
279258628
186455009
242443929
230316968
214932889
186578233
56336299
214775112
278092911
278529665
279257320
54929742
15180927
279112957
201308330
278836317
275240466
248897971
278577435
278278693
276077528
276555854
278833605
10189330
269894947
72092779
278833479
56207377
54924762
187852607
390192
278830701
274711637
390193
192949900
278595345
279103623
19349142
278866228
274459134
186670223
161945392
276471620
278095862
176845410
263588449
146250257
178263291
74883261
248805965
273197807
275679005
106996496
277488666
204302054
51518590
98599016
38061458
273980035
274724602
208097099
146223877
202529678
208226947
278796540
273946432
1065088
279001760
273712355
277441513
202961571
2438587
146223814
50419187
275362331
276295569
252073275
275821917
278691510
192950921
147651063
274704007
247892478
178460957
189468623
115254487
242501046
276427480
109295429
275620487
55240778
278303822
177339204
271433586
120183284
274998161
273287918
276623864
185449519
274918108
133864414
276928169
178212421
225386017
159384918
193921022
127031752
202508629
10189314
50743565
276659984
275085971
174558260
171586374
171586019
3317201
171586324
427528
4146829
206087328
278043478
263560621
276117675
172477089
202604502
275359743
274932752
274574361
275821890
204429543
272376571
278366540
273452677
271316722
216296808
271073140
207641119
258844294
56982072
79483244
276147463
217500624
278718486
273170072
21673716
278862381
278633821
276500562
276957470
141002538
273816981
198740639
263493504
276041589
68832576
278833473
276608338
79117397
277839284
127031576
192680200
214930452
172475793
115254353
217125590
271040989
272251857
116120080
275739198
128711699
169271148
270102128
275956659
276323659
277812869
277780783
188255434
102108214
276075869
249569917
77059007
201115003
109861900
278136495
275018165
278130089
427063
46332503
54008180
278637610
277484536
247931379
276120835
278635023
247567459
146226380
278285417
276134417
54892990
270858228
247892505
247892503
215727569
127033489
127033486
230316511
213676563
210524112
216462130
118419955
242501044
120183769
278639359
202604318
279113061
276551956
278007482
276191422
204815432
272911085
214592604
273726265
277782668
190109966
242101960
217125641
279258632
274909742
277341951
278591398
178519584
179994291
247778842
278024920
275672634
274540351
242502344
225212260
272439288
49786831
277504872
258646489
274679146
247779031
274574293
267340319
197647343
216462175
270494642
180218590
147415596
275085361
274186185
276455624
208126944
274711627
242101904
127032085
275825557
203846048
275679074
242102051
46240608
76187991
96366394
278728839
274781761
249658402
278602996
277463474
276833041
279282777
276933954
277972530
277569859
276098485
41197399
249535109
203945307
277488898
162399356
276623803
179584500
279136288
278442715
276820987
276661161
278098294
278604024
277504861
278456306
276856042
248915722
179584521
50419677
275714277
273897016
274635691
262681403
109109559
274194468
248896768
37956995
221516924
221516921
278214181
49786838
146225003
182993439
143780246
278041177
108956753
54623320
279269848
278713946
55998428
279273184
278696450
278967690
278616886
194568658
278054311
276066997
279251028
278278579
275583538
276710308
54897358
247892327
252812077
177747098
182106050
230316480
241026242
215727567
276182963
202604468
242501048
263596013
216213345
278526523
276687777
208226462
92600887
276687773
273585606
247842305
276178834
74890061
276180193
273912424
278208558
106349669
213997359
274679142
214189338
278226288
116904752
276496643
274960282
184918836
276525929
225212258
274987240
132304041
275620701
275406032
272134388
258571125
258848121
117315721
53935823
186434166
277341914
274567779
242443837
278937712
276491798
198448359
7164625
172475886
273913816
270494640
275303009
275024152
276368176
279268141
278095663
206641268
125446545
172475726
68585569
275236095
278039835
46240916
279277071
182603741
279282598
36744080
77774623
174321452
277620516
277488769
279269036
93374915
278650242
253620326
278732927
191767655
193897836
273725878
277499094
171586422
276755931
225210826
170870041
248343312
57702249
4605909
186752727
278856269
274893395
278510677
275066525
273553138
127692116
195665835
249268736
57965540
273691650
276624985
127591167
279268883
96392036
50883575
142628175
276581107
278635058
278246021
278796023
276732867
278226284
273291831
201843110
279301373
278226341
279019392
201385608
186434582
274419954
127032164
201613904
230316962
276931642
278965565
203154806
202529534
274729491
111498891
242501042
276602275
275210769
278704682
275739186
205018789
186369444
276437560
270119355
132302633
202333807
155419902
247930780
242502462
225212262
272267682
215739392
242101951
127032946
277607443
276021427
273687512
68663115
278976729
276017780
74890099
276808534
276808536
278575934
277839288
225386008
203422513
273027109
178056214
275057082
242443789
194085910
273500646
96027375
120183195
206204989
159785907
207933225
273913812
51618100
201055494
273697985
273245406
271828223
274986882
273943824
278796536
277463913
277361094
277488748
249487430
274560069
276624987
247786117
127692304
195665795
279279875
90240738
1332615
276617220
274569623
57300933
253129521
277184409
277776312
278054818
276799150
43476281
185449475
23432954
171580762
197337508
278138930
216987695
273786112
205506371
278092931
213886830
277214330
276756367
277347366
276629256
276566283
277488533
274989223
68832578
278639013
182993120
276724283
127591400
33629705
1332613
110595946
37966470
247933385
248897979
43907452
250020158
274512325
275084845
276724389
279192862
276455588
3794225
278246017
279298869