278898039
278710198
278587964
278314577
276056102
273675242
273587898
270253609
270210445
267340226
252677353
247936768
197544424
185006179
172175809
153518805
135754578
110850689
74935664
74935641
68982975
66129504
56727591
56727585
50685633
29290744
26517377
25130526
25130522
17944710
17944708
17493918
17493916
12205618
7203977
829139
829135
715490
437588
417721
278944161
278588255
278477534
278449739
278448780
278431540
278315115
277808542
277607312
276965287
276435132
276423453
276414818
276414801
276067799
275658428
275568706
275542055
272864395
271303438
242076161
206205112
205506501
204416989
201592107
201243603
201243418
200010688
156199599
105910858
92533426
75696172
27732265
3953703
829133
602854
560616
532980
438778
438718
279310112
278314484
277506964
276882987
276414803
276414543
276414539
275657944
275542052
275273389
272830117
272161214
272058907
271472992
270712549
263802561
229804029
201244061
201210006
201209989
197841181
193212473
193115611
193007686
189534012
146274033
142832060
73240398
62344080
29290768
29284648
11253056
1728025
829137
563196
563178
548518
507176
506858
437585
279311690
279274199
278866588
278541324
278527011
278431549
278197322
276969864
276414545
276239025
275655785
275655698
275542050
275517851
275012709
271995286
271585675
270766161
270478703
270116444
263560867
262792248
253071187
247219489
205807521
203945195
201244281
201243415
185657766
132033544
101905126
92007484
92007482
58329544
48871637
16445504
16442088
11193211
6361605
3308337
276898862
275517834
273406117
263084923
247238741
213861826
212314865
199639237
124250343
102488834
92007486
1750805