278713653
278713600
278136458
278136393
278136387
277936291
277775893
275863873
275863854
275863851
275783272
273645543
273443687
273085394
272557039
272360325
272113054
252577244
252040834
247862417
225268149
225266824
217123702
188658096
185439542
181774532
158868221
149130393
137238063
114945752
76688189
73252040
72001045
57772694
56814270
50692176
14996281
10576588
816746
435718
278136491
278136397
277865104
277838103
275358538
273220002
270747334
262045862
262037865
253573522
248052784
229780846
180343534
160392805
111581980
50431051
24998542
24862862
14352040
10576700