279250799
278714018
278029748
278029707
277836633
276384329
275550088
274916935
274362672
274069251
272352409
253349957
253211651
202046004
201296282
193222750
180585693
177142552
138183873
79104657
69624546
67060010
53826377
34590948
22532958
20482118
11717094
11470679
11470640
11311429
8009526
7964040
7599412
1635863
1443167
545068
492343
456169
398522
392532
276450454
274105054
272338816
271451263
271141514
271087669
253349953
253309458
253211662
225961793
216986280
216986264
216213474
208432623
203844858
193227854
193225762
193223871
193223208
191911708
180585273
174823136
173755601
146270555
124887637
115254308
55833101
53805871
41125773
34746255
34588491
34583393
19841774
12054033
10854958
10566295
10202529
6098069
6073803
4441015
279269844
278761203
278703222
276491338
274379554
273817360
273646254
273640133
270116197
255317153
253349990
253349986
253309347
253309336
253211999
253211647
250073843
242077766
225961805
225961785
212561841
205128708
202153088
201874769
201801393
195671005
179775456
177270323
146271903
120183422
105375439
36650041
34731729
32192521
28939706
26242852
24068419
14875804
10857181
8010143
275597228
275597208
271336698
270767588
270744967
253349992
253282182
253212018
253211993
225961801
225961789
225961783
216213388
193222437
193050641
178593399
178311430
177975939
177272495
167615487
167614727
139979522
124887591
117315766
115254480
92551673
91852551
91852499
90514020
51472803
51248812
51244212
41116371
41115722
38494038
34741236
23511482
14057994
10122143
6077187
278906802
278136428
274168519
273719450
273642116
273572988
273572106
272844515
272452429
253349988
253309449
253309342
253211995
225961803
225961779
221701872
202460182
201874750
200999189
197623271
194110680
178602282
177976119
173755915
173755729
135419784
117315831
117202648
115254258
102140050
72711854
50440386
34723543
34584985
16262769
14875229
12511855
11728066
9957201
1689679
279242471
278906918
278136432
274912891
274910735
274910687
273532679
253309443
253284910
242077761
225961787
216986321
212560966
205601878
203846803
201892040
201798935
197587804
193213535
184410008
172318949
146271433
130770660
117315708
117202664
107653574
91852564
68553703
53805571
41071270
34593164
34581384
34579577
14962394
14875688
11586332
11458158
11285177
10684924
7365195
279217773
278907156
278136507
276857154
275543991
272165534
271199997
270993089
216986282
205416985
167615279
167615088
132303169
117315741
73742829
71020023
71019549
41065322
23512738
12220313
5001943